/*--------------------------------*- C++ -*----------------------------------*\
| =========                 |                                                 |
| \\      /  F ield         | OpenFOAM: The Open Source CFD Toolbox           |
|  \\    /   O peration     | Version:  4.1                                   |
|   \\  /    A nd           | Web:      www.OpenFOAM.org                      |
|    \\/     M anipulation  |                                                 |
\*---------------------------------------------------------------------------*/
FoamFile
{
    version     2.0;
    format      ascii;
    class       volVectorField;
    location    "29";
    object      U;
}
// * * * * * * * * * * * * * * * * * * * * * * * * * * * * * * * * * * * * * //

dimensions      [0 1 -1 0 0 0 0];

internalField   nonuniform List<vector> 
1280
(
(-8.87666e-11 1.12295e+08 -1.75817e+06)
(1.29748e-09 9.58451e+07 1.16459e+07)
(-6.42595e-09 6.45515e+07 7.63145e+06)
(-4.06237e-09 6.72248e+07 4.35422e+06)
(-3.60408e-09 8.909e+07 1.30115e+07)
(-2.86025e-09 5.95065e+07 6.4815e+06)
(3.21711e-09 6.63324e+07 4.38337e+06)
(-2.37873e-08 5.94272e+07 4.41755e+06)
(5.70048e-08 7.94628e+07 649816)
(6.0921e-08 6.07869e+07 -401811)
(6.13214e-08 6.00186e+07 636697)
(-1.64411e-07 8.18606e+07 286788)
(-1.27301e-07 6.15363e+07 -94896.5)
(-9.15516e-08 6.07879e+07 9354.81)
(-3.17799e-07 8.31583e+07 3.5839e+06)
(-1.96808e-07 6.22673e+07 2.08917e+06)
(-1.42075e-07 6.08018e+07 530117)
(-1.4271e-07 8.76043e+07 8.86279e+06)
(-7.14694e-08 5.77073e+07 4.2877e+06)
(-7.75361e-08 6.97976e+07 5.98602e+06)
(7.62604e-09 6.31669e+07 -2.4827e+06)
(3.4847e-08 6.14914e+07 -3.58962e+06)
(-2.40748e-09 6.25102e+07 -2.74795e+06)
(-2.98802e-08 6.07788e+07 -1.5059e+06)
(-3.85752e-08 6.17786e+07 504379)
(-3.54322e-08 5.60312e+07 1.6228e+06)
(-3.21077e-08 1.08188e+08 1.14435e+07)
(-2.2706e-08 6.12274e+07 5.95995e+06)
(-1.76614e-08 5.91712e+07 2.50168e+06)
(-1.31185e-08 6.01868e+07 -120478)
(-9.27145e-09 5.98728e+07 -1.24671e+06)
(-6.13377e-09 5.96727e+07 -1.38493e+06)
(-3.61956e-09 5.98566e+07 -786724)
(3.51443e-10 6.00378e+07 377126)
(6.30974e-09 6.0407e+07 1.92284e+06)
(1.46708e-08 6.05227e+07 3.81338e+06)
(2.10422e-08 6.13955e+07 5.85701e+06)
(3.25594e-08 6.07529e+07 8.43094e+06)
(3.53003e-08 6.35212e+07 1.04625e+07)
(1.37903e-07 5.94852e+07 1.54935e+07)
(1.0721e-10 1.38802e+08 -9.51044e+06)
(-4.17818e-08 7.45748e+07 -7.51482e+06)
(-2.63186e-08 7.70952e+07 -6.32053e+06)
(-5.83318e-08 7.2268e+07 -2.34678e+06)
(-2.59154e-07 1.1495e+08 -1.96757e+07)
(-1.59074e-07 8.3883e+07 -1.34875e+07)
(-1.16342e-07 9.62244e+07 -1.02815e+07)
(-6.37242e-08 8.65088e+07 -4.50662e+06)
(-3.37441e-07 1.27808e+08 -1.68792e+07)
(8.23449e-08 1.02322e+08 -9.88143e+06)
(3.72788e-07 1.00186e+08 -5.7291e+06)
(3.61086e-07 1.54308e+08 -1.45204e+07)
(1.85423e-07 1.10506e+08 -9.90559e+06)
(1.35433e-07 1.26137e+08 -8.44253e+06)
(9.22984e-08 1.12466e+08 -3.99783e+06)
(9.85441e-08 1.72471e+08 -9.96814e+06)
(-6.74204e-09 1.23972e+08 -5.9371e+06)
(-9.31426e-09 1.42511e+08 -3.16525e+06)
(5.69232e-09 1.22381e+08 -59150.5)
(-1.96695e-07 2.16254e+08 3.92064e+06)
(-1.39779e-07 1.43829e+08 -2.29178e+07)
(-1.18352e-07 1.37164e+08 -2.52331e+07)
(-9.6651e-08 1.38417e+08 -2.1935e+07)
(-7.43498e-08 1.37311e+08 -1.78609e+07)
(-5.66177e-08 1.3565e+08 -1.39035e+07)
(-4.26564e-08 1.34552e+08 -9.92841e+06)
(-3.24686e-08 1.33502e+08 -5.84732e+06)
(-2.57647e-08 1.32648e+08 -1.62121e+06)
(-2.01856e-08 1.31538e+08 2.68065e+06)
(-1.79576e-08 1.31355e+08 7.24606e+06)
(-1.93616e-08 1.29134e+08 1.17799e+07)
(-2.16392e-08 1.32008e+08 1.65573e+07)
(-2.27339e-08 1.22247e+08 2.18326e+07)
(1.26169e-08 2.68315e+08 -2.24913e+07)
(-2.95118e-08 1.66006e+08 2.51075e+06)
(-2.49338e-08 1.66515e+08 548107)
(-3.43985e-08 1.7248e+08 -187662)
(-3.56472e-08 1.72661e+08 2.62044e+06)
(-1.38244e-07 1.78675e+08 4.79198e+06)
(-1.83133e-07 1.71379e+08 1.7708e+07)
(5.20146e-08 2.28512e+08 -1.10968e+07)
(7.74006e-08 1.60413e+08 -4.15142e+06)
(6.84655e-08 2.59414e+08 -1.02726e+08)
(2.70908e-08 2.3053e+08 -6.83948e+07)
(5.08797e-08 2.33585e+08 -3.82988e+07)
(-3.33013e-07 3.42587e+08 -1.08644e+08)
(-2.83714e-07 3.00081e+08 -6.74818e+07)
(-2.64293e-07 2.95384e+08 -3.63373e+07)
(-4.6714e-07 4.52039e+08 -1.48714e+08)
(-2.60462e-07 3.7316e+08 -1.02717e+08)
(-8.72566e-08 3.80098e+08 -5.51018e+07)
(-6.31476e-07 6.09976e+08 -2.70186e+08)
(-6.03267e-07 5.30069e+08 -2.06095e+08)
(-4.68273e-07 6.77253e+08 -4.84148e+07)
(-2.57847e-07 4.89572e+08 -5.53174e+08)
(-1.15321e-06 9.73824e+08 5.61404e+09)
(-1.97392e-06 -1.10982e+09 1.09928e+10)
(-2.37194e-06 -1.9027e+09 1.32117e+10)
(1.87304e-06 -3.67123e+09 -9.94946e+09)
(1.62904e-05 -9.67764e+09 -9.03731e+10)
(-9.74193e-09 8.14699e+07 9.34597e+07)
(-5.21136e-09 2.51485e+07 3.37855e+07)
(-9.32345e-09 5.38619e+07 7.26734e+07)
(-1.15825e-08 5.63206e+07 8.39338e+07)
(-1.56246e-08 7.01541e+07 1.09202e+08)
(-2.07191e-08 8.43661e+07 1.37797e+08)
(-2.76651e-08 1.02577e+08 1.75679e+08)
(-3.70204e-08 1.24737e+08 2.24107e+08)
(-4.97614e-08 1.52234e+08 2.86835e+08)
(-6.71751e-08 1.86802e+08 3.68035e+08)
(-9.10422e-08 2.31688e+08 4.73335e+08)
(-1.23878e-07 2.92902e+08 6.10667e+08)
(-1.69614e-07 3.81912e+08 7.93455e+08)
(-2.3475e-07 5.19475e+08 1.04521e+09)
(-3.27804e-07 7.25977e+08 1.39513e+09)
(-4.52729e-07 9.79017e+08 1.84579e+09)
(-5.9464e-07 1.19545e+09 2.29002e+09)
(-6.84763e-07 1.1358e+09 2.50195e+09)
(-4.68393e-07 4.99083e+07 2.25144e+09)
(-1.75252e-09 -3.51816e+07 8.2082e+06)
(-2.06881e-09 -1.01065e+07 1.3902e+07)
(-5.05798e-09 -3.30085e+07 1.78755e+07)
(-6.24652e-09 -3.56562e+07 1.99863e+07)
(-8.71638e-09 -4.35161e+07 2.93801e+07)
(-1.19043e-08 -5.30134e+07 3.95514e+07)
(-1.63819e-08 -6.45932e+07 5.33926e+07)
(-2.25212e-08 -7.88089e+07 7.10341e+07)
(-3.09568e-08 -9.61694e+07 9.39124e+07)
(-4.25366e-08 -1.17744e+08 1.25036e+08)
(-5.84201e-08 -1.46188e+08 1.7086e+08)
(-7.97854e-08 -1.87853e+08 2.42047e+08)
(-1.06411e-07 -2.56166e+08 3.50279e+08)
(-1.33324e-07 -3.7314e+08 4.88617e+08)
(-1.47651e-07 -5.54586e+08 5.95494e+08)
(-1.36697e-07 -7.29516e+08 6.09615e+08)
(-1.31943e-07 -5.89753e+08 6.86489e+08)
(-2.7739e-07 3.94099e+08 1.28706e+09)
(-6.6978e-07 1.73191e+09 3.17009e+09)
(-5.86259e-11 -1.25681e+07 -5.09467e+06)
(-1.08751e-09 1.16973e+07 8.55566e+06)
(-2.68892e-09 4.72699e+06 1.05793e+07)
(-3.47198e-09 6.3176e+06 1.28e+07)
(-4.93177e-09 3.91533e+06 1.66813e+07)
(-6.83594e-09 5.44908e+06 2.17634e+07)
(-9.53539e-09 5.23849e+06 2.81639e+07)
(-1.32645e-08 4.94816e+06 3.64198e+07)
(-1.84474e-08 3.00519e+06 4.73553e+07)
(-2.56239e-08 -1.98522e+06 6.26279e+07)
(-3.53439e-08 -1.15711e+07 8.46437e+07)
(-4.75989e-08 -2.46213e+07 1.1486e+08)
(-6.055e-08 -3.3019e+07 1.49327e+08)
(-6.88497e-08 -1.51192e+07 1.65293e+08)
(-6.33558e-08 6.11888e+07 1.10434e+08)
(-3.51911e-08 1.74297e+08 -6.81081e+07)
(-1.05043e-08 6.61984e+07 -2.37779e+08)
(-1.08523e-08 -1.36529e+08 -5.63982e+08)
(1.26718e-07 -1.19934e+08 -8.5314e+08)
(2.66952e-10 -3.36557e+06 -2.93259e+06)
(-5.20701e-10 -3.7076e+06 794947)
(-1.52988e-09 -2.94422e+06 8.42816e+06)
(-2.0401e-09 -4.27818e+06 9.18463e+06)
(-2.91703e-09 -5.86608e+06 1.1478e+07)
(-4.08583e-09 -7.73732e+06 1.38792e+07)
(-5.74333e-09 -1.02001e+07 1.71726e+07)
(-8.05124e-09 -1.35066e+07 2.12491e+07)
(-1.12835e-08 -1.83138e+07 2.65645e+07)
(-1.57684e-08 -2.57366e+07 3.30983e+07)
(-2.17814e-08 -3.71388e+07 4.00749e+07)
(-2.917e-08 -5.20195e+07 4.34765e+07)
(-3.63845e-08 -6.24567e+07 3.47819e+07)
(-3.81811e-08 -4.43766e+07 -2.8007e+06)
(-2.83311e-08 1.79553e+07 -1.21034e+08)
(-1.52482e-08 3.90052e+07 -2.03123e+08)
(-7.29755e-09 4.19373e+07 -3.11946e+08)
(-1.9581e-10 3.06058e+08 -3.56136e+08)
(2.68546e-09 6.77632e+08 -2.52491e+08)
(2.79975e-10 -5.99016e+06 1.64121e+06)
(-3.78539e-10 -3.55277e+06 616385)
(-9.19733e-10 -5.30551e+06 5.85929e+06)
(-1.24827e-09 -6.37721e+06 6.00109e+06)
(-1.78986e-09 -8.996e+06 7.42148e+06)
(-2.52591e-09 -1.15319e+07 8.20858e+06)
(-3.57074e-09 -1.50092e+07 9.40627e+06)
(-5.03542e-09 -1.95773e+07 1.04974e+07)
(-7.10354e-09 -2.60049e+07 1.15231e+07)
(-1.00076e-08 -3.53289e+07 1.13868e+07)
(-1.39024e-08 -4.83267e+07 7.60776e+06)
(-1.81448e-08 -6.25233e+07 -6.07689e+06)
(-2.12248e-08 -6.93815e+07 -3.4041e+07)
(-1.99473e-08 -4.84425e+07 -8.89665e+07)
(-1.22296e-08 -2.41633e+06 -1.66434e+08)
(-5.14558e-09 4.35071e+07 -1.96973e+08)
(-4.25347e-10 7.63748e+07 -2.70976e+08)
(1.40676e-09 1.53639e+08 -3.30756e+08)
(8.46295e-09 2.73254e+08 -2.60828e+08)
(1.93391e-10 -5.33136e+06 5.58722e+06)
(-2.90635e-10 -4.21294e+06 894223)
(-5.70593e-10 -4.79856e+06 4.46673e+06)
(-7.82692e-10 -5.44357e+06 4.11034e+06)
(-1.12445e-09 -7.63578e+06 4.94547e+06)
(-1.59534e-09 -9.75306e+06 4.75018e+06)
(-2.26538e-09 -1.27249e+07 4.58456e+06)
(-3.22181e-09 -1.66642e+07 3.64785e+06)
(-4.57236e-09 -2.21734e+07 1.58504e+06)
(-6.3321e-09 -2.94814e+07 -3.23008e+06)
(-8.45411e-09 -3.81081e+07 -1.31942e+07)
(-1.04287e-08 -4.51682e+07 -3.44186e+07)
(-1.12498e-08 -4.13465e+07 -6.65021e+07)
(-9.17603e-09 -6.51514e+06 -1.26e+08)
(-5.5793e-09 3.91061e+07 -1.65125e+08)
(-5.10559e-10 6.89043e+07 -1.83984e+08)
(4.1957e-09 9.62486e+07 -2.19647e+08)
(3.50785e-09 2.05708e+08 -2.43324e+08)
(-2.2793e-09 3.74219e+08 -1.96984e+08)
(1.04071e-10 -4.70245e+06 7.78853e+06)
(-2.15097e-10 -4.71123e+06 496920)
(-3.60013e-10 -4.98804e+06 3.6301e+06)
(-4.97909e-10 -5.70662e+06 2.71423e+06)
(-7.1645e-10 -7.53909e+06 3.13334e+06)
(-1.02282e-09 -9.50783e+06 2.24481e+06)
(-1.4762e-09 -1.21954e+07 1.10998e+06)
(-2.06067e-09 -1.55413e+07 -1.34648e+06)
(-2.82255e-09 -1.9756e+07 -5.55552e+06)
(-3.74336e-09 -2.49738e+07 -1.32289e+07)
(-4.70049e-09 -3.00528e+07 -2.64122e+07)
(-5.42765e-09 -3.27123e+07 -4.95154e+07)
(-5.29231e-09 -2.24353e+07 -8.25971e+07)
(-3.86895e-09 8.10511e+06 -1.32942e+08)
(-1.64598e-09 3.84537e+07 -1.55091e+08)
(8.44751e-09 6.94934e+07 -1.66337e+08)
(1.04535e-08 1.05735e+08 -1.86222e+08)
(3.45271e-09 1.80201e+08 -2.03067e+08)
(4.63674e-10 2.88883e+08 -1.37462e+08)
(4.43595e-11 -4.88692e+06 8.38556e+06)
(-1.52439e-10 -4.4673e+06 -134294)
(-2.29478e-10 -5.10154e+06 2.94988e+06)
(-3.19782e-10 -5.84431e+06 1.51246e+06)
(-4.62437e-10 -7.47442e+06 1.61328e+06)
(-6.64049e-10 -9.27294e+06 128564)
(-8.3648e-10 -1.15344e+07 -1.83926e+06)
(-1.20226e-09 -1.4235e+07 -5.4556e+06)
(-1.61266e-09 -1.7489e+07 -1.11719e+07)
(-2.00077e-09 -2.10654e+07 -2.04361e+07)
(-2.45842e-09 -2.35146e+07 -3.53169e+07)
(-2.40507e-09 -2.24617e+07 -5.70676e+07)
(-1.68507e-09 -8.79969e+06 -9.3479e+07)
(-3.47222e-09 1.92667e+07 -1.24402e+08)
(1.35549e-08 4.69991e+07 -1.39641e+08)
(2.71467e-08 7.67692e+07 -1.48913e+08)
(1.45846e-08 1.11483e+08 -1.57281e+08)
(1.69298e-09 1.74958e+08 -1.6107e+08)
(-4.08528e-10 2.7014e+08 -7.73685e+07)
(1.30766e-11 -5.06445e+06 8.09776e+06)
(-1.04478e-10 -4.03029e+06 -727346)
(-1.47411e-10 -4.99027e+06 2.3818e+06)
(-2.07198e-10 -5.65484e+06 492868)
(-2.98419e-10 -7.01841e+06 324492)
(-3.76751e-10 -8.44699e+06 -1.68739e+06)
(-1.16825e-09 -1.01814e+07 -4.33398e+06)
(-9.32394e-10 -1.21458e+07 -8.76761e+06)
(-8.74545e-10 -1.4269e+07 -1.547e+07)
(-1.16691e-09 -1.60522e+07 -2.56319e+07)
(6.57946e-12 -1.611e+07 -4.10361e+07)
(-4.03174e-09 -1.09773e+07 -6.27925e+07)
(7.61693e-09 4.74125e+06 -9.56142e+07)
(-5.49164e-10 2.67528e+07 -1.14963e+08)
(6.08378e-08 5.00463e+07 -1.25723e+08)
(4.59747e-08 7.80218e+07 -1.3239e+08)
(1.09414e-08 1.12117e+08 -1.35475e+08)
(-6.88441e-10 1.59886e+08 -1.33044e+08)
(-1.61201e-09 2.25419e+08 -7.52355e+07)
(-5.10705e-13 -5.11696e+06 7.45584e+06)
(-7.00231e-11 -3.62097e+06 -1.22608e+06)
(-9.52978e-11 -4.8078e+06 1.90345e+06)
(-1.33905e-10 -5.3514e+06 -374892)
(-1.84708e-10 -6.40152e+06 -811214)
(-4.14551e-10 -7.41293e+06 -3.21581e+06)
(4.15586e-09 -8.60712e+06 -6.39603e+06)
(8.08847e-10 -9.76541e+06 -1.13944e+07)
(-4.10055e-10 -1.07196e+07 -1.8751e+07)
(8.16621e-10 -1.07986e+07 -2.95602e+07)
(-1.32354e-08 -8.55414e+06 -4.50449e+07)
(8.25156e-08 -474224 -6.79541e+07)
(5.87824e-08 1.33969e+07 -8.93965e+07)
(7.35187e-09 3.14596e+07 -1.03064e+08)
(1.18249e-07 5.33514e+07 -1.11703e+08)
(3.59951e-08 7.99472e+07 -1.16831e+08)
(1.37419e-09 1.11533e+08 -1.16543e+08)
(-1.28276e-09 1.51816e+08 -1.09254e+08)
(9.33222e-10 2.03963e+08 -6.63384e+07)
(-5.22772e-12 -5.08401e+06 6.71284e+06)
(-4.62804e-11 -3.24276e+06 -1.61623e+06)
(-6.17916e-11 -4.57018e+06 1.48472e+06)
(-8.51799e-11 -4.9388e+06 -1.10693e+06)
(-1.10971e-10 -5.69444e+06 -1.82262e+06)
(-1.43583e-10 -6.27614e+06 -4.47608e+06)
(-2.95956e-09 -6.89056e+06 -8.06842e+06)
(-2.60881e-10 -7.23394e+06 -1.35058e+07)
(-1.28775e-10 -7.01295e+06 -2.13831e+07)
(5.59854e-10 -5.51901e+06 -3.27413e+07)
(-1.31678e-09 -985642 -4.87915e+07)
(-2.15459e-09 7.40467e+06 -6.65515e+07)
(-4.28508e-09 1.90955e+07 -8.0728e+07)
(-9.09601e-10 3.53944e+07 -9.14593e+07)
(-1.30419e-08 5.57454e+07 -9.87694e+07)
(-8.24137e-09 8.04294e+07 -1.02515e+08)
(-1.48105e-09 1.09352e+08 -1.00313e+08)
(7.5728e-12 1.43369e+08 -9.08605e+07)
(6.31858e-09 1.82537e+08 -6.16215e+07)
(-6.15385e-12 -4.97026e+06 5.98079e+06)
(-3.0306e-11 -2.89776e+06 -1.92144e+06)
(-3.97847e-11 -4.25594e+06 1.06179e+06)
(-5.24298e-11 -4.40811e+06 -1.66764e+06)
(-7.30983e-11 -4.9041e+06 -2.67876e+06)
(1.24299e-10 -5.01839e+06 -5.48212e+06)
(-1.99093e-09 -5.01667e+06 -9.42192e+06)
(-1.40502e-09 -4.49255e+06 -1.52326e+07)
(-7.21478e-10 -3.10547e+06 -2.37863e+07)
(-3.07769e-10 -11695.4 -3.52298e+07)
(-1.269e-10 5.21746e+06 -4.8294e+07)
(1.77499e-11 1.26252e+07 -6.02183e+07)
(3.05788e-10 2.34636e+07 -7.12475e+07)
(6.99543e-11 3.87224e+07 -8.05417e+07)
(1.3733e-09 5.77449e+07 -8.66838e+07)
(1.34558e-09 8.06227e+07 -8.93127e+07)
(4.13599e-10 1.06801e+08 -8.56004e+07)
(-7.26332e-12 1.3743e+08 -7.54888e+07)
(1.89065e-09 1.68745e+08 -5.42832e+07)
(-5.75594e-12 -4.7677e+06 5.30257e+06)
(-1.95794e-11 -2.57728e+06 -2.14251e+06)
(-2.53337e-11 -3.91208e+06 630877)
(-3.07693e-11 -3.8052e+06 -2.07361e+06)
(-5.33174e-11 -4.03162e+06 -3.34736e+06)
(1.55866e-10 -3.66955e+06 -6.27339e+06)
(-6.57855e-10 -2.99311e+06 -1.04963e+07)
(-8.35915e-10 -1.58654e+06 -1.69872e+07)
(-5.6242e-10 921733 -2.52245e+07)
(-2.64231e-10 4.43803e+06 -3.42602e+07)
(-8.50399e-11 9.32936e+06 -4.34122e+07)
(-1.59788e-11 1.66735e+07 -5.29665e+07)
(-2.4291e-11 2.72864e+07 -6.23847e+07)
(-2.91542e-12 4.16404e+07 -7.04702e+07)
(-1.45051e-10 5.9284e+07 -7.54388e+07)
(-1.96325e-10 8.02379e+07 -7.71808e+07)
(-8.68345e-11 1.03855e+08 -7.20705e+07)
(1.98874e-11 1.31769e+08 -6.24745e+07)
(-6.64294e-10 1.59294e+08 -4.41305e+07)
(-5.0683e-12 -4.53375e+06 4.68603e+06)
(-1.22557e-11 -2.26485e+06 -2.21925e+06)
(-1.58059e-11 -3.54277e+06 170087)
(-1.70664e-11 -3.17354e+06 -2.34553e+06)
(-3.47665e-11 -3.10821e+06 -3.82532e+06)
(5.21046e-11 -2.23526e+06 -6.86186e+06)
(1.25011e-12 -788609 -1.15381e+07)
(-6.25869e-12 1.39826e+06 -1.75764e+07)
(1.21395e-11 3.9564e+06 -2.36679e+07)
(1.94425e-11 7.45498e+06 -3.03771e+07)
(1.32481e-11 1.26792e+07 -3.79411e+07)
(4.93484e-12 2.02121e+07 -4.61673e+07)
(3.12017e-12 3.05172e+07 -5.42034e+07)
(-1.67105e-14 4.39952e+07 -6.10759e+07)
(1.56031e-11 6.03377e+07 -6.49595e+07)
(2.7661e-11 7.9382e+07 -6.60236e+07)
(1.56129e-11 1.0053e+08 -5.97594e+07)
(1.00952e-11 1.2448e+08 -5.04236e+07)
(-5.11002e-10 1.49287e+08 -1.67846e+07)
(-4.39375e-12 -4.20437e+06 4.09784e+06)
(-7.3333e-12 -1.91628e+06 -2.17872e+06)
(-9.53775e-12 -3.15181e+06 -256204)
(-9.0823e-12 -2.53744e+06 -2.50827e+06)
(-1.68972e-11 -2.11042e+06 -4.08094e+06)
(-5.11097e-12 -711975 -7.46687e+06)
(-1.9477e-12 1.29563e+06 -1.16975e+07)
(-3.29953e-13 3.39951e+06 -1.58566e+07)
(-5.29178e-13 6.09741e+06 -2.06361e+07)
(-1.44257e-12 1.00468e+07 -2.63195e+07)
(-1.54656e-12 1.55988e+07 -3.28191e+07)
(-8.68691e-13 2.319e+07 -3.98256e+07)
(-5.01339e-13 3.32304e+07 -4.65508e+07)
(1.09767e-15 4.59635e+07 -5.22991e+07)
(-1.74384e-12 6.11447e+07 -5.52573e+07)
(-3.88187e-12 7.84202e+07 -5.5841e+07)
(-2.60726e-12 9.725e+07 -4.93337e+07)
(1.15156e-12 1.16573e+08 -4.07987e+07)
(-6.04002e-10 1.34909e+08 -1.00527e+07)
(-3.75138e-12 -4.06742e+06 3.60885e+06)
(-4.13354e-12 -1.60448e+06 -2.13604e+06)
(-5.41097e-12 -2.78217e+06 -614258)
(-4.70468e-12 -1.9733e+06 -2.54414e+06)
(-6.00939e-12 -1.11172e+06 -4.28949e+06)
(-3.32304e-12 839342 -7.4838e+06)
(-9.74193e-13 2.74491e+06 -1.03688e+07)
(-1.09594e-13 5.03841e+06 -1.36503e+07)
(5.12887e-14 8.18949e+06 -1.76706e+07)
(1.29811e-13 1.25164e+07 -2.24923e+07)
(1.77771e-13 1.83597e+07 -2.79471e+07)
(1.31597e-13 2.60841e+07 -3.37858e+07)
(8.23156e-14 3.59773e+07 -3.93114e+07)
(4.98803e-15 4.81409e+07 -4.4025e+07)
(2.04492e-13 6.23828e+07 -4.61884e+07)
(5.43605e-13 7.8154e+07 -4.64475e+07)
(6.13873e-13 9.50119e+07 -4.0008e+07)
(-7.7833e-12 1.1159e+08 -3.28181e+07)
(4.97262e-10 1.25701e+08 -1.05025e+07)
(-3.0965e-12 -3.37638e+06 3.00287e+06)
(-2.17967e-12 -1.13914e+06 -1.91037e+06)
(-2.76806e-12 -2.33591e+06 -831468)
(-2.29468e-12 -1.32131e+06 -2.44131e+06)
(-1.42817e-12 -20369 -4.46294e+06)
(-2.14165e-13 1.85844e+06 -6.50853e+06)
(1.24574e-13 3.80061e+06 -8.72254e+06)
(6.08421e-14 6.32264e+06 -1.14166e+07)
(4.34023e-15 9.68636e+06 -1.47368e+07)
(-1.33694e-14 1.4185e+07 -1.86928e+07)
(-2.1684e-14 2.01023e+07 -2.31382e+07)
(-1.91808e-14 2.7696e+07 -2.78761e+07)
(-1.32677e-14 3.71765e+07 -3.23004e+07)
(-1.76063e-15 4.85199e+07 -3.60663e+07)
(-2.52837e-14 6.15702e+07 -3.75876e+07)
(-7.78953e-14 7.5588e+07 -3.76585e+07)
(-8.19691e-14 9.04028e+07 -3.14619e+07)
(-7.86696e-13 1.04711e+08 -2.60559e+07)
(1.81364e-10 1.16231e+08 -6.19511e+06)
(-2.24471e-12 -4.26675e+06 2.81024e+06)
(-1.11044e-12 -1.11372e+06 -1.96432e+06)
(-1.15728e-12 -2.1712e+06 -1.00778e+06)
(-8.69246e-13 -1.02709e+06 -2.35319e+06)
(-1.52852e-13 589653 -3.97545e+06)
(8.58163e-14 2.27215e+06 -5.43794e+06)
(2.4459e-14 4.16617e+06 -7.18862e+06)
(-7.49842e-15 6.64855e+06 -9.36216e+06)
(-3.99047e-15 9.94645e+06 -1.20429e+07)
(7.82713e-16 1.42873e+07 -1.52316e+07)
(2.7724e-15 1.99039e+07 -1.8801e+07)
(2.81782e-15 2.69903e+07 -2.25946e+07)
(2.11683e-15 3.57079e+07 -2.61058e+07)
(4.20274e-16 4.59475e+07 -2.90896e+07)
(3.29642e-15 5.76307e+07 -3.01721e+07)
(1.1303e-14 6.98363e+07 -3.01445e+07)
(1.60104e-14 8.28895e+07 -2.43713e+07)
(-2.5144e-13 9.48922e+07 -2.02861e+07)
(7.99489e-11 1.06739e+08 1.87203e+06)
(-2.0021e-12 -724700 1.12482e+06)
(-6.18135e-13 -69535.3 -569954)
(-4.44651e-13 -1.2023e+06 -681683)
(-1.87758e-13 184546 -2.22187e+06)
(1.49233e-13 1.60138e+06 -3.59425e+06)
(6.41752e-14 3.50339e+06 -4.59302e+06)
(2.37949e-15 6.12317e+06 -5.90854e+06)
(-1.99053e-15 9.55061e+06 -7.60611e+06)
(8.44967e-18 1.39956e+07 -9.71295e+06)
(5.28907e-18 1.97136e+07 -1.22152e+07)
(-3.32256e-16 2.69579e+07 -1.50019e+07)
(-4.1272e-16 3.58978e+07 -1.79416e+07)
(-3.37567e-16 4.6666e+07 -2.06255e+07)
(-8.7177e-17 5.90235e+07 -2.28598e+07)
(-4.49266e-16 7.28602e+07 -2.35549e+07)
(-1.66352e-15 8.67859e+07 -2.33315e+07)
(-2.70626e-15 1.01374e+08 -1.8299e+07)
(4.68418e-14 1.1189e+08 -1.46038e+07)
(-5.76561e-11 1.23995e+08 1.25977e+07)
(6.89836e-13 -9.16347e+06 5.48271e+06)
(4.71204e-13 -1.43481e+06 -3.02445e+06)
(4.9436e-13 -2.6558e+06 -1.89164e+06)
(5.65715e-13 -1.09459e+06 -3.05469e+06)
(1.7693e-13 2.00355e+06 -2.37417e+06)
(4.21992e-15 4.8398e+06 -2.32426e+06)
(-4.28994e-15 8.09551e+06 -2.81965e+06)
(-2.96243e-16 1.22127e+07 -3.55037e+06)
(5.27884e-17 1.74938e+07 -4.47003e+06)
(7.94284e-18 2.42014e+07 -5.55712e+06)
(3.93646e-17 3.25686e+07 -6.75279e+06)
(5.38309e-17 4.27235e+07 -7.98906e+06)
(4.60976e-17 5.47096e+07 -9.0823e+06)
(1.33691e-17 6.81931e+07 -9.93751e+06)
(5.7833e-17 8.28612e+07 -1.01014e+07)
(2.16247e-16 9.72276e+07 -9.80404e+06)
(6.8269e-16 1.11279e+08 -7.45523e+06)
(-8.7554e-14 1.1942e+08 -5.82063e+06)
(9.6237e-11 1.29061e+08 8.91046e+06)
(3.62587e-07 856201 -2.41371e+07)
(5.08854e-07 -6.62806e+06 -2.91849e+07)
(2.91182e-07 -4.63983e+06 -2.85959e+07)
(1.32629e-07 -1.90374e+06 -2.63861e+07)
(4.53142e-08 23259.3 -2.35867e+07)
(1.4568e-09 1.92801e+06 -2.20263e+07)
(-2.15764e-08 4.82538e+06 -1.42522e+07)
(-3.03975e-08 7.02531e+06 -1.19243e+07)
(-3.31295e-08 8.00696e+06 -9.98093e+06)
(-3.30275e-08 9.22124e+06 -7.43586e+06)
(-3.07718e-08 1.07605e+07 -4.51365e+06)
(-2.69403e-08 1.23669e+07 -1.10242e+06)
(-1.73221e-08 1.42227e+07 2.98888e+06)
(1.02492e-08 1.61603e+07 7.69276e+06)
(5.67387e-08 1.81941e+07 1.28474e+07)
(1.23833e-07 2.00477e+07 1.86398e+07)
(2.01621e-07 2.24626e+07 2.47879e+07)
(3.16442e-07 2.34754e+07 3.2681e+07)
(5.00904e-07 2.94078e+07 3.99006e+07)
(1.12448e-06 2.11124e+07 5.58528e+07)
(2.58825e-06 6.13146e+06 2.61642e+07)
(7.64709e-06 8.47505e+06 1.34461e+07)
(1.68159e-06 -8.00158e+06 -1.49365e+07)
(8.71684e-07 -7.94842e+06 -1.62663e+07)
(8.07341e-07 -6.04318e+06 -1.4416e+07)
(7.5616e-07 -3.98382e+06 -1.33423e+07)
(8.55657e-07 -1.92991e+06 -1.07511e+07)
(9.26316e-07 31182.6 -8.54987e+06)
(9.55047e-07 1.56512e+06 -6.93835e+06)
(9.71255e-07 2.85542e+06 -5.65475e+06)
(9.94362e-07 4.03427e+06 -4.47196e+06)
(1.01022e-06 5.09713e+06 -3.2886e+06)
(1.02107e-06 6.05333e+06 -2.07374e+06)
(9.9094e-07 6.83759e+06 -724411)
(9.74862e-07 7.48766e+06 767462)
(1.03939e-06 7.92981e+06 2.49024e+06)
(1.03856e-06 8.32974e+06 4.38793e+06)
(1.1841e-06 8.25352e+06 6.87174e+06)
(1.49605e-06 9.02035e+06 9.3057e+06)
(2.13817e-06 6.44018e+06 1.44273e+07)
(1.97643e-06 -2.52349e+06 -2.1033e+06)
(3.10111e-06 -3.86069e+06 -1.97419e+06)
(2.24563e-06 -5.05047e+06 -4.84936e+06)
(2.48829e-06 -4.89262e+06 -6.13388e+06)
(2.5472e-06 -4.12251e+06 -5.94339e+06)
(1.43598e-06 -3.26765e+06 -5.73064e+06)
(6.48236e-07 -2.0633e+06 -4.57786e+06)
(3.99961e-07 -717891 -2.91235e+06)
(3.22902e-07 497572 -1.4109e+06)
(2.87175e-07 1.50508e+06 -132871)
(2.5244e-07 2.38406e+06 1.04088e+06)
(2.74341e-07 3.18067e+06 2.18388e+06)
(3.93413e-07 3.8371e+06 3.17835e+06)
(5.55212e-07 4.34757e+06 4.04674e+06)
(7.44451e-07 4.77801e+06 4.87929e+06)
(9.74379e-07 5.10874e+06 5.78952e+06)
(1.22836e-06 5.52162e+06 6.75871e+06)
(1.56357e-06 5.60368e+06 8.05934e+06)
(1.95736e-06 6.61279e+06 9.22442e+06)
(2.57319e-06 4.84594e+06 1.19911e+07)
(1.34768e-06 -2.607e+06 -4.90718e+06)
(1.41731e-06 -1.95897e+06 -2.38443e+06)
(1.62524e-06 -1.14347e+06 -1.83667e+06)
(1.92922e-06 -1.37035e+06 -2.58079e+06)
(1.39416e-06 -955566 -2.56817e+06)
(4.08429e-06 -465836 -2.3774e+06)
(4.34159e-06 108776 -2.01636e+06)
(3.94027e-06 667951 -1.52537e+06)
(3.84314e-06 1.12404e+06 -1.0539e+06)
(3.74145e-06 1.45293e+06 -676791)
(3.875e-06 1.67217e+06 -399858)
(3.72231e-06 1.80503e+06 -149448)
(3.89143e-06 1.88955e+06 100549)
(3.79053e-06 1.9433e+06 379945)
(3.66767e-06 1.9907e+06 706847)
(3.75053e-06 2.02603e+06 1.1132e+06)
(3.75345e-06 2.10634e+06 1.58996e+06)
(3.60298e-06 2.10015e+06 2.24846e+06)
(3.65942e-06 2.42701e+06 2.90504e+06)
(3.58156e-06 1.82378e+06 4.29168e+06)
(7.79314e-07 -1.78037e+06 -3.73229e+06)
(7.97173e-07 -1.46176e+06 -2.70321e+06)
(8.29351e-07 -533674 -1.35727e+06)
(9.31468e-07 -253077 -901457)
(6.57678e-07 -20940.7 -700289)
(1.08147e-06 213517 -493670)
(1.3155e-06 445648 -268718)
(1.2357e-06 660459 -25798.1)
(9.92237e-07 853826 234094)
(6.76812e-07 1.02302e+06 502384)
(4.12195e-07 1.15913e+06 737806)
(2.0743e-07 1.2672e+06 947404)
(4.73787e-08 1.35703e+06 1.14576e+06)
(-7.25886e-08 1.43363e+06 1.34478e+06)
(-1.70355e-07 1.50605e+06 1.55047e+06)
(-2.61089e-07 1.56144e+06 1.77958e+06)
(-3.47063e-07 1.64261e+06 2.02124e+06)
(-4.50694e-07 1.63662e+06 2.34522e+06)
(-5.62887e-07 1.88018e+06 2.62781e+06)
(-7.37112e-07 1.37766e+06 3.33031e+06)
(3.63989e-07 -920392 -1.94081e+06)
(4.2968e-07 -935909 -2.0705e+06)
(3.76627e-07 -449832 -1.40213e+06)
(3.26193e-07 -97242.4 -850477)
(2.53341e-07 121068 -530245)
(1.79842e-07 265057 -351723)
(1.35855e-07 363574 -246023)
(9.97472e-08 433358 -176086)
(6.75456e-08 484827 -123674)
(4.10046e-08 523333 -69272.6)
(2.13676e-08 554199 -6155.65)
(8.99888e-09 580361 68098)
(3.11634e-09 604114 154980)
(2.45587e-09 626098 257121)
(6.18398e-09 650103 375577)
(1.41286e-08 670892 517757)
(2.708e-08 708408 677869)
(4.90083e-08 713629 891687)
(8.01132e-08 840179 1.09326e+06)
(1.41731e-07 636801 1.51786e+06)
(1.394e-07 -342559 -622399)
(2.00843e-07 -428278 -1.00793e+06)
(1.70443e-07 -253155 -840495)
(1.2236e-07 -47385.2 -547959)
(8.74927e-08 109543 -299469)
(5.30882e-08 218453 -116969)
(3.00165e-08 295170 17990.2)
(1.8344e-08 354269 126274)
(1.11217e-08 397182 208993)
(6.44676e-09 429625 274241)
(3.54876e-09 454859 329605)
(1.89142e-09 475625 381132)
(1.01461e-09 493584 432372)
(5.37806e-10 509305 486976)
(1.44751e-10 524999 546028)
(-4.71469e-10 536338 615054)
(-1.72526e-09 557468 689943)
(-4.54573e-09 550912 793919)
(-1.02198e-08 629851 884770)
(-2.6002e-08 462763 1.11497e+06)
(2.99889e-08 -64444.3 -152310)
(6.26238e-08 -110981 -362998)
(6.10153e-08 -68011.2 -397369)
(4.58103e-08 9954.08 -338921)
(3.16292e-08 81807.5 -257442)
(2.07141e-08 135894 -184684)
(1.31448e-08 172797 -127724)
(8.44689e-09 196293 -85472.9)
(5.36983e-09 211020 -49588.7)
(3.35165e-09 221425 -16065.1)
(2.05507e-09 229747 17477.2)
(1.24026e-09 236957 52765)
(7.34758e-10 243906 90842.2)
(4.2401e-10 250676 133032)
(2.38694e-10 258703 179812)
(1.46615e-10 265786 233846)
(1.5782e-10 279201 293310)
(3.91958e-10 280381 370831)
(1.14827e-09 328388 441868)
(4.62406e-09 247272 593172)
(-1.30062e-09 25549.6 60753.3)
(5.63723e-09 18739.4 -6893.44)
(1.07667e-08 12211.2 -69304.8)
(1.14887e-08 22951.1 -93094.2)
(9.45077e-09 45491.9 -84674.8)
(6.92502e-09 70845.9 -60928.8)
(4.77214e-09 93942.7 -32838.1)
(3.17428e-09 113864 -5087.88)
(2.06802e-09 131558 22755.3)
(1.30995e-09 146099 48358.3)
(8.00884e-10 157562 71632)
(4.69267e-10 166752 93684.4)
(2.60495e-10 174081 115496)
(1.34805e-10 180059 138446)
(6.29104e-11 185488 162907)
(2.35882e-11 189271 191106)
(1.31215e-12 195923 221783)
(-2.63297e-11 193665 263555)
(-1.00619e-10 220972 302121)
(-7.94914e-10 163505 393695)
(1.40588e-10 45469.4 73544.4)
(2.74296e-11 68468 83034.2)
(-1.78221e-10 62419.9 46963.4)
(-1.79031e-11 55233.7 10573.6)
(2.37788e-10 55054.3 -10113.9)
(3.47302e-10 59145 -17365.9)
(3.24268e-10 64759.2 -17396.8)
(2.43509e-10 70628.1 -14032.4)
(1.58215e-10 76192.3 -9011.23)
(9.1048e-11 80663.2 -2276.71)
(4.45573e-11 84011 6330.84)
(1.56227e-11 86692.6 16840)
(-4.11114e-14 89178.2 29168)
(-6.75053e-12 91515.5 43346.6)
(-8.20501e-12 94143.7 59419.7)
(-6.98162e-12 96386.9 78111.4)
(-4.60562e-12 100285 99100)
(-5.28848e-13 100351 126436)
(4.02039e-12 116204 152279)
(1.3262e-10 87716.3 212610)
(-2.27045e-11 84652.8 161968)
(-8.63982e-12 115344 158431)
(1.35831e-11 78333.7 97832.7)
(1.31225e-11 55557.7 45722)
(3.96489e-12 45892.4 16938.5)
(-3.30223e-12 41417.1 2728.92)
(-8.44822e-12 40662.7 -1042.76)
(-8.91488e-12 49914.1 6049)
(-8.26149e-12 59327.5 10217.2)
(-6.8901e-12 62135.4 4987.09)
(-5.15314e-12 61285.1 -358.887)
(-3.4472e-12 59791 -66.3463)
(-2.13599e-12 59175.4 4939.87)
(-1.18324e-12 59242.2 12556.2)
(-4.74075e-13 59645.1 21600.6)
(5.32067e-14 59929.3 32274.8)
(4.23703e-13 60197.9 44309.1)
(2.3823e-13 59369.9 59085.6)
(2.04053e-12 62314.8 74129.3)
(-2.34874e-11 47207.9 114117)
(3.09889e-12 127185 287088)
(8.17449e-13 178594 233166)
(-1.53423e-12 100185 158571)
(-1.43392e-12 74613.2 86566.8)
(-3.4163e-13 55917.5 45933.3)
(-8.99634e-16 46587.5 11017.8)
(3.03049e-13 50355.6 18175)
(8.78616e-13 80070.1 59817.3)
(1.03966e-12 91482.3 75035.8)
(5.58189e-13 74856.1 47153.7)
(-2.99928e-13 49286 1107.16)
(-6.18988e-13 29308.1 -30997.9)
(-3.58624e-13 19895.3 -41450.1)
(-6.40849e-14 17103.5 -40134)
(6.83207e-14 15272.2 -35833.6)
(8.69908e-14 12439.7 -32134.3)
(7.52062e-14 8185.33 -28342.8)
(3.98876e-14 5530.71 -24957.4)
(1.77592e-13 -7532.39 -24196.8)
(-1.99072e-12 -14527.4 -27067.6)
(-1.91008e-14 134963 359243)
(2.00636e-14 170486 211011)
(2.0152e-13 82442.4 185360)
(9.1937e-14 89245.3 152993)
(3.49849e-16 73205.3 114604)
(2.33313e-14 65112.1 92333.4)
(-1.04701e-14 59727.7 68210.1)
(-7.79327e-14 45946.9 42001.8)
(-8.5613e-14 34304.8 20442.3)
(-5.35725e-14 25329.9 1113.48)
(7.32057e-15 17792.9 -19218.2)
(7.97202e-15 10995 -38554.4)
(1.45002e-14 5988.56 -50961.2)
(2.96845e-14 3430.31 -56738.8)
(3.1447e-14 1261.68 -58843.6)
(2.10417e-14 -4054.87 -59658.2)
(4.63391e-15 -12608.5 -63459)
(9.34624e-17 -19122.4 -63333.2)
(-1.00917e-13 -46777.8 -66856.7)
(1.68922e-12 -50586.2 -156575)
(-9.18906e-14 90193.8 231448)
(-1.40503e-14 68470.1 159385)
(-7.06366e-15 68149.9 109438)
(9.95302e-15 32911.9 103258)
(1.04327e-14 42195.2 94182.4)
(7.26615e-15 34182.5 95141.4)
(5.30351e-15 36590.4 100119)
(4.6639e-15 41594.5 107015)
(4.74424e-15 44679.6 109545)
(3.78324e-15 46691.9 106416)
(5.99139e-15 50840.9 97876.9)
(1.38537e-14 57204.7 73292.8)
(1.18866e-14 56644.6 42830)
(3.67098e-15 43605.2 6020.51)
(-8.28052e-16 24940.3 -42576.2)
(-2.37655e-15 17250.1 -75848.9)
(-3.71401e-15 4486.48 -86191.4)
(2.26272e-16 -4770.13 -83848)
(-5.09888e-14 -19868.3 -78360.1)
(9.28222e-13 -15454.4 -44255.4)
(-5.97419e-13 -68079 -55744.9)
(3.96518e-14 -186860 44831.3)
(-1.21005e-13 -35075.6 107320)
(-2.80083e-15 -104462 16856.7)
(-2.22938e-15 -79792.3 26686.8)
(-2.72252e-15 -63749.5 -13696.4)
(-2.5427e-15 -70182.5 -17249.3)
(-2.10002e-15 -56560.5 -28957.7)
(-1.63006e-15 -48409.8 -25455.8)
(-1.12801e-15 -37260.7 -21353.1)
(-7.6112e-16 -27755.8 -12744.2)
(-7.02617e-16 -20678.4 -5762.62)
(-3.4558e-16 -23615.1 -19551.9)
(-7.2479e-17 -31553.4 -39416.9)
(-1.72251e-16 -46746.1 -71509.2)
(-7.03405e-16 -50006.8 -157727)
(-1.05955e-15 -151256 -295006)
(1.01281e-15 -146116 -395779)
(-1.6139e-14 -223698 -435804)
(1.91593e-13 -158051 -355034)
(5.87431e-13 -943607 -1.40365e+06)
(-1.57257e-13 -320920 -150356)
(-1.61509e-13 -209715 451549)
(1.46492e-14 -108872 334845)
(9.86125e-16 -223800 383529)
(-4.92672e-16 -161043 305882)
(4.67356e-16 -203334 276474)
(6.56933e-16 -192798 237214)
(5.03641e-16 -185461 222867)
(3.55461e-16 -169226 213761)
(2.12414e-16 -149552 210851)
(1.00533e-16 -126871 212429)
(2.6725e-17 -103989 214046)
(-1.25848e-17 -86969.7 204847)
(-3.27945e-17 -78709.2 177834)
(-4.66897e-17 -72626.9 137296)
(4.78084e-17 -76896.4 66882.1)
(9.10858e-16 -151260 -118781)
(4.53097e-15 -351885 -512881)
(2.35989e-14 -332720 -723507)
(3.55041e-12 -2.06546e+06 -2.91033e+06)
(1.79147e-12 -823196 -1.81792e+06)
(6.91313e-13 -658270 -312498)
(1.18231e-13 -108826 191211)
(3.28252e-15 -144720 363024)
(-1.7244e-15 -131369 396201)
(-2.62754e-16 -113213 389982)
(-1.01696e-16 -111076 390225)
(-2.28393e-16 -98722.1 391144)
(-1.69826e-16 -84622.9 392716)
(-1.13513e-16 -73688.2 389149)
(-6.23467e-17 -65003 381716)
(-2.60014e-17 -53487.2 379452)
(-4.99841e-18 -36755.5 386808)
(4.37944e-18 -16327.1 397493)
(5.18193e-18 9283.56 409381)
(-1.2415e-17 40648.8 431789)
(-1.1583e-16 70962.1 448641)
(-5.97613e-16 60758.9 305428)
(-2.18284e-15 -63392.8 -128068)
(3.89987e-12 -1.63351e+06 -2.42626e+06)
(3.5418e-12 -1.11887e+06 -2.50391e+06)
(2.03466e-12 -655444 -1.3791e+06)
(8.92126e-13 -166825 -506228)
(2.84395e-13 102561 2657.19)
(6.24234e-14 195050 223349)
(9.15053e-15 213505 300072)
(7.4309e-16 211636 334061)
(-4.77729e-17 207696 359436)
(-2.15006e-17 205953 381337)
(2.01804e-17 205291 400869)
(2.72061e-17 205745 412948)
(1.96122e-17 207426 420437)
(1.05617e-17 208890 431014)
(3.69521e-18 210755 441608)
(1.69042e-19 212936 453406)
(-1.88385e-19 228125 468747)
(5.60792e-18 228002 510804)
(2.81865e-17 317556 562429)
(6.14223e-17 251829 545555)
(1.88504e-12 -591473 -984974)
(1.67741e-12 -409687 -1.11088e+06)
(7.37905e-13 -40110.8 -667510)
(1.97236e-13 195725 -325890)
(3.13177e-14 292386 -157451)
(5.51312e-15 320525 -74411.1)
(3.30644e-15 327431 -20352.6)
(1.6929e-15 327080 21550.1)
(5.40799e-16 322837 56801.4)
(1.12634e-16 316451 89646.9)
(1.36382e-17 308918 123032)
(-9.42591e-19 300805 157900)
(-1.86518e-18 293101 193993)
(-1.41295e-18 286462 231215)
(-8.62418e-19 281882 269692)
(-3.80828e-19 277652 311460)
(-3.64064e-20 281869 353250)
(-8.02261e-20 274954 406001)
(-2.69292e-19 313787 445751)
(-7.1004e-18 249675 544367)
(3.17745e-13 -65070.2 -147040)
(8.82439e-14 -11817.7 -201419)
(-1.02863e-13 70797.5 -193510)
(-9.82904e-14 116726 -189401)
(-3.97836e-14 154342 -168481)
(-7.15842e-15 194120 -126898)
(9.1008e-16 228250 -82542.3)
(8.91554e-16 250019 -49816.2)
(1.80692e-16 259718 -30479.1)
(-3.63663e-17 261514 -19060.4)
(-3.46856e-17 259356 -9860.14)
(-1.07697e-17 254882 42.8426)
(-1.33912e-18 248383 11478.1)
(3.71541e-19 239681 24782.4)
(3.08789e-19 229000 40372.3)
(1.39966e-19 215692 59662.2)
(5.07173e-20 202158 82754.3)
(2.78141e-20 183048 115032)
(-1.16336e-19 175050 151300)
(9.94305e-19 126309 234850)
(8.18398e-15 17958.5 1.04339e+06)
(-1.6041e-14 1.28274e+06 -626839)
(8.6112e-16 691267 134540)
(6.05865e-16 891746 237204)
(-1.23323e-16 801628 42104)
(1.44316e-17 888443 66091.1)
(1.87232e-18 876523 11225.8)
(2.1177e-18 904971 -25642.6)
(1.88439e-18 914732 -71313.3)
(1.7933e-18 926280 -112458)
(1.55728e-18 946137 -157607)
(5.94486e-19 962436 -221033)
(-1.91191e-18 967297 -302366)
(-6.78095e-18 971742 -400481)
(-1.41796e-17 983103 -522492)
(-2.16408e-17 1.01115e+06 -694539)
(-1.99159e-17 1.08734e+06 -972945)
(1.09286e-17 1.24909e+06 -1.39135e+06)
(1.37608e-16 1.3587e+06 -1.7378e+06)
(5.23394e-16 827032 -1.23691e+06)
(1.61677e-13 -5.7489e+06 9.50097e+06)
(5.92857e-14 -513180 3.55842e+06)
(1.89944e-14 724524 65876.3)
(2.86096e-15 1.83478e+06 -350757)
(4.67054e-16 1.69219e+06 -701967)
(-1.57499e-16 1.70563e+06 -689454)
(-4.03893e-17 1.65098e+06 -670855)
(4.57892e-18 1.60455e+06 -793971)
(1.56559e-17 1.55398e+06 -835215)
(1.14127e-17 1.49429e+06 -805059)
(6.1526e-18 1.44138e+06 -834914)
(4.20195e-18 1.38284e+06 -966270)
(3.96988e-18 1.33478e+06 -1.03575e+06)
(-1.74875e-18 1.28142e+06 -1.06742e+06)
(-2.82746e-17 1.22551e+06 -1.09392e+06)
(-1.17975e-16 1.16618e+06 -1.12543e+06)
(-2.82339e-16 1.09963e+06 -1.20362e+06)
(-2.61842e-16 968570 -1.29185e+06)
(1.51694e-15 1.03064e+06 -1.26058e+06)
(4.39652e-15 780166 -1.48195e+06)
(1.82218e-13 -6.57348e+06 9.72164e+06)
(1.58246e-13 -4.72814e+06 8.17236e+06)
(9.16492e-14 -2.7469e+06 3.87331e+06)
(3.99242e-14 -980130 1.09419e+06)
(1.06855e-14 -58482.5 -363423)
(1.55025e-15 151812 -825444)
(-2.00168e-17 152124 -913566)
(-7.22096e-17 137298 -906957)
(-1.78924e-17 130705 -889844)
(3.27629e-18 131286 -883909)
(1.51429e-17 141353 -888687)
(3.38127e-17 162942 -894043)
(6.29668e-17 195116 -902767)
(1.0128e-16 238861 -926716)
(1.6537e-16 297048 -974763)
(2.61793e-16 372484 -1.05329e+06)
(7.07816e-16 461448 -1.15733e+06)
(2.96721e-15 501135 -1.21039e+06)
(1.20877e-14 605587 -1.23221e+06)
(1.52706e-14 373023 -1.34806e+06)
(8.79561e-14 -2.86948e+06 3.80748e+06)
(8.48231e-14 -2.85331e+06 3.63963e+06)
(4.35239e-14 -2.00741e+06 1.50939e+06)
(1.52931e-14 -1.31006e+06 93400.9)
(3.88117e-15 -924506 -457665)
(6.94833e-16 -744735 -625373)
(6.14649e-17 -637645 -674106)
(-1.6468e-17 -548351 -691262)
(-1.17509e-17 -468357 -701888)
(2.80042e-18 -396192 -709917)
(1.50346e-17 -330342 -714352)
(1.84167e-17 -269280 -715268)
(2.93307e-17 -211017 -714193)
(1.62246e-16 -153023 -712719)
(6.99575e-16 -92400.3 -711786)
(2.23593e-15 -27537 -712885)
(5.75479e-15 52070.2 -714985)
(1.23058e-14 136294 -744159)
(1.78068e-14 304812 -791846)
(-1.54273e-14 332957 -1.02597e+06)
(1.88586e-14 -566076 648724)
(1.66831e-14 -888435 922004)
(7.52296e-15 -862942 657007)
(2.4904e-15 -733251 389246)
(6.36841e-16 -598881 209536)
(1.14077e-16 -490609 87010.6)
(4.77334e-17 -405872 2111.02)
(4.25034e-17 -334919 -58126.4)
(-7.01145e-17 -275817 -101178)
(-3.58728e-16 -224962 -132160)
(-8.14225e-16 -179608 -155001)
(-1.40558e-15 -138044 -172371)
(-2.04286e-15 -99155.8 -186224)
(-2.74986e-15 -62024.8 -197837)
(-4.48862e-15 -26429.3 -208004)
(-9.15764e-15 7705.43 -216533)
(-2.52537e-14 39660.4 -223677)
(-7.34374e-14 66090.7 -225774)
(-2.15778e-13 92460.3 -225646)
(-3.77317e-13 64504.9 -186938)
(-1.18502e-15 -97371.4 345009)
(-6.51731e-16 -329579 461050)
(2.99139e-16 -347675 426701)
(6.65454e-16 -299583 292233)
(5.90734e-16 -245817 156892)
(3.20879e-16 -202316 59979.9)
(-2.48847e-16 -170779 -4291.31)
(-6.65497e-16 -145946 -45722.4)
(1.09646e-16 -125433 -74532.1)
(2.90569e-15 -106878 -95735.5)
(8.10901e-15 -89228 -111911)
(1.45578e-14 -72166.6 -124613)
(1.76008e-14 -55460.7 -134702)
(4.54772e-15 -38793.9 -142954)
(-4.65293e-14 -22060.2 -150018)
(-1.6902e-13 -4712.55 -156671)
(-4.03356e-13 14302.4 -163911)
(-7.88061e-13 34594 -176075)
(-1.30106e-12 71168 -192514)
(-1.10872e-12 66991.5 -254470)
(-7.83699e-15 -72952.7 270510)
(-8.91268e-15 -168286 241210)
(-6.90316e-15 -147566 177980)
(-4.89711e-15 -125905 106894)
(-3.18773e-15 -112129 55481.6)
(-5.1681e-16 -101447 25445.4)
(5.28582e-15 -92683.6 7274.92)
(1.62032e-14 -84250.1 -5356.82)
(3.21874e-14 -75915.8 -15039.3)
(5.17831e-14 -67694.7 -22442.6)
(6.82534e-14 -59488 -28073.2)
(8.43113e-14 -51414.5 -32214.2)
(1.05164e-13 -43522.3 -35090.9)
(1.3697e-13 -35709.9 -36695)
(1.93436e-13 -28166.6 -37447.8)
(2.5009e-13 -20603 -37218.4)
(3.03488e-13 -12845.7 -36186.5)
(4.11865e-13 -4735.76 -34873.7)
(7.08488e-13 5464.88 -32932)
(1.2269e-12 6259.93 -27959)
(6.15173e-14 -53958.4 144508)
(7.48661e-14 -85127.9 110059)
(5.67076e-14 -73678 74047)
(3.62887e-14 -66048.5 50030.5)
(1.47215e-14 -61963.3 35037.7)
(-2.61221e-14 -58214 26013.3)
(-1.1342e-13 -54596.3 19843)
(-2.78121e-13 -51102.2 15213.7)
(-5.4288e-13 -47563.9 11669.3)
(-9.11266e-13 -44097.2 9107.92)
(-1.31503e-12 -40534.7 7451.88)
(-1.59417e-12 -37155.9 6589.36)
(-1.40597e-12 -33872 6502.7)
(-1.82962e-13 -30669.9 7183.62)
(2.65268e-12 -27949 8336.52)
(7.50988e-12 -25308.8 10228.2)
(1.40124e-11 -23022.4 12674.1)
(2.07925e-11 -19846.2 15603.1)
(2.41569e-11 -18172.8 17606.9)
(1.49236e-11 -14243.6 18213.7)
(-7.71085e-13 -44647.3 110077)
(-9.04774e-13 -67486.3 96691.5)
(-5.41534e-13 -64688 79600.4)
(-2.57885e-13 -60431.4 72117.8)
(8.57976e-14 -59476.7 68153.2)
(8.13222e-13 -58806.3 66001.4)
(2.23877e-12 -58401.1 64897.2)
(4.62997e-12 -57747.9 63976.7)
(7.98203e-12 -57202.1 63634.9)
(1.18032e-11 -56492.1 63334.6)
(1.44023e-11 -55749.3 63641.7)
(1.29004e-11 -54977.1 63983.6)
(3.20191e-12 -54401.1 64751.7)
(-1.81337e-11 -53493.9 65475.2)
(-5.12017e-11 -53148.4 66361.9)
(-9.13681e-11 -51832.7 67016.3)
(-1.29254e-10 -51322.8 68159.5)
(-1.49563e-10 -47947.9 70386.8)
(-1.32336e-10 -51015.7 70398.7)
(-4.33606e-11 -40488.1 82678.6)
(2.86718e-12 -43453.2 118058)
(3.22274e-12 -77099.5 122296)
(1.56851e-12 -69683.9 123336)
(5.66698e-13 -70214.7 125050)
(-1.93865e-12 -66673 123057)
(-7.84215e-12 -64872 122714)
(-1.90161e-11 -61177.5 120732)
(-3.68357e-11 -58717.5 119958)
(-5.90376e-11 -54881.1 117585)
(-7.91818e-11 -52160.5 116236)
(-7.99439e-11 -48342.1 113240)
(-4.20551e-11 -45631.1 111158)
(5.74189e-11 -42165.6 107618)
(2.2368e-10 -40005 105624)
(4.42641e-10 -38651.7 103080)
(6.78747e-10 -39072.3 102974)
(8.46632e-10 -41676.6 103940)
(8.55091e-10 -46963.9 108913)
(6.02508e-10 -57266.3 113850)
(1.03631e-10 -41114.1 102002)
(-2.09895e-11 -66888.9 183463)
(-2.06792e-11 -83386.9 177017)
(-9.96321e-12 -63960.1 176420)
(-4.85419e-12 -56630.7 173560)
(5.32845e-12 -46304.7 171125)
(3.0785e-11 -37862.7 168047)
(8.4366e-11 -28720 164395)
(1.79746e-10 -20079 160083)
(3.23709e-10 -10982.6 154779)
(5.01172e-10 -2225.01 148793)
(6.5652e-10 6719.9 141696)
(6.78431e-10 15027 133921)
(3.86653e-10 22980.4 124656)
(-4.86833e-10 29849.3 113776)
(-2.34725e-09 35843.8 98996.3)
(-5.6467e-09 41260.3 79153.8)
(-1.02443e-08 44429 52557.6)
(-1.37917e-08 41893.6 24924.2)
(-1.18039e-08 29451.7 6413.99)
(-2.17554e-09 9151.2 12488.3)
(8.56456e-11 -125781 329758)
(1.49535e-10 -130806 280688)
(8.74677e-11 -87619.3 268921)
(6.94281e-11 -65740.9 255705)
(7.86379e-11 -40507.6 248081)
(7.97709e-11 -18308.5 240269)
(7.18982e-12 4091.94 232971)
(-2.68187e-10 25877.1 224604)
(-9.7776e-10 47800.6 214830)
(-2.49893e-09 69721.1 202553)
(-5.40559e-09 92044.4 186462)
(-1.05466e-08 115073 164493)
(-1.91759e-08 139324 133580)
(-3.3058e-08 165720 90095.2)
(-5.4204e-08 194715 29861.3)
(-8.36128e-08 224514 -49717)
(-1.18585e-07 252679 -147712)
(-1.4733e-07 271880 -251539)
(-1.43298e-07 261360 -321318)
(-7.09661e-08 152833 -250511)
(-3.76004e-10 -132474 392116)
(-1.17986e-09 -158026 401100)
(-8.3231e-10 -108971 406590)
(-5.03525e-10 -75717.6 409211)
(-4.40553e-10 -37482 409025)
(-7.49733e-10 278.569 405852)
(-1.64128e-09 39347.2 399067)
(-3.4857e-09 79433.5 387540)
(-6.8943e-09 120984 369896)
(-1.28095e-08 164471 343534)
(-2.26501e-08 210667 304977)
(-3.85504e-08 260628 248929)
(-6.35678e-08 315818 169396)
(-1.01567e-07 378213 60157.1)
(-1.56746e-07 444850 -84927.8)
(-2.35084e-07 515831 -268340)
(-3.36162e-07 583997 -488031)
(-4.36865e-07 636128 -713714)
(-4.6869e-07 629263 -857996)
(-2.87369e-07 374950 -694854)
(-2.70276e-12 -478087 1.29972e+06)
(6.57591e-09 -502330 1.06521e+06)
(7.30957e-09 -326442 998905)
(5.248e-09 -234767 934991)
(2.61595e-09 -130928 894837)
(-2.44334e-10 -38021.3 856892)
(-3.56613e-09 55734.5 819026)
(-8.25539e-09 149168 774376)
(-1.57087e-08 245408 717860)
(-2.77185e-08 346146 642813)
(-4.70512e-08 453789 540896)
(-7.77274e-08 571042 401801)
(-1.2514e-07 700982 214424)
(-1.96097e-07 844669 -32316.5)
(-3.007e-07 994959 -348585)
(-4.57198e-07 1.15392e+06 -742815)
(-6.71702e-07 1.29619e+06 -1.20136e+06)
(-9.21109e-07 1.38799e+06 -1.64245e+06)
(-1.08613e-06 1.33337e+06 -1.86777e+06)
(-7.77673e-07 746417 -1.45442e+06)
(9.68393e-09 -350623 1.14366e+06)
(-2.78036e-08 -455569 1.32095e+06)
(-5.42878e-08 -299878 1.3866e+06)
(-5.82536e-08 -177931 1.43372e+06)
(-5.13147e-08 -34595.2 1.44909e+06)
(-3.89338e-08 115605 1.44298e+06)
(-2.96378e-08 276484 1.41156e+06)
(-2.96166e-08 447788 1.35394e+06)
(-3.64328e-08 630801 1.26458e+06)
(-5.42755e-08 827638 1.13431e+06)
(-8.83554e-08 1.04114e+06 947865)
(-1.46134e-07 1.27637e+06 683615)
(-2.36756e-07 1.54041e+06 316168)
(-3.70152e-07 1.83495e+06 -184572)
(-5.6241e-07 2.15545e+06 -850169)
(-8.25022e-07 2.50543e+06 -1.70102e+06)
(-1.17895e-06 2.82333e+06 -2.69044e+06)
(-1.63715e-06 3.00803e+06 -3.60972e+06)
(-2.06776e-06 2.80405e+06 -3.96329e+06)
(-1.67352e-06 1.44699e+06 -2.81969e+06)
(-9.16365e-08 -2.06844e+06 5.57193e+06)
(1.54586e-08 -2.13694e+06 4.40601e+06)
(2.7143e-07 -1.35916e+06 4.04936e+06)
(4.57903e-07 -943957 3.71756e+06)
(5.68354e-07 -481928 3.51531e+06)
(5.28768e-07 -73700.6 3.34306e+06)
(3.47359e-07 328798 3.19208e+06)
(2.58436e-07 720226 3.02804e+06)
(1.50595e-07 1.1144e+06 2.8228e+06)
(1.17089e-08 1.52144e+06 2.53933e+06)
(-1.608e-07 1.95661e+06 2.1322e+06)
(-3.87489e-07 2.44026e+06 1.5486e+06)
(-6.76824e-07 2.99674e+06 733246)
(-1.0244e-06 3.63457e+06 -372608)
(-1.364e-06 4.35288e+06 -1.81675e+06)
(-1.6829e-06 5.15946e+06 -3.64759e+06)
(-2.0058e-06 5.95388e+06 -5.80913e+06)
(-2.55063e-06 6.48473e+06 -7.86796e+06)
(-3.24911e-06 6.04471e+06 -8.63445e+06)
(-2.87431e-06 3.04833e+06 -5.74222e+06)
(4.46395e-07 -812990 3.53364e+06)
(6.62738e-07 -1.35288e+06 5.00385e+06)
(-4.74879e-07 -871693 5.4994e+06)
(-1.94594e-06 -432788 5.90449e+06)
(-4.29515e-06 53524.8 6.09228e+06)
(-7.09502e-06 575572 6.1422e+06)
(-5.10801e-06 1.13794e+06 6.01943e+06)
(-4.71201e-06 1.75537e+06 5.72394e+06)
(-5.07503e-06 2.43801e+06 5.23699e+06)
(-4.89058e-06 3.20077e+06 4.53985e+06)
(-4.96989e-06 4.05642e+06 3.60322e+06)
(-4.87864e-06 5.01929e+06 2.3875e+06)
(-4.45533e-06 6.10505e+06 836812)
(-4.22489e-06 7.32524e+06 -1.13713e+06)
(-3.41782e-06 8.70061e+06 -3.71005e+06)
(-3.58608e-06 1.0341e+07 -7.18929e+06)
(-3.266e-06 1.21445e+07 -1.16043e+07)
(-3.45027e-06 1.35704e+07 -1.62281e+07)
(-3.59222e-06 1.29192e+07 -1.8453e+07)
(-4.38456e-06 7.00352e+06 -1.2093e+07)
(-5.09851e-07 -1.01352e+07 2.71097e+07)
(-6.88533e-06 -1.08803e+07 2.02499e+07)
(-4.86236e-06 -6.8788e+06 1.78692e+07)
(-4.35638e-06 -4.82571e+06 1.55173e+07)
(-3.36085e-06 -2.46773e+06 1.38818e+07)
(-1.89542e-06 -382956 1.2429e+07)
(-1.06877e-06 1.64786e+06 1.12052e+07)
(-9.31282e-07 3.55226e+06 1.01183e+07)
(-7.38086e-07 5.3628e+06 9.10791e+06)
(-5.54579e-07 7.08872e+06 8.08553e+06)
(-4.00548e-07 8.75426e+06 6.92346e+06)
(-2.67248e-07 1.04066e+07 5.39912e+06)
(-1.94728e-07 1.21264e+07 3.21084e+06)
(-2.09783e-07 1.40026e+07 14506.6)
(-2.94509e-07 1.6194e+07 -4.71972e+06)
(-3.58959e-07 1.90489e+07 -1.15326e+07)
(-4.27019e-07 2.2525e+07 -2.04624e+07)
(-4.7838e-07 2.58272e+07 -3.05392e+07)
(-5.63089e-07 2.59035e+07 -3.70599e+07)
(-5.71178e-07 1.65541e+07 -2.48843e+07)
(-2.34691e-06 2.38393e+06 2.1222e+06)
(-4.72528e-06 -1.54391e+06 1.67277e+07)
(-2.66495e-06 -55706.8 2.06341e+07)
(-2.18418e-06 2.07532e+06 2.3658e+07)
(-1.6296e-06 4.24977e+06 2.52851e+07)
(-1.26937e-06 6.38654e+06 2.62709e+07)
(-1.20382e-06 8.30748e+06 2.64984e+07)
(-1.11684e-06 1.00712e+07 2.59021e+07)
(-1.15442e-06 1.17326e+07 2.45809e+07)
(-1.08729e-06 1.33578e+07 2.23733e+07)
(-1.18486e-06 1.51211e+07 1.88251e+07)
(-1.24269e-06 1.73304e+07 1.34815e+07)
(-1.16841e-06 2.00908e+07 5.9208e+06)
(-1.31694e-06 2.3386e+07 -3.33614e+06)
(-1.20623e-06 2.71898e+07 -1.44251e+07)
(-1.10743e-06 3.17525e+07 -2.73698e+07)
(-1.07167e-06 3.73755e+07 -4.24045e+07)
(-8.7478e-07 4.38142e+07 -5.93175e+07)
(-1.1087e-06 4.75496e+07 -7.35523e+07)
(-1.33801e-06 3.73047e+07 -5.72436e+07)
(-1.54481e-06 -5.34824e+07 1.46745e+08)
(-1.27945e-06 -4.71075e+07 1.09248e+08)
(-5.19257e-07 -2.68951e+07 9.38642e+07)
(-3.44703e-07 -1.64833e+07 7.88335e+07)
(-2.46844e-07 -6.07265e+06 6.5874e+07)
(-2.0952e-07 2.66741e+06 5.3516e+07)
(-1.80504e-07 1.12781e+07 3.96516e+07)
(-1.37701e-07 1.85489e+07 2.70465e+07)
(-8.91542e-08 2.43924e+07 1.68362e+07)
(-3.86063e-08 3.02108e+07 5.1609e+06)
(5.54704e-09 3.60195e+07 -7.62393e+06)
(3.36006e-08 4.13456e+07 -2.03579e+07)
(4.70194e-08 4.60055e+07 -3.29253e+07)
(6.21907e-08 5.05586e+07 -4.57737e+07)
(7.29515e-08 5.49884e+07 -5.89344e+07)
(8.00972e-08 5.94291e+07 -7.25505e+07)
(8.44347e-08 6.44073e+07 -8.70563e+07)
(7.91181e-08 7.04892e+07 -1.03618e+08)
(7.36226e-08 7.59659e+07 -1.21737e+08)
(4.9585e-08 6.8787e+07 -1.12176e+08)
)
;

boundaryField
{
    outletWall
    {
        type            noSlip;
    }
    fineWalls
    {
        type            noSlip;
    }
    fineFrontAndBack
    {
        type            zeroGradient;
    }
    fineplugLeft
    {
        type            cyclicAMI;
        value           nonuniform List<vector> 
20
(
(9.27163e-07 2.8787e+07 4.7781e+07)
(4.07783e-07 3.62305e+07 3.4013e+07)
(2.59666e-07 3.09309e+07 2.7831e+07)
(1.65505e-07 3.02492e+07 2.10017e+07)
(1.02001e-07 2.81427e+07 1.56745e+07)
(4.66529e-08 2.66367e+07 1.06625e+07)
(8.26963e-09 2.49358e+07 6.22963e+06)
(-1.45816e-08 2.33495e+07 2.23376e+06)
(-2.2779e-08 2.18281e+07 -1.15892e+06)
(-2.64718e-08 2.0583e+07 -3.86026e+06)
(-2.90457e-08 1.94144e+07 -5.97278e+06)
(-3.00359e-08 1.82398e+07 -7.48441e+06)
(-2.88592e-08 1.78657e+07 -8.34743e+06)
(-2.27739e-08 1.65785e+07 -1.13304e+07)
(-5.921e-09 1.27486e+07 -1.72965e+07)
(2.85363e-08 1.23743e+07 -1.87685e+07)
(1.00127e-07 1.06328e+07 -2.14101e+07)
(2.32464e-07 8.79018e+06 -2.34263e+07)
(4.14053e-07 6.99584e+06 -2.40659e+07)
(2.91595e-07 1.33183e+07 -1.98062e+07)
)
;
    }
    fineplugRight
    {
        type            cyclicAMI;
        value           nonuniform List<vector> 
20
(
(1.17122e-08 8.37953e+07 -9.43242e+07)
(3.52276e-08 8.82056e+07 -1.02437e+08)
(4.39642e-08 8.40747e+07 -8.72811e+07)
(5.26778e-08 7.8988e+07 -7.32173e+07)
(5.27543e-08 7.46733e+07 -6.08211e+07)
(4.983e-08 7.09011e+07 -4.91332e+07)
(4.32589e-08 6.71473e+07 -3.77884e+07)
(3.24625e-08 6.3334e+07 -2.66645e+07)
(2.28433e-08 5.93841e+07 -1.57502e+07)
(8.46105e-10 5.50867e+07 -4.64993e+06)
(-3.47573e-08 4.99954e+07 6.4847e+06)
(-7.56512e-08 4.59156e+07 1.67804e+07)
(-1.14707e-07 3.92886e+07 2.60037e+07)
(-1.58544e-07 4.05052e+07 3.25855e+07)
(-1.73518e-07 3.53351e+07 4.33149e+07)
(-2.02462e-07 2.84449e+07 5.28088e+07)
(-2.82642e-07 2.13093e+07 6.30292e+07)
(-4.22535e-07 1.30162e+07 7.56155e+07)
(-1.05121e-06 -1.95106e+06 8.83565e+07)
(-1.27248e-06 -8.51017e+06 1.20938e+08)
)
;
    }
    inletOutletLeft
    {
        type            cyclicAMI;
        value           nonuniform List<vector> 
20
(
(9.27163e-07 2.8787e+07 4.7781e+07)
(4.07783e-07 3.62305e+07 3.4013e+07)
(2.59666e-07 3.09309e+07 2.7831e+07)
(1.65505e-07 3.02492e+07 2.10017e+07)
(1.02001e-07 2.81427e+07 1.56745e+07)
(4.66529e-08 2.66367e+07 1.06625e+07)
(8.26963e-09 2.49358e+07 6.22963e+06)
(-1.45816e-08 2.33495e+07 2.23376e+06)
(-2.2779e-08 2.18281e+07 -1.15892e+06)
(-2.64718e-08 2.0583e+07 -3.86026e+06)
(-2.90457e-08 1.94144e+07 -5.97278e+06)
(-3.00359e-08 1.82398e+07 -7.48441e+06)
(-2.88592e-08 1.78657e+07 -8.34743e+06)
(-2.27739e-08 1.65785e+07 -1.13304e+07)
(-5.921e-09 1.27486e+07 -1.72965e+07)
(2.85363e-08 1.23743e+07 -1.87685e+07)
(1.00127e-07 1.06328e+07 -2.14101e+07)
(2.32464e-07 8.79018e+06 -2.34263e+07)
(4.14053e-07 6.99584e+06 -2.40659e+07)
(2.91595e-07 1.33183e+07 -1.98062e+07)
)
;
    }
    inletLeft
    {
        type            fixedValue;
        value           uniform (0 8.7 15);
    }
    inletWallsLeft
    {
        type            noSlip;
    }
    inletFacesLeft
    {
        type            zeroGradient;
    }
    inletOutletRight
    {
        type            cyclicAMI;
        value           nonuniform List<vector> 
20
(
(1.17122e-08 8.37953e+07 -9.43242e+07)
(3.52276e-08 8.82056e+07 -1.02437e+08)
(4.39642e-08 8.40747e+07 -8.72811e+07)
(5.26778e-08 7.8988e+07 -7.32173e+07)
(5.27543e-08 7.46733e+07 -6.08211e+07)
(4.983e-08 7.09011e+07 -4.91332e+07)
(4.32589e-08 6.71473e+07 -3.77884e+07)
(3.24625e-08 6.3334e+07 -2.66645e+07)
(2.28433e-08 5.93841e+07 -1.57502e+07)
(8.46105e-10 5.50867e+07 -4.64993e+06)
(-3.47573e-08 4.99954e+07 6.4847e+06)
(-7.56512e-08 4.59156e+07 1.67804e+07)
(-1.14707e-07 3.92886e+07 2.60037e+07)
(-1.58544e-07 4.05052e+07 3.25855e+07)
(-1.73518e-07 3.53351e+07 4.33149e+07)
(-2.02462e-07 2.84449e+07 5.28088e+07)
(-2.82642e-07 2.13093e+07 6.30292e+07)
(-4.22535e-07 1.30162e+07 7.56155e+07)
(-1.05121e-06 -1.95106e+06 8.83565e+07)
(-1.27248e-06 -8.51017e+06 1.20938e+08)
)
;
    }
    inletRight
    {
        type            fixedValue;
        value           uniform (0 8.7 15);
    }
    inletWallsRight
    {
        type            noSlip;
    }
    inletFacesRight
    {
        type            zeroGradient;
    }
}


// ************************************************************************* //
