/*--------------------------------*- C++ -*----------------------------------*\
| =========                 |                                                 |
| \\      /  F ield         | OpenFOAM: The Open Source CFD Toolbox           |
|  \\    /   O peration     | Version:  4.1                                   |
|   \\  /    A nd           | Web:      www.OpenFOAM.org                      |
|    \\/     M anipulation  |                                                 |
\*---------------------------------------------------------------------------*/
FoamFile
{
    version     2.0;
    format      ascii;
    class       volVectorField;
    location    "9";
    object      U;
}
// * * * * * * * * * * * * * * * * * * * * * * * * * * * * * * * * * * * * * //

dimensions      [0 1 -1 0 0 0 0];

internalField   nonuniform List<vector> 
1280
(
(-2.70963e-19 1.85096 -0.0348927)
(8.78687e-18 1.19077 -0.126137)
(-5.06848e-17 0.926356 -0.17483)
(-3.0748e-17 1.12854 -0.19376)
(-9.74009e-18 1.29474 -0.287395)
(-1.18714e-17 0.993633 -0.260917)
(3.0924e-17 1.14781 -0.28156)
(-1.13783e-16 1.11468 -0.263498)
(2.10504e-16 1.35438 -0.469489)
(1.35655e-16 1.17042 -0.398892)
(3.1555e-16 1.25738 -0.359477)
(-2.75e-16 1.57586 -0.669229)
(-5.13993e-16 1.36852 -0.566902)
(-4.21501e-16 1.50773 -0.521094)
(-1.16735e-15 1.83661 -0.915726)
(-1.10815e-15 1.6758 -0.779643)
(-1.12616e-15 1.85968 -0.668106)
(-1.18603e-15 2.18401 -1.62179)
(-6.92419e-16 2.44541 -0.850394)
(-1.00074e-15 1.96218 -2.47833)
(-2.18584e-16 2.38499 0.76031)
(-1.88802e-15 2.57341 4.07294)
(-2.11017e-15 2.3336 5.75448)
(-2.39376e-15 2.57608 6.85226)
(-2.27841e-15 2.47388 7.65468)
(-3.0024e-15 2.80513 8.66059)
(-2.48208e-15 1.43363 8.16252)
(-3.65965e-15 5.22165 13.3824)
(-3.58419e-15 5.47952 13.9015)
(-3.77135e-15 5.53079 14.3413)
(-3.88532e-15 5.59792 14.6913)
(-3.92908e-15 5.65367 14.9763)
(-3.87887e-15 5.69361 15.2075)
(-3.8745e-15 5.70617 15.3967)
(-4.01704e-15 5.74473 15.5462)
(-3.95687e-15 5.71498 15.664)
(-4.03145e-15 5.79432 15.7621)
(-4.05329e-15 5.64029 15.8787)
(-3.77954e-15 6.01 16.5306)
(-4.54654e-15 5.57594 14.7026)
(-3.90611e-15 9.6143 15.1786)
(-2.19494e-15 3.38134 10.6926)
(-2.05037e-15 1.75116 10.3334)
(-2.21188e-15 1.12873 11.0122)
(-8.04496e-16 -1.41057 4.33028)
(2.4814e-15 -0.949245 -3.52011)
(4.95664e-15 -0.798145 -2.71673)
(7.58334e-15 -0.355994 -3.40647)
(3.01466e-14 0.850184 -5.68571)
(5.16294e-14 2.66997 -7.05837)
(4.26668e-14 -3.63067 -5.05652)
(7.02803e-15 0.59919 0.425019)
(-2.0928e-16 -0.442079 5.26053)
(4.29676e-16 -1.0289 4.7924)
(3.05126e-16 -1.63238 5.17788)
(5.10696e-16 -2.78196 8.80836)
(4.87356e-16 -4.20418 8.95615)
(5.86426e-16 -5.40033 9.05836)
(6.12776e-16 -6.25381 9.19415)
(1.24448e-15 -9.23932 12.7624)
(1.41164e-15 -8.63806 10.3032)
(7.14506e-16 -8.9782 10.9322)
(6.77534e-16 -9.07352 11.0125)
(5.09207e-16 -9.20989 11.1999)
(3.92834e-16 -9.29292 11.3178)
(2.54408e-16 -9.35689 11.4451)
(8.62847e-17 -9.39028 11.5787)
(-5.71215e-17 -9.39567 11.7356)
(-2.43166e-16 -9.37614 11.9163)
(-4.649e-16 -9.34202 12.117)
(-7.01665e-16 -9.24714 12.336)
(-9.21727e-16 -9.10326 12.5588)
(-1.10875e-15 -9.16753 12.6223)
(-6.15349e-16 -4.10063 6.24613)
(-1.31762e-15 -5.47144 11.1673)
(-1.2268e-15 -5.08598 10.6425)
(-1.32585e-15 -4.84562 9.45924)
(-1.52211e-15 -4.892 6.60823)
(-2.24392e-15 -4.72477 1.94544)
(-1.79629e-15 -4.94257 -1.2505)
(-6.47494e-16 -4.16338 -3.13912)
(-1.00091e-15 -4.56334 -2.33846)
(-1.29461e-15 -4.10949 -3.03732)
(-1.28677e-15 -3.45933 -1.35273)
(-1.31447e-15 -3.09535 -1.57377)
(-1.72918e-15 -3.34229 -1.8371)
(-1.15394e-15 -2.61343 -0.880676)
(-1.0588e-15 -2.40817 -1.01262)
(-1.35784e-15 -2.66937 -1.21337)
(-6.82845e-16 -2.11248 -0.617646)
(-8.02305e-16 -1.9638 -0.708258)
(-8.68079e-16 -2.22635 -0.853669)
(1.02812e-16 -1.77941 -0.45)
(1.45004e-16 -1.83683 -0.499396)
(1.4345e-16 -1.5841 -0.485499)
(1.95662e-16 -1.99311 -0.577333)
(1.33018e-16 -1.71108 -0.353239)
(9.94986e-17 -1.39471 -0.348977)
(1.32961e-16 -1.7471 -0.302335)
(-1.33704e-17 -2.73055 -0.0505932)
(-9.54158e-13 267.337 203.201)
(1.1127e-13 -52.2882 -60.8704)
(6.02944e-14 -45.0753 -2.04428)
(-5.49689e-15 24.0225 52.8918)
(1.14169e-14 4.41403 -8.13911)
(1.26241e-14 11.8121 14.653)
(-7.78329e-16 -2.15482 -2.65636)
(-1.3355e-15 -4.186 -3.11664)
(-6.9466e-17 -4.33627 -1.2278)
(2.69407e-17 -3.50758 0.637267)
(-1.1738e-16 -1.61173 1.59797)
(-2.14485e-17 0.350726 1.64793)
(7.07544e-18 -0.79341 -0.71554)
(-1.95783e-19 -1.55495 -0.344087)
(3.27324e-19 -1.50556 0.110004)
(-2.51e-20 -1.06475 0.317705)
(1.65126e-20 -0.789813 0.0122532)
(-4.24706e-20 -1.13143 -0.311561)
(2.52736e-18 -1.6018 0.105899)
(2.60973e-13 -95.5998 -79.4586)
(3.96238e-14 37.4814 63.2014)
(8.20446e-14 -44.9558 -4.69131)
(1.24482e-15 1.63978 17.309)
(1.37889e-15 5.91078 7.49533)
(-1.30195e-15 -1.94592 5.64987)
(-2.37709e-16 3.58108 5.19885)
(-9.27244e-16 -1.3406 -1.97103)
(2.84805e-16 -3.90239 -3.42474)
(1.39093e-15 -3.88335 -1.56291)
(5.17795e-16 -1.50206 1.47166)
(-8.44329e-17 1.2864 1.25972)
(1.05579e-16 0.0835744 -1.39672)
(9.82488e-18 -1.53978 -0.906219)
(-3.01158e-18 -1.48382 -0.0190143)
(3.36502e-19 -0.825664 0.575182)
(-4.84093e-20 -0.422165 0.0291134)
(1.80829e-19 -0.957164 -0.646142)
(-7.87319e-18 -1.48152 -0.0520377)
(-7.33359e-17 88.5028 9.21111)
(3.63751e-14 4.16373 -11.4052)
(8.81707e-14 -32.2094 -1.46872)
(1.27887e-15 9.58448 4.77805)
(2.48929e-15 7.50404 6.77278)
(-3.70474e-16 5.15954 6.61302)
(-1.10564e-15 2.89269 5.20403)
(-7.83124e-16 0.744994 2.66791)
(1.85281e-16 -2.66949 -2.8281)
(2.3495e-15 -3.99167 -2.9348)
(1.69006e-15 -2.11007 -0.113841)
(1.69206e-16 1.53248 0.208404)
(2.57227e-16 0.424714 -1.83952)
(7.16173e-17 -1.54209 -1.29505)
(-4.12882e-18 -1.44674 -0.217861)
(-9.34622e-20 -0.593844 0.489187)
(-2.04304e-19 0.155292 -0.204189)
(-4.9584e-19 -0.657633 -0.697706)
(2.29371e-17 -1.0564 -0.514066)
(5.91886e-14 6.83157 -4.12727)
(9.59965e-14 -13.4017 28.0863)
(7.88615e-14 -31.8926 3.58741)
(5.90326e-16 4.54057 13.2049)
(5.55396e-16 6.77902 8.64094)
(-1.6172e-15 2.54303 8.69482)
(-1.91422e-15 4.4471 7.64419)
(-1.40009e-15 2.41607 4.98239)
(2.53513e-16 -1.92239 -0.667919)
(2.39079e-15 -4.44049 -2.26777)
(2.11868e-15 -2.79058 -0.408498)
(4.17482e-16 1.82627 -0.732874)
(5.49778e-16 0.731065 -2.1692)
(2.6276e-16 -2.15504 -1.86519)
(3.63897e-17 -1.94953 -0.474921)
(-6.76309e-18 -0.674622 0.447288)
(9.94626e-19 0.24298 -0.657081)
(-1.66606e-18 -0.703617 -0.816991)
(1.08183e-16 -1.13237 -1.17816)
(5.04685e-14 36.8791 9.3167)
(9.77833e-14 -2.17529 16.4684)
(6.82442e-14 -29.8052 6.85535)
(1.14403e-14 5.18801 7.3051)
(-7.62522e-16 8.19759 9.87425)
(-2.93734e-15 3.91782 8.69294)
(-2.99689e-15 4.64098 8.85949)
(-2.12687e-15 3.89493 7.26327)
(1.89153e-16 -0.464897 2.96457)
(1.82848e-15 -4.27389 -0.488271)
(1.80062e-15 -2.81516 0.521923)
(6.4182e-16 2.34775 -1.22979)
(9.71829e-16 0.810747 -1.23507)
(5.82958e-16 -2.3425 -1.88012)
(1.61024e-16 -2.38823 -0.547606)
(-4.37839e-18 -0.675929 0.399882)
(2.10965e-17 0.438068 -1.10556)
(-5.87588e-17 -0.634155 -1.03135)
(3.49057e-16 -0.903917 -2.06443)
(5.45648e-14 15.4297 11.6618)
(8.53979e-14 -4.69544 13.2384)
(6.03453e-14 -26.3061 8.50716)
(2.05198e-14 3.97374 -0.313813)
(-5.36759e-16 6.62555 9.52213)
(-4.38565e-15 3.49899 8.46879)
(-3.98881e-15 4.95702 9.18412)
(-2.84819e-15 4.78749 8.20789)
(-3.79976e-16 1.0469 5.9321)
(1.24987e-15 -3.56464 2.25531)
(1.20685e-15 -2.2697 1.63694)
(9.4748e-16 2.68259 0.697164)
(1.26279e-15 0.707254 1.6716)
(9.03165e-16 -2.45743 -1.50896)
(3.4713e-16 -2.67693 -0.225038)
(4.08221e-17 -0.466061 0.407346)
(6.61612e-17 0.753459 -1.40922)
(-1.16595e-16 -0.462581 -1.52903)
(4.85464e-16 -0.865462 -3.81367)
(5.62017e-14 18.4533 18.1057)
(7.33485e-14 -5.8726 9.55228)
(5.49913e-14 -22.4462 9.59599)
(2.95723e-14 3.54045 -6.89645)
(1.31644e-15 5.00872 7.17618)
(-5.5274e-15 3.48759 7.15638)
(-4.72859e-15 4.87559 8.34827)
(-3.23119e-15 5.22163 7.9876)
(-5.84044e-16 1.95142 7.57084)
(9.89786e-16 -2.71825 5.02573)
(8.97505e-16 -1.65118 3.38308)
(1.05667e-15 2.34156 4.82792)
(1.12031e-15 1.44392 5.03184)
(9.66634e-16 -2.16222 0.29849)
(5.29653e-16 -2.95031 0.243859)
(1.49992e-16 0.14219 0.639647)
(1.59639e-16 1.55793 -0.160995)
(2.70094e-16 0.921774 -1.89839)
(-1.7551e-16 0.418583 0.0192797)
(5.70797e-14 10.0124 22.1506)
(6.50809e-14 -4.57598 8.54271)
(5.10747e-14 -17.5404 9.99818)
(3.34586e-14 2.49846 -10.4176)
(5.34455e-15 2.80069 3.3134)
(-6.15211e-15 2.50816 5.94393)
(-5.26716e-15 4.69548 7.29752)
(-3.2809e-15 5.14772 7.4256)
(-4.17101e-16 2.25771 8.63345)
(1.01749e-15 -2.12811 7.35131)
(8.34993e-16 -1.66934 6.20556)
(7.19602e-16 1.96809 8.7397)
(6.93742e-16 2.42366 9.08622)
(8.05674e-16 -0.634619 4.7919)
(4.95085e-16 -2.65854 0.835696)
(2.08526e-16 0.128011 0.893882)
(4.12152e-16 0.900387 4.46697)
(4.57605e-16 -1.36216 6.48569)
(6.79837e-16 -5.1509 9.56678)
(5.54329e-14 7.0386 26.7614)
(5.92266e-14 -3.53253 7.92107)
(4.79452e-14 -11.9315 9.83996)
(3.05481e-14 2.65628 -11.6329)
(6.5494e-15 1.43047 1.78291)
(-6.33704e-15 0.876704 5.41364)
(-5.98525e-15 4.44866 7.02491)
(-3.29006e-15 4.72431 7.38522)
(-7.98586e-17 1.95195 9.95022)
(1.18594e-15 -1.96922 9.97745)
(5.50214e-16 -1.97288 9.49025)
(-3.58504e-16 1.40998 11.3116)
(-1.93742e-16 2.86517 11.7782)
(9.04744e-16 1.01708 10.3649)
(7.48791e-16 -1.40108 7.09094)
(6.53904e-16 -1.09554 8.01301)
(9.28223e-16 -0.539742 11.6469)
(9.14399e-16 -1.41909 12.2909)
(8.01466e-16 -3.32293 11.6015)
(4.33628e-14 1.82995 30.3049)
(5.17265e-14 -1.88756 7.10689)
(4.47238e-14 -6.29797 9.12812)
(2.18206e-14 0.976755 -10.2364)
(-3.29107e-15 -0.741889 7.77611)
(-6.34381e-15 -0.248974 5.06522)
(-6.59478e-15 4.11201 7.34641)
(-3.51021e-15 4.01337 7.66279)
(-1.90748e-17 1.1384 11.3305)
(1.01099e-15 -2.13087 12.3438)
(-5.94038e-16 -2.12398 11.7517)
(-2.5292e-15 1.08782 11.5181)
(-1.6358e-15 2.67531 11.6744)
(6.41668e-16 0.95493 12.6894)
(1.91547e-15 -1.45099 12.5334)
(1.13739e-15 -1.58732 12.0647)
(5.8346e-16 -0.889126 11.7589)
(2.01075e-16 -1.26655 9.71761)
(1.40479e-15 -2.26445 6.1522)
(-2.49024e-15 -0.708289 31.3005)
(-9.4828e-16 -0.210415 6.58657)
(4.45034e-15 -0.0350446 8.4983)
(7.46209e-15 -1.46384 -10.1809)
(-2.48469e-15 -1.42212 7.79924)
(-5.33864e-15 -0.667276 4.3491)
(-5.76694e-15 3.64857 7.28643)
(-3.93632e-15 3.11272 7.44729)
(-8.97756e-16 0.0372548 11.8958)
(-4.3665e-16 -2.25121 13.2889)
(-1.7601e-15 -1.55679 12.136)
(-2.81796e-15 1.53363 9.80714)
(-2.73555e-15 2.51395 10.0633)
(-2.27488e-15 0.769949 12.2948)
(-1.28329e-15 -1.21397 12.2768)
(-2.14758e-15 -0.999109 11.3349)
(-3.7624e-15 0.241431 9.97748)
(-3.24308e-15 0.939672 7.7723)
(2.72802e-15 1.13381 3.58747)
(-1.68952e-14 -5.67356 28.2319)
(-1.46659e-14 1.59284 8.15535)
(-1.10487e-14 6.33897 9.79136)
(-1.82598e-15 -3.56695 -11.9273)
(-7.98458e-16 -3.06848 7.43866)
(-5.63359e-15 -1.12533 3.71546)
(-7.128e-15 3.1812 6.69433)
(-4.10313e-15 2.15021 6.14283)
(-1.96894e-15 -1.10614 10.8148)
(-1.66302e-15 -2.30884 11.8024)
(-1.64386e-15 -0.686865 9.20998)
(-1.41291e-15 1.80815 5.74447)
(-2.23927e-15 1.46947 7.86866)
(-3.45555e-15 -0.0757507 12.7515)
(-3.47896e-15 -1.02394 13.9353)
(-3.4081e-15 -0.460631 13.4431)
(-3.41108e-15 0.646005 12.8311)
(-3.43255e-15 1.57348 11.8193)
(-3.13318e-15 2.21769 9.83555)
(-1.9182e-14 -8.63292 23.7808)
(-1.31792e-14 2.39728 9.23553)
(-9.97974e-15 12.2678 10.3204)
(-4.5614e-15 -4.41966 -11.9734)
(8.0698e-17 -5.26223 7.877)
(-5.9198e-15 -1.41398 3.48031)
(-6.65889e-15 3.03997 5.71734)
(-4.05971e-15 1.41108 3.76722)
(-2.60101e-15 -2.00472 8.21186)
(-2.19243e-15 -1.81718 8.72553)
(-1.5305e-15 0.842392 5.51239)
(-1.27224e-15 2.11899 3.34779)
(-1.88466e-15 -0.118125 5.07475)
(-3.05056e-15 -1.45878 8.85502)
(-3.00407e-15 -1.42291 9.72124)
(-2.26886e-15 -0.51002 7.60573)
(-1.93037e-15 0.614043 5.99587)
(-2.38706e-15 2.39195 7.52072)
(-3.24548e-15 6.62566 11.4291)
(-1.88812e-14 -17.1785 19.8852)
(-1.32521e-14 3.85399 9.93842)
(-1.00193e-14 17.6408 9.96342)
(-3.09346e-15 -5.30703 -9.73308)
(-6.70068e-17 -7.47794 8.85534)
(-6.29617e-15 -1.23989 3.49766)
(-5.48166e-15 3.42877 4.61112)
(-3.32916e-15 1.08081 1.37003)
(-2.96609e-15 -2.89988 5.05046)
(-2.53969e-15 -1.46667 5.6865)
(-1.98937e-15 1.54974 3.44635)
(-1.37122e-15 2.21535 2.46596)
(-1.33269e-15 -0.837112 3.02164)
(-2.40765e-15 -1.95038 4.74835)
(-2.24732e-15 -0.755784 4.7092)
(-9.51736e-16 0.892799 1.19161)
(-2.94524e-16 0.885697 -0.08575)
(2.16677e-16 -0.675414 -1.74759)
(5.22402e-17 -1.91706 -0.345571)
(-1.7612e-14 -14.4918 13.5096)
(-1.34215e-14 3.30369 12.1877)
(-1.0097e-14 22.301 8.58691)
(-7.25711e-16 -5.65774 -5.06523)
(-9.36578e-16 -9.2046 9.4986)
(-6.57094e-15 -0.505278 3.68569)
(-4.24816e-15 4.16291 3.31561)
(-1.80966e-15 1.36737 0.422596)
(-3.13574e-15 -3.61851 2.01481)
(-2.80448e-15 -1.37699 3.22239)
(-2.29022e-15 2.00998 1.93432)
(-1.09403e-15 2.468 1.38952)
(-5.87572e-16 -1.01741 1.3193)
(-1.69101e-15 -2.16353 1.67111)
(-1.93754e-15 -0.0666281 1.6178)
(-8.16059e-16 1.5187 -0.269023)
(-2.42705e-16 1.51715 0.0670322)
(-1.08003e-16 1.41358 0.0453379)
(3.65327e-16 1.66354 -1.50518)
(-1.64081e-14 -35.2531 10.7077)
(-1.35411e-14 -0.566497 12.3812)
(-1.02848e-14 26.6678 6.45156)
(-1.52998e-16 -6.71202 0.509255)
(-1.91289e-15 -10.234 9.35932)
(-6.88962e-15 0.431494 4.29002)
(-4.38288e-15 5.0754 1.4353)
(-5.60477e-16 1.92419 0.89859)
(-2.85237e-15 -4.06414 -0.179312)
(-2.94149e-15 -1.59552 1.06323)
(-2.36633e-15 2.27532 0.45476)
(-7.57379e-16 2.60884 0.488353)
(-1.33373e-16 -0.992112 0.570895)
(-8.84813e-16 -2.15508 -0.140195)
(-1.46231e-15 -0.0269575 -0.469306)
(-4.75111e-16 1.4253 -0.808533)
(-8.08845e-17 1.28927 -0.381406)
(2.30665e-17 0.85718 -0.430934)
(1.06595e-16 0.212327 -0.770414)
(-1.61921e-14 -5.24084 -1.51194)
(-1.34243e-14 10.8271 28.2391)
(-1.04399e-14 29.5936 3.30935)
(-8.50418e-16 -6.2379 7.38426)
(-3.01191e-15 -10.5929 8.50443)
(-8.91783e-15 2.47224 3.8619)
(-6.30544e-15 6.04795 -1.20574)
(-4.35588e-16 2.06388 1.24485)
(-1.97311e-15 -3.67003 -0.742683)
(-2.66554e-15 -1.82619 -0.811956)
(-2.01163e-15 1.97275 -0.804836)
(-4.758e-16 2.48768 -0.248601)
(6.20071e-18 -0.729665 0.439433)
(-2.92079e-16 -1.85735 -0.676035)
(-6.90797e-16 -0.177677 -1.33902)
(-1.37418e-16 1.44341 -0.99895)
(1.5625e-17 1.32522 -0.420782)
(6.12165e-18 1.10904 -0.239865)
(-8.46231e-18 1.01305 -0.420485)
(-1.00003e-14 -85.8367 12.1181)
(-1.50152e-14 -1.97 -11.3945)
(-1.03754e-14 30.5138 -0.853329)
(-1.94208e-15 -10.556 1.80199)
(-3.79387e-15 -8.38775 5.76783)
(-1.02935e-14 2.97846 -2.00114)
(-7.90518e-15 6.03241 -4.02433)
(-1.24852e-15 1.77581 0.748682)
(-1.01432e-15 -3.45636 -0.128969)
(-1.95349e-15 -1.85573 -1.66528)
(-1.22412e-15 1.69111 -1.54297)
(-2.13028e-16 2.05235 -0.560722)
(2.37496e-17 -0.503405 0.680423)
(-4.15427e-17 -1.58666 -0.500295)
(-2.15112e-16 -0.137635 -1.26099)
(-1.67692e-17 1.0769 -0.947523)
(6.4033e-18 1.0347 -0.405089)
(-1.21999e-18 0.841072 -0.213884)
(-4.94358e-18 0.691488 -0.074227)
(-3.35802e-14 93.3019 -74.7187)
(-1.39635e-14 -39.2802 58.974)
(-8.98304e-15 43.409 -4.36218)
(-2.28484e-15 -2.80256 13.3429)
(-4.60883e-15 -11.8045 5.78553)
(-6.33673e-15 6.10866 -8.55336)
(-5.60411e-15 5.63101 -4.59589)
(-1.45861e-15 1.0746 1.48025)
(-3.93512e-16 -1.76997 0.568799)
(-1.19215e-15 -1.07018 -1.40179)
(-4.6792e-16 1.61236 -1.71319)
(-3.3887e-17 1.75934 -0.236977)
(1.21703e-17 -0.274138 1.306)
(1.26819e-17 -0.908298 -0.029705)
(-2.73619e-17 0.108951 -0.919233)
(1.11274e-18 1.16469 -0.807885)
(4.12187e-19 1.19757 -0.243871)
(2.6659e-19 1.05749 -0.0708583)
(1.72368e-18 1.21403 0.180751)
(7.02915e-14 -259.378 202.337)
(-1.35159e-14 52.0207 -59.6569)
(-6.22834e-15 43.1679 -1.95359)
(-2.46752e-15 -23.1509 50.5822)
(-2.96791e-15 5.23996 -9.48598)
(-1.17732e-15 10.4365 -6.64892)
(-3.46213e-16 3.8917 1.04183)
(-1.3482e-16 -2.52288 5.78712)
(-1.94472e-16 -3.77101 2.94883)
(-5.44417e-16 -1.33974 -1.41952)
(-3.03802e-17 1.62218 -0.996344)
(1.42016e-17 1.40643 0.267927)
(2.80481e-18 -0.707583 1.94787)
(1.35417e-17 -1.389 1.0417)
(1.16345e-17 0.40246 -1.02386)
(7.11602e-19 1.19916 -0.412618)
(-4.7148e-19 1.23937 -0.00972283)
(-1.19235e-20 1.14017 -0.00864514)
(-1.13932e-19 1.28521 0.152993)
(1.29667e-16 5.55939 10.0286)
(-5.46435e-15 10.1743 17.2726)
(-4.44559e-15 10.1516 17.0565)
(-4.38552e-15 9.88106 16.3623)
(-4.17759e-15 9.87728 16.1903)
(-6.07446e-15 9.93433 16.1183)
(-4.84604e-15 9.81491 15.7667)
(-4.53827e-15 9.81109 15.7779)
(-4.13608e-15 9.81039 15.8062)
(-4.37994e-15 9.79871 15.8172)
(-4.38944e-15 9.77303 15.8321)
(-4.47535e-15 9.74664 15.8518)
(-4.19287e-15 9.72125 15.8714)
(-4.11151e-15 9.68559 15.8992)
(-4.58788e-15 9.66073 15.915)
(-4.10799e-15 9.60287 15.9318)
(-4.30915e-15 9.62054 15.9971)
(-3.96137e-15 9.96005 16.7435)
(-3.99605e-15 9.97261 16.6465)
(-6.79357e-15 5.29469 9.01871)
(4.55331e-17 5.19028 8.78199)
(-4.83464e-15 9.29987 15.9566)
(-3.29409e-15 8.96368 15.4721)
(-3.43048e-15 8.74572 15.0838)
(-3.82819e-15 8.73701 15.1447)
(-5.85297e-15 8.77442 15.1811)
(-3.70226e-15 8.81506 15.2942)
(-3.81669e-15 8.85367 15.3062)
(-3.87884e-15 8.86462 15.334)
(-4.01155e-15 8.89153 15.3588)
(-3.68183e-15 8.90854 15.3877)
(-3.9698e-15 8.92629 15.4151)
(-3.45619e-15 8.94407 15.44)
(-3.83078e-15 8.95205 15.4697)
(-3.96651e-15 8.97228 15.4872)
(-3.48836e-15 8.95831 15.5064)
(-3.67155e-15 9.03409 15.594)
(-3.34397e-15 9.3964 16.2997)
(-3.54236e-15 9.3162 16.1203)
(-6.12889e-15 4.63036 8.12322)
(1.76723e-18 5.70553 9.93858)
(-1.74529e-15 9.63253 16.5047)
(-1.20404e-15 9.25173 15.9629)
(-1.33173e-15 9.05574 15.5461)
(-1.46012e-15 9.02485 15.5429)
(-3.51183e-15 9.04315 15.5378)
(-1.88241e-15 9.01895 15.5277)
(-1.70972e-15 9.0221 15.5281)
(-1.73658e-15 9.01362 15.5362)
(-1.70995e-15 9.0141 15.5401)
(-1.75676e-15 9.00858 15.5483)
(-1.70792e-15 9.00597 15.5571)
(-1.69589e-15 9.00445 15.566)
(-1.91248e-15 8.99745 15.5804)
(-1.91347e-15 9.00109 15.5868)
(-1.87255e-15 8.97771 15.5946)
(-1.73714e-15 9.02461 15.6489)
(-1.73604e-15 9.34252 16.3008)
(-1.62024e-15 9.4002 16.3481)
(-2.81467e-15 4.99496 8.84771)
(-1.97308e-18 5.73336 9.90822)
(4.21842e-16 9.48903 16.3174)
(3.06866e-16 9.07599 15.6935)
(3.05793e-16 8.89587 15.3367)
(3.21958e-16 8.87685 15.3576)
(-1.95559e-15 8.89559 15.3638)
(-1.80769e-15 8.88663 15.3824)
(-1.52205e-15 8.89627 15.3854)
(-1.77967e-15 8.89022 15.3969)
(-1.52649e-15 8.89505 15.4031)
(-1.60104e-15 8.8928 15.4131)
(-1.7267e-15 8.89377 15.4218)
(-1.57889e-15 8.89466 15.4302)
(-1.7098e-15 8.89118 15.4422)
(-1.96058e-15 8.89623 15.4474)
(-1.65923e-15 8.87891 15.4537)
(-1.61363e-15 8.91045 15.4817)
(-1.61239e-15 9.17953 16.0284)
(-1.4229e-15 9.37641 16.3447)
(-3.02385e-15 5.27081 9.28843)
(7.96929e-19 5.92712 10.2732)
(-9.46615e-17 9.52256 16.3652)
(-7.4567e-17 9.08547 15.7102)
(-7.36084e-17 8.91728 15.3671)
(-7.21968e-17 8.89565 15.3815)
(4.89901e-16 8.91041 15.3831)
(4.1406e-16 8.89685 15.392)
(3.97795e-16 8.90189 15.3926)
(3.99723e-16 8.89386 15.4003)
(4.02027e-16 8.89523 15.4035)
(4.04296e-16 8.89045 15.41)
(4.06395e-16 8.88904 15.4153)
(3.99593e-16 8.88735 15.4207)
(4.33918e-16 8.88261 15.4289)
(4.41457e-16 8.88535 15.432)
(4.22053e-16 8.87004 15.437)
(4.02723e-16 8.88809 15.4448)
(3.99591e-16 9.10221 15.8848)
(3.83181e-16 9.42226 16.4126)
(6.35531e-16 5.64497 9.93861)
(-2.71411e-19 6.06535 10.4891)
(2.17669e-17 9.48912 16.3126)
(1.79846e-17 9.03455 15.6154)
(1.74413e-17 8.87947 15.3041)
(1.6445e-17 8.86257 15.3209)
(-1.13907e-16 8.87637 15.3238)
(-9.51183e-17 8.86537 15.3341)
(-1.03723e-16 8.8708 15.3354)
(-9.34552e-17 8.86398 15.3433)
(-1.01087e-16 8.866 15.3467)
(-9.84802e-17 8.86201 15.3532)
(-1.0116e-16 8.86152 15.3584)
(-9.03302e-17 8.86014 15.3638)
(-9.82424e-17 8.85669 15.3712)
(-1.05026e-16 8.85922 15.3745)
(-9.60051e-17 8.8474 15.3805)
(-9.84563e-17 8.85832 15.3797)
(-9.25198e-17 9.02847 15.7302)
(-9.40823e-17 9.42429 16.3929)
(-1.37574e-16 5.95721 10.4555)
(8.34488e-20 6.24301 10.7929)
(-5.08028e-18 9.47977 16.2937)
(-4.2384e-18 9.0059 15.5616)
(-4.17897e-18 8.86738 15.2809)
(-3.77327e-18 8.85229 15.2979)
(2.63527e-17 8.86458 15.2998)
(2.2688e-17 8.85404 15.3086)
(2.53807e-17 8.85869 15.3096)
(2.16524e-17 8.85222 15.3165)
(2.47462e-17 8.85392 15.3194)
(2.40337e-17 8.84998 15.3252)
(2.40018e-17 8.84966 15.3296)
(2.11421e-17 8.84802 15.3345)
(2.21098e-17 8.84532 15.3408)
(2.51554e-17 8.84722 15.344)
(2.2431e-17 8.83779 15.35)
(2.36848e-17 8.84476 15.3455)
(2.13943e-17 8.98189 15.6297)
(2.25173e-17 9.41911 16.3625)
(2.98124e-17 6.22654 10.9071)
(-2.37367e-20 6.41853 11.0863)
(1.1832e-18 9.45468 16.2528)
(9.82372e-19 8.96728 15.4913)
(9.95035e-19 8.84655 15.245)
(8.8393e-19 8.834 15.2628)
(-6.18348e-18 8.84519 15.2646)
(-5.54093e-18 8.83579 15.2732)
(-5.87114e-18 8.84019 15.2745)
(-5.11189e-18 8.83448 15.2812)
(-5.83257e-18 8.83626 15.2842)
(-5.76123e-18 8.83272 15.29)
(-5.52926e-18 8.83288 15.2942)
(-5.10888e-18 8.83122 15.2994)
(-5.09671e-18 8.82949 15.3053)
(-5.91815e-18 8.83088 15.309)
(-5.37805e-18 8.82367 15.3152)
(-5.51742e-18 8.82818 15.3098)
(-5.05657e-18 8.94076 15.5446)
(-5.45608e-18 9.39756 16.3123)
(-6.61483e-18 6.45197 11.2855)
(6.53629e-21 6.60276 11.3991)
(-2.74528e-19 9.42825 16.2099)
(-2.27181e-19 8.93249 15.4297)
(-2.34818e-19 8.8301 15.2176)
(-2.13868e-19 8.81922 15.2355)
(1.4712e-18 8.82924 15.2369)
(1.31181e-18 8.82064 15.2449)
(1.33738e-18 8.82458 15.2463)
(1.22273e-18 8.8194 15.2526)
(1.34266e-18 8.82104 15.2555)
(1.34861e-18 8.81774 15.2612)
(1.27869e-18 8.81813 15.2651)
(1.22629e-18 8.81631 15.2704)
(1.19946e-18 8.81532 15.2757)
(1.3628e-18 8.816 15.2799)
(1.28987e-18 8.81063 15.2859)
(1.27379e-18 8.81325 15.2807)
(1.21695e-18 8.90621 15.4757)
(1.33811e-18 9.36929 16.2565)
(1.52144e-18 6.65439 11.6294)
(-1.79666e-21 6.78683 11.7112)
(6.43874e-20 9.394 16.1551)
(5.32068e-20 8.89745 15.3685)
(5.56127e-20 8.81274 15.1896)
(5.22402e-20 8.80329 15.2072)
(-3.54061e-19 8.81224 15.2085)
(-3.01567e-19 8.80448 15.2159)
(-3.06854e-19 8.808 15.2176)
(-2.92584e-19 8.8034 15.2236)
(-3.08088e-19 8.80488 15.2266)
(-3.12107e-19 8.80186 15.2321)
(-3.02843e-19 8.80245 15.236)
(-2.93167e-19 8.80049 15.2413)
(-2.83842e-19 8.80021 15.2462)
(-3.11327e-19 8.80015 15.2509)
(-3.0544e-19 8.7965 15.2567)
(-2.95713e-19 8.79752 15.2523)
(-2.92073e-19 8.8741 15.4135)
(-3.30935e-19 9.3338 16.192)
(-3.59381e-19 6.8434 11.9522)
(4.92463e-22 6.97153 12.0254)
(-1.53809e-20 9.35464 16.0918)
(-1.27149e-20 8.86487 15.3122)
(-1.33122e-20 8.79671 15.1643)
(-1.25938e-20 8.78829 15.1811)
(8.53483e-20 8.79619 15.1822)
(6.90398e-20 8.78919 15.1892)
(7.15337e-20 8.79225 15.191)
(6.98564e-20 8.78817 15.1967)
(7.1334e-20 8.78942 15.1997)
(7.24038e-20 8.78668 15.205)
(7.25766e-20 8.78735 15.2087)
(7.06002e-20 8.78526 15.2141)
(6.72098e-20 8.78557 15.2186)
(7.19581e-20 8.78476 15.2238)
(7.15592e-20 8.78269 15.229)
(6.90333e-20 8.78228 15.226)
(6.94652e-20 8.84471 15.3572)
(8.22492e-20 9.29281 16.12)
(8.5343e-20 7.02625 12.2657)
(-1.32461e-22 7.15516 12.3378)
(3.70947e-21 9.30925 16.0185)
(3.09278e-21 8.83426 15.2594)
(3.20485e-21 8.78113 15.14)
(2.99593e-21 8.77352 15.1557)
(-2.03914e-20 8.78044 15.1567)
(-1.60194e-20 8.77419 15.1632)
(-1.69597e-20 8.77678 15.1652)
(-1.6713e-20 8.77324 15.1705)
(-1.67379e-20 8.77422 15.1736)
(-1.69053e-20 8.77179 15.1788)
(-1.7251e-20 8.77247 15.1824)
(-1.70511e-20 8.77033 15.1878)
(-1.5969e-20 8.77113 15.1918)
(-1.70107e-20 8.76962 15.1974)
(-1.67476e-20 8.76904 15.2021)
(-1.61432e-20 8.76735 15.2007)
(-1.6439e-20 8.81753 15.3051)
(-2.03981e-20 9.24622 16.0393)
(-2.00602e-20 7.20578 12.5738)
(3.46028e-23 7.33783 12.6487)
(-8.90366e-22 9.2584 15.9358)
(-7.59445e-22 8.8061 15.211)
(-7.69171e-22 8.76637 15.1171)
(-7.1371e-22 8.75935 15.1315)
(4.81475e-21 8.76536 15.1324)
(3.78556e-21 8.75984 15.1384)
(4.06851e-21 8.76195 15.1406)
(4.01528e-21 8.75894 15.1456)
(3.97536e-21 8.75961 15.1488)
(3.96656e-21 8.75753 15.1537)
(4.03671e-21 8.75813 15.1572)
(4.08403e-21 8.75602 15.1626)
(3.81629e-21 8.75721 15.1663)
(4.09472e-21 8.75509 15.1722)
(3.94405e-21 8.75586 15.1763)
(3.77811e-21 8.753 15.1767)
(3.8899e-21 8.79271 15.2572)
(5.00941e-21 9.19428 15.9498)
(4.64402e-21 7.38351 12.8789)
(-8.77984e-24 7.51935 12.9575)
(2.10903e-22 9.20192 15.8434)
(1.8671e-22 8.78031 15.1666)
(1.8303e-22 8.75223 15.0953)
(1.72485e-22 8.74565 15.1081)
(-1.12914e-21 8.75085 15.1091)
(-9.09254e-22 8.74602 15.1147)
(-9.78829e-22 8.74766 15.117)
(-9.65561e-22 8.7452 15.1217)
(-9.50729e-22 8.74554 15.1249)
(-9.33518e-22 8.74385 15.1295)
(-9.34908e-22 8.7443 15.1331)
(-9.66014e-22 8.74233 15.1383)
(-9.1584e-22 8.74375 15.1418)
(-9.90804e-22 8.74117 15.1479)
(-9.35372e-22 8.74315 15.1514)
(-8.86893e-22 8.73922 15.1537)
(-9.22513e-22 8.77023 15.2133)
(-1.21331e-21 9.13695 15.8513)
(-1.06161e-21 7.55994 13.1815)
(2.17793e-24 7.69989 13.2645)
(-4.92819e-23 9.13993 15.7414)
(-4.56892e-23 8.75695 15.1265)
(-4.31335e-23 8.73878 15.0745)
(-4.23347e-23 8.73252 15.0858)
(2.64932e-22 8.73697 15.0868)
(2.20852e-22 8.73283 15.0919)
(2.34115e-22 8.73399 15.0945)
(2.31235e-22 8.73206 15.0987)
(2.27445e-22 8.73207 15.1021)
(2.20139e-22 8.73077 15.1064)
(2.16604e-22 8.73101 15.1099)
(2.26625e-22 8.72929 15.115)
(2.19667e-22 8.73077 15.1183)
(2.38349e-22 8.72792 15.1246)
(2.22699e-22 8.73089 15.1275)
(2.09381e-22 8.72601 15.1316)
(2.19376e-22 8.75008 15.1733)
(2.89988e-22 9.07421 15.7438)
(2.40911e-22 7.7353 13.4819)
(-5.32679e-25 7.87976 13.5703)
(1.14124e-23 9.07251 15.6298)
(1.10879e-23 8.73614 15.0909)
(1.00856e-23 8.72619 15.055)
(1.04575e-23 8.72014 15.0647)
(-6.24541e-23 8.72389 15.0658)
(-5.38779e-23 8.72046 15.0704)
(-5.53614e-23 8.7211 15.0731)
(-5.50108e-23 8.71966 15.077)
(-5.41726e-23 8.71937 15.0804)
(-5.19624e-23 8.71842 15.0844)
(-5.06616e-23 8.7184 15.088)
(-5.3104e-23 8.71702 15.0927)
(-5.24022e-23 8.71832 15.096)
(-5.67395e-23 8.71547 15.1022)
(-5.30709e-23 8.7191 15.1046)
(-4.97507e-23 8.71341 15.1105)
(-5.23194e-23 8.73226 15.1373)
(-6.86344e-23 9.00613 15.6274)
(-5.45102e-23 7.90969 13.7798)
(1.29526e-25 8.05938 13.8752)
(-2.63553e-24 8.99947 15.5081)
(-2.66437e-24 8.7178 15.0597)
(-2.34824e-24 8.71455 15.0366)
(-2.57097e-24 8.70877 15.0447)
(1.4786e-23 8.71173 15.0461)
(1.31152e-23 8.70916 15.0501)
(1.2933e-23 8.70929 15.053)
(1.3016e-23 8.7083 15.0564)
(1.28293e-23 8.70781 15.0598)
(1.22581e-23 8.70712 15.0635)
(1.20061e-23 8.70686 15.0672)
(1.24911e-23 8.70588 15.0715)
(1.24048e-23 8.70673 15.0749)
(1.33772e-23 8.70428 15.0809)
(1.26457e-23 8.70799 15.0831)
(1.1879e-23 8.70176 15.0904)
(1.25191e-23 8.71697 15.1053)
(1.61579e-23 8.93309 15.5027)
(1.23224e-23 8.08318 14.0752)
(-3.14809e-26 8.23966 14.1804)
(6.10098e-25 8.92059 15.3748)
(6.34016e-25 8.70165 15.0324)
(5.46391e-25 8.70362 15.0189)
(6.24238e-25 8.69851 15.0253)
(-3.50198e-24 8.70034 15.0269)
(-3.17017e-24 8.69873 15.0302)
(-2.99494e-24 8.6984 15.033)
(-3.07087e-24 8.6977 15.0361)
(-3.02377e-24 8.69712 15.0394)
(-2.88448e-24 8.69657 15.0428)
(-2.87439e-24 8.69617 15.0464)
(-2.95235e-24 8.69557 15.0503)
(-2.91655e-24 8.69586 15.054)
(-3.13277e-24 8.69426 15.0594)
(-3.01115e-24 8.69726 15.0619)
(-2.84079e-24 8.6913 15.0701)
(-3.00307e-24 8.70425 15.0762)
(-3.79652e-24 8.85558 15.3705)
(-2.78445e-24 8.25515 14.3662)
(7.76248e-27 8.42319 14.4926)
(-1.43492e-25 8.83808 15.2311)
(-1.51277e-25 8.69069 15.012)
(-1.28639e-25 8.69522 15.0051)
(-1.50782e-25 8.69182 15.0089)
(8.35059e-25 8.69212 15.0105)
(7.67129e-25 8.69115 15.0126)
(6.98515e-25 8.69035 15.0148)
(7.31706e-25 8.68952 15.0171)
(7.17858e-25 8.68863 15.0197)
(6.82886e-25 8.68775 15.0224)
(6.98243e-25 8.68689 15.0254)
(7.08138e-25 8.68605 15.0287)
(6.90196e-25 8.68543 15.0321)
(7.38295e-25 8.68433 15.0364)
(7.23333e-25 8.68532 15.0397)
(6.85132e-25 8.68104 15.0469)
(7.28733e-25 8.69107 15.0483)
(9.00299e-25 8.77265 15.2324)
(6.33863e-25 8.42326 14.6449)
(-1.62287e-27 8.61058 14.8239)
(2.85937e-26 8.75271 15.0801)
(3.03142e-26 8.69281 15.0032)
(2.55661e-26 8.695 15.0014)
(3.036e-26 8.69442 15.0021)
(-1.65478e-25 8.69407 15.0026)
(-1.54728e-25 8.69366 15.0031)
(-1.38116e-25 8.69305 15.0038)
(-1.46931e-25 8.69232 15.0046)
(-1.43521e-25 8.69143 15.0056)
(-1.36046e-25 8.69038 15.0067)
(-1.4222e-25 8.68914 15.008)
(-1.436e-25 8.68772 15.0095)
(-1.38039e-25 8.68604 15.0113)
(-1.46452e-25 8.68417 15.0133)
(-1.4595e-25 8.68208 15.0156)
(-1.38689e-25 8.67892 15.0189)
(-1.48583e-25 8.67938 15.02)
(-1.80035e-25 8.69418 15.0844)
(-1.21239e-25 8.5934 14.8933)
(-3.29189e-27 -2.62803 17.0708)
(-2.05723e-27 -8.0456 13.7283)
(1.78599e-26 -5.17491 14.5847)
(-3.28223e-26 -4.9683 14.2065)
(-2.41884e-25 -4.03557 14.1775)
(-2.02603e-25 -3.45591 14.0157)
(1.52557e-24 -2.86495 13.8702)
(6.4674e-24 -2.3771 13.6926)
(1.22009e-23 -1.95011 13.4973)
(6.69816e-24 -1.59603 13.2797)
(-3.16778e-23 -1.31237 13.0452)
(-1.13383e-22 -1.10718 12.8062)
(-1.76102e-22 -0.991679 12.5856)
(1.07716e-24 -0.989963 12.3965)
(7.54545e-22 -1.12495 12.2112)
(2.11948e-21 -1.35321 11.9689)
(3.25658e-21 -1.69584 11.5216)
(2.86998e-21 -2.44896 10.5191)
(1.10811e-21 -2.74513 8.99688)
(6.59563e-24 0.0965233 6.81394)
(-5.19098e-27 -11.3027 28.688)
(3.26944e-26 -17.0975 25.237)
(3.02905e-26 -12.1053 25.6193)
(-2.89413e-26 -12.7138 23.9382)
(5.13457e-25 -10.9769 23.2083)
(3.59134e-24 -10.2912 22.1419)
(1.01137e-23 -9.28606 21.2433)
(1.25593e-23 -8.49298 20.3089)
(-1.17059e-23 -7.70483 19.4091)
(-8.41132e-23 -6.99653 18.5147)
(-1.56636e-22 -6.33601 17.6318)
(-3.35296e-23 -5.71662 16.7301)
(4.26488e-22 -5.08081 15.7147)
(3.17708e-22 -4.32084 14.368)
(-3.69176e-21 -3.28868 12.3682)
(-1.56253e-20 -1.88946 9.44867)
(-3.04984e-20 -0.243329 5.62421)
(-2.43354e-20 1.36144 1.37685)
(1.97191e-20 2.51175 -2.07587)
(2.20139e-20 1.88965 -3.23023)
(1.86755e-27 -14.3101 30.9237)
(-1.18008e-25 -18.3691 27.8793)
(-2.82444e-25 -13.5983 27.8173)
(-3.68628e-25 -14.6525 25.3906)
(1.18076e-24 -12.5535 24.4518)
(7.62719e-24 -12.1781 22.8192)
(1.96932e-23 -11.1 21.5964)
(2.37048e-23 -10.4428 20.2516)
(-1.91599e-23 -9.6886 19.019)
(-1.35895e-22 -9.05957 17.7819)
(-2.21583e-22 -8.44986 16.585)
(4.60687e-23 -7.88715 15.3787)
(8.82408e-22 -7.28428 14.0628)
(1.21724e-21 -6.48639 12.3616)
(-3.05303e-21 -5.20931 9.86006)
(-1.88595e-20 -3.20679 6.10206)
(-4.06166e-20 -0.0944863 0.965406)
(2.46053e-20 2.28723 -4.78024)
(2.72414e-19 3.78515 -5.02473)
(4.8018e-20 2.84187 -7.08609)
(-3.5154e-26 -15.1464 30.7083)
(3.64021e-25 -18.7768 28.3281)
(4.24609e-25 -14.3193 27.8385)
(3.29063e-25 -15.7363 24.9984)
(9.89639e-25 -13.4082 24.0829)
(4.71241e-24 -13.3744 22.1163)
(1.3064e-23 -12.2419 20.7919)
(1.62823e-23 -11.6902 19.2466)
(6.84906e-24 -10.9685 17.8488)
(1.68082e-23 -10.3598 16.4424)
(5.21038e-23 -9.75949 15.0799)
(-1.21688e-22 -9.18697 13.7296)
(-1.03943e-21 -8.59804 12.3499)
(-2.67737e-21 -7.93685 10.8413)
(-3.4805e-21 -7.06812 9.07782)
(5.49303e-21 -5.92318 6.93631)
(2.11049e-20 -4.37734 4.55325)
(7.10465e-20 -2.90105 2.48624)
(1.6537e-19 -0.544695 0.199246)
(-7.63021e-20 0.801116 -3.38369)
(1.2025e-25 -15.0049 29.6354)
(-1.60185e-24 -18.5424 28.2726)
(-2.5595e-24 -14.2985 27.3119)
(-3.00396e-24 -15.5856 24.324)
(-8.84e-25 -13.1309 23.4173)
(6.63951e-24 -13.1797 21.2351)
(2.60291e-23 -11.8282 19.8657)
(8.85596e-23 -11.2397 18.149)
(1.43804e-22 -10.358 16.6784)
(-2.52315e-22 -9.66843 15.2247)
(-1.78179e-21 -8.98929 13.8715)
(-3.15533e-21 -8.37167 12.5548)
(2.74437e-21 -7.78743 11.2559)
(2.51235e-20 -7.22057 9.92007)
(5.23758e-20 -6.6129 8.46151)
(4.90792e-20 -5.89804 6.89566)
(-5.59678e-20 -5.02009 5.32192)
(-2.12088e-19 -4.12481 4.10384)
(-3.24117e-19 -2.85958 3.03189)
(-4.59446e-19 -1.26068 0.512394)
(-5.26975e-25 -14.9365 28.9607)
(6.77902e-24 -17.8028 27.8438)
(1.02337e-23 -13.9662 26.7652)
(1.04858e-23 -14.8856 23.8793)
(2.89528e-24 -12.3569 22.9691)
(-1.39203e-23 -12.3181 20.7442)
(-5.98281e-23 -10.7065 19.4863)
(-2.79667e-22 -10.0468 17.7679)
(-2.79339e-22 -8.85944 16.3277)
(2.97734e-21 -7.90814 14.6785)
(1.30296e-20 -6.84527 13.0231)
(1.11394e-20 -5.86528 11.2591)
(-7.63577e-20 -4.84866 9.34003)
(-3.20113e-19 -3.8739 7.29585)
(-5.87185e-19 -3.23514 5.67849)
(-5.73187e-19 -3.42791 5.39847)
(-4.4723e-19 -4.29211 6.3655)
(-7.17997e-19 -5.20281 7.87946)
(-1.6335e-18 -6.10946 8.95604)
(-2.09947e-18 -4.54509 7.92613)
(2.49883e-24 -15.6982 29.9846)
(-2.60179e-23 -17.5938 28.4787)
(-4.14537e-23 -14.4196 27.6048)
(-4.44955e-23 -14.7917 25.1668)
(-9.438e-24 -12.5717 24.2125)
(8.18494e-23 -12.28 22.3908)
(4.10292e-23 -10.8046 21.3821)
(-1.71755e-22 -10.0667 19.9603)
(7.19906e-22 -8.70719 18.5078)
(7.56952e-21 -7.36287 16.5031)
(2.36616e-20 -5.74272 14.2447)
(3.61454e-21 -4.1349 11.7466)
(-2.26176e-19 -2.43802 9.06463)
(-7.5189e-19 -0.79686 6.34782)
(-7.38844e-19 0.648631 3.89626)
(1.54746e-18 1.75298 1.84102)
(5.99705e-18 2.02154 0.873)
(9.02166e-18 0.55716 2.27575)
(7.11435e-18 -2.50995 6.05534)
(9.34846e-19 -3.67553 8.11142)
(-1.1658e-23 -16.582 31.2161)
(8.93246e-23 -18.8647 30.5085)
(1.51343e-22 -15.4409 29.0972)
(1.70258e-22 -15.9113 26.8962)
(1.23097e-22 -13.8336 25.9728)
(-1.47861e-22 -13.7089 24.2514)
(-4.11729e-22 -12.3744 23.3588)
(-6.98315e-22 -11.9171 22.0051)
(-1.37109e-21 -10.7042 20.6148)
(-5.97508e-22 -9.51931 18.4978)
(8.87133e-21 -7.85204 16.0317)
(2.11405e-20 -6.16273 13.2637)
(-5.92499e-20 -4.32537 10.3992)
(-4.07714e-19 -2.48264 7.46774)
(-8.00163e-19 -0.618946 4.5219)
(-1.85404e-19 1.13451 1.75242)
(2.58523e-18 2.51382 -0.533917)
(7.67246e-18 3.94413 -3.21223)
(1.24297e-17 5.06257 -5.4967)
(7.23825e-18 2.62421 -3.73982)
(4.27095e-23 -15.9016 29.0388)
(-2.78683e-22 -20.4787 32.8023)
(-5.16085e-22 -16.673 30.0132)
(-6.03617e-22 -16.7748 27.4105)
(-5.366e-22 -14.9878 26.3366)
(1.36331e-22 -14.874 24.5572)
(1.05216e-21 -13.7564 23.4649)
(9.41557e-22 -13.3801 22.0326)
(9.44373e-22 -12.5124 20.6783)
(6.54605e-21 -11.6761 18.8691)
(2.36111e-20 -10.4722 16.7803)
(4.33843e-20 -9.12884 14.4105)
(1.23964e-20 -7.61119 11.911)
(-1.77183e-19 -5.99558 9.31376)
(-5.69022e-19 -4.25592 6.63716)
(-9.00885e-19 -2.40601 3.81751)
(-7.93129e-19 -0.24198 0.871085)
(2.07321e-18 1.37211 -2.38403)
(7.59172e-18 3.7236 -4.61217)
(3.8914e-19 3.55339 -8.40912)
(-1.11645e-22 -13.6787 24.1177)
(6.76235e-22 -20.5581 33.0901)
(1.41317e-21 -17.5551 30.3025)
(1.79662e-21 -16.6582 26.8867)
(2.14896e-21 -15.1038 25.3016)
(2.50752e-21 -14.6958 23.4951)
(-3.52229e-22 -13.7576 22.1253)
(-6.7101e-22 -13.1885 20.5804)
(2.0648e-21 -12.4457 19.1155)
(-8.24212e-21 -11.7157 17.4948)
(-5.97844e-20 -10.8423 15.7487)
(-1.55676e-19 -9.85379 13.8557)
(-1.96441e-19 -8.7427 11.8636)
(9.87292e-20 -7.53603 9.7989)
(1.09613e-18 -6.21736 7.69207)
(2.93169e-18 -4.81753 5.50776)
(5.19337e-18 -3.19176 3.26372)
(7.38378e-18 -1.55598 0.737599)
(3.99236e-18 1.02444 -2.0618)
(-8.99535e-18 2.11245 -5.80492)
(-6.70408e-23 -11.2532 19.413)
(6.0833e-22 -19.5421 32.0288)
(-8.8675e-22 -17.7517 30.2436)
(-2.31373e-21 -16.1437 26.3206)
(-9.036e-21 -14.5806 24.2131)
(-3.67278e-20 -13.9222 22.3831)
(-3.185e-20 -13.041 20.9075)
(-2.24257e-20 -12.3304 19.3404)
(-3.28468e-20 -11.559 17.8299)
(-2.76772e-20 -10.8027 16.2954)
(1.01045e-19 -10.0132 14.746)
(4.84088e-19 -9.18023 13.1707)
(1.15557e-18 -8.29327 11.5794)
(1.58383e-18 -7.3599 9.9794)
(2.38216e-19 -6.35667 8.37978)
(-4.90762e-18 -5.30782 6.73452)
(-1.41315e-17 -4.08738 5.0228)
(-2.41763e-17 -2.81212 3.02668)
(-3.06813e-17 -0.690847 0.516722)
(-1.56649e-17 0.749857 -3.14768)
(3.50294e-21 -9.60113 16.5106)
(-2.51392e-20 -18.4326 30.9241)
(-2.57098e-20 -17.4207 29.8705)
(-2.11442e-20 -15.5582 25.8393)
(4.43073e-20 -13.9655 23.4326)
(3.37053e-19 -13.1861 21.576)
(3.48318e-19 -12.3361 20.0814)
(2.52874e-19 -11.5984 18.5515)
(2.1481e-19 -10.8273 17.0722)
(2.04105e-19 -10.0802 15.625)
(4.83522e-20 -9.34738 14.2309)
(-5.37858e-19 -8.62767 12.8902)
(-2.54428e-18 -7.91333 11.5934)
(-7.35143e-18 -7.1975 10.3094)
(-1.46751e-17 -6.44655 9.01566)
(-1.94773e-17 -5.6778 7.68875)
(-1.5855e-17 -4.7994 6.38441)
(-8.97966e-18 -3.90756 4.99431)
(-5.40405e-18 -2.38834 3.32644)
(2.28746e-18 -0.423909 -0.678145)
(-2.83077e-20 -9.03317 15.624)
(2.32916e-19 -17.7453 30.4055)
(2.62415e-19 -16.871 29.1732)
(2.47776e-19 -14.978 25.1742)
(-2.25359e-19 -13.4013 22.6168)
(-2.46533e-18 -12.5925 20.7214)
(-2.64837e-18 -11.8055 19.2477)
(-2.13214e-18 -11.1434 17.8102)
(-1.73785e-18 -10.4726 16.4374)
(-1.46851e-18 -9.83533 15.1074)
(-1.57633e-18 -9.22324 13.8126)
(-3.38042e-18 -8.62715 12.524)
(-7.01702e-18 -8.02951 11.1967)
(-7.09643e-18 -7.43144 9.84899)
(1.08888e-17 -6.86527 8.60017)
(5.89488e-17 -6.40042 7.67672)
(1.18904e-16 -6.04395 7.27307)
(1.28228e-16 -5.74684 7.22429)
(5.76094e-17 -4.94731 6.95889)
(1.57534e-19 -2.76012 3.6195)
(1.48508e-19 -9.45543 16.5625)
(-1.64554e-18 -16.9256 29.6792)
(-1.93606e-18 -15.9542 27.8148)
(-1.79866e-18 -14.1628 24.0483)
(1.24e-18 -12.6065 21.4633)
(1.60436e-17 -11.7345 19.5402)
(1.71035e-17 -10.9145 18.0757)
(1.54151e-17 -10.2645 16.6248)
(1.4607e-17 -9.60304 15.1934)
(1.35258e-17 -8.99832 13.7121)
(1.28568e-17 -8.41257 12.16)
(2.07868e-17 -7.84556 10.5407)
(5.72111e-17 -7.35338 8.99187)
(1.4711e-16 -7.01494 7.8093)
(2.87914e-16 -7.0131 7.43146)
(4.17257e-16 -7.3695 8.1527)
(4.30337e-16 -8.01567 9.765)
(2.42918e-16 -8.44226 11.5911)
(-5.38392e-17 -8.18085 12.2592)
(-1.17299e-16 -5.70872 9.43828)
(-9.39004e-19 -11.0601 19.3525)
(1.07187e-17 -16.3396 28.9513)
(1.32268e-17 -14.3525 25.5906)
(1.12113e-17 -12.791 22.7094)
(-7.34103e-18 -11.5407 20.7666)
(-8.99672e-17 -10.481 18.9266)
(-9.22558e-17 -9.28803 17.1205)
(-9.09361e-17 -8.11362 15.1038)
(-9.656e-17 -6.84693 12.9496)
(-9.5708e-17 -5.60305 10.6773)
(-6.97819e-17 -4.42187 8.45093)
(1.05129e-18 -3.47996 6.55215)
(1.45344e-16 -3.03164 5.47718)
(3.92383e-16 -3.3646 5.76201)
(6.98067e-16 -4.61602 7.62492)
(9.35752e-16 -6.56831 10.6953)
(9.46152e-16 -8.75592 14.1871)
(6.00483e-16 -10.3224 17.1527)
(3.63792e-17 -10.8124 17.78)
(-1.9314e-16 -7.48328 13.5802)
(6.82159e-18 -12.2292 21.325)
(-6.16415e-17 -18.4739 31.443)
(-8.09425e-17 -16.1696 28.0339)
(-6.87041e-17 -13.6018 24.237)
(-3.9354e-17 -12.1043 22.5441)
(4.00631e-16 -10.8895 21.1484)
(4.32182e-16 -9.39489 19.405)
(4.47012e-16 -7.80365 17.3438)
(5.1391e-16 -6.11144 15.1603)
(6.00785e-16 -4.40026 12.9078)
(6.92514e-16 -2.6823 10.6758)
(7.20839e-16 -1.03662 8.54328)
(5.16167e-16 0.436975 6.6253)
(-1.31907e-16 1.541 5.10286)
(-1.1312e-15 1.92707 4.38868)
(-1.89578e-15 1.08353 5.23577)
(-1.75219e-15 -1.37891 8.25615)
(-8.25431e-16 -5.08457 12.7275)
(7.91642e-17 -8.20632 15.8068)
(4.00266e-16 -6.36155 12.404)
(-4.41359e-17 -9.79957 17.1851)
(3.50486e-16 -18.3463 29.0967)
(4.28394e-16 -19.8345 31.0142)
(3.17434e-16 -18.6075 29.5613)
(3.67348e-16 -16.7292 27.5853)
(-1.34083e-15 -14.9596 25.5736)
(-1.47237e-15 -13.1355 23.4315)
(-1.5557e-15 -11.3401 21.1746)
(-1.94488e-15 -9.54469 18.9339)
(-2.27271e-15 -7.76303 16.6762)
(-2.97903e-15 -5.95092 14.3725)
(-3.74217e-15 -4.11344 11.9777)
(-5.94728e-15 -2.24973 9.48334)
(-1.05944e-14 -0.405051 6.91444)
(-1.86227e-14 1.2836 4.44931)
(-2.36569e-14 2.6009 2.32819)
(-2.03726e-14 3.37142 0.617441)
(-1.35267e-14 3.15978 -0.216592)
(-9.87459e-15 1.38647 0.94817)
(-6.08431e-15 -0.823533 3.22284)
(3.48039e-16 -4.5617 8.66524)
(-2.35305e-15 -12.3893 18.3003)
(-1.97854e-15 -18.6575 28.0217)
(-1.26197e-15 -21.2106 32.9453)
(-9.03704e-16 -20.5794 32.5838)
(-2.15727e-15 -18.85 30.2059)
(-1.90007e-15 -17.0407 27.6607)
(-1.64803e-15 -15.327 25.2056)
(-1.80833e-15 -13.6183 22.7797)
(-2.10267e-15 -11.9065 20.3192)
(-2.70049e-15 -10.1559 17.7941)
(-3.4709e-15 -8.36308 15.1649)
(-4.75901e-15 -6.52575 12.4277)
(-7.68188e-15 -4.64786 9.5705)
(-1.33172e-14 -2.74133 6.62922)
(-1.69296e-14 -0.845192 3.65606)
(-1.21272e-14 0.94605 0.748691)
(-7.96979e-15 2.54648 -2.18211)
(-1.18033e-14 4.67724 -5.4398)
(-9.20653e-15 3.55737 -6.52565)
(-7.44738e-16 2.0353 -3.69935)
(-8.69195e-15 -7.15471 11.6698)
(-4.73512e-15 -16.7873 28.3281)
(-3.58803e-15 -19.8785 34.1543)
(-3.53597e-15 -19.5057 33.2996)
(-4.58672e-15 -18.075 30.6639)
(-3.9859e-15 -16.7132 28.0305)
(-4.25708e-15 -15.443 25.5645)
(-3.96045e-15 -14.1924 23.1384)
(-4.64893e-15 -12.9198 20.6865)
(-5.25379e-15 -11.6043 18.2034)
(-5.56667e-15 -10.2442 15.6866)
(-6.02227e-15 -8.82295 13.1447)
(-7.41012e-15 -7.33892 10.567)
(-8.51327e-15 -5.74643 7.95326)
(-1.0326e-14 -4.07145 5.23218)
(-1.20028e-14 -2.12965 2.40594)
(-1.49134e-14 -0.266365 -0.793023)
(-1.67139e-14 2.46236 -3.79272)
(-1.13717e-14 2.70688 -7.08495)
(-4.93506e-15 -5.23138 9.35991)
(-6.47338e-15 -10.966 21.2704)
(-3.52692e-15 -17.5529 31.8466)
(-3.28133e-15 -19.071 33.8386)
(-3.46474e-15 -18.6214 31.7522)
(-4.38815e-15 -17.4881 28.7708)
(-3.81427e-15 -16.2818 25.9645)
(-3.4964e-15 -15.228 23.4163)
(-3.3181e-15 -14.2298 21.0528)
(-3.45668e-15 -13.2405 18.832)
(-3.40689e-15 -12.2402 16.7042)
(-3.2674e-15 -11.2068 14.645)
(-3.19736e-15 -10.1232 12.6478)
(-3.21951e-15 -8.98738 10.6996)
(-3.10465e-15 -7.76819 8.79257)
(-3.04265e-15 -6.4752 6.88179)
(-3.13357e-15 -4.99155 4.94616)
(-3.12472e-15 -3.43585 2.83035)
(-2.66387e-15 -1.238 0.612949)
(5.9197e-16 0.301808 -2.99993)
)
;

boundaryField
{
    outletWall
    {
        type            noSlip;
    }
    fineWalls
    {
        type            noSlip;
    }
    fineFrontAndBack
    {
        type            zeroGradient;
    }
    fineplugLeft
    {
        type            cyclicAMI;
        value           nonuniform List<vector> 
20
(
(-6.34417e-15 5.35094 10.1555)
(-3.95275e-15 9.18009 16.6233)
(-3.97976e-15 9.09609 16.5706)
(-4.25361e-15 8.8553 15.9501)
(-4.07777e-15 8.82529 15.8783)
(-4.47371e-15 8.87753 15.8412)
(-4.06411e-15 8.8897 15.7987)
(-4.13007e-15 8.91572 15.7386)
(-4.36609e-15 8.92805 15.6767)
(-4.28862e-15 8.93801 15.6039)
(-4.25822e-15 8.94512 15.522)
(-4.0257e-15 8.94421 15.4253)
(-4.36254e-15 8.8932 15.2988)
(-4.57724e-15 8.86189 14.902)
(-5.46005e-15 8.50849 14.6268)
(-3.79776e-15 8.3966 14.4832)
(-3.98716e-15 8.42007 14.4603)
(-3.9785e-15 8.58798 14.7961)
(-4.74909e-15 8.65414 14.6327)
(6.00167e-17 4.92451 8.1749)
)
;
    }
    fineplugRight
    {
        type            cyclicAMI;
        value           nonuniform List<vector> 
20
(
(7.55903e-16 -1.48617 -0.339308)
(-1.9882e-15 -2.78604 2.67681)
(-2.36427e-15 -4.56338 4.46678)
(-2.40501e-15 -5.83522 6.19691)
(-2.35555e-15 -7.03874 7.769)
(-2.43284e-15 -8.08593 9.32306)
(-2.55835e-15 -9.06796 10.8754)
(-2.56931e-15 -9.97773 12.4654)
(-2.66255e-15 -10.8407 14.0993)
(-2.81849e-15 -11.6605 15.7868)
(-2.90568e-15 -12.4418 17.5328)
(-2.83883e-15 -13.2045 19.354)
(-3.01887e-15 -14.0159 21.2575)
(-3.45052e-15 -14.8967 23.7224)
(-3.77404e-15 -15.0848 25.2501)
(-3.01715e-15 -15.9143 27.5303)
(-2.89023e-15 -16.2259 28.9627)
(-3.12596e-15 -15.0207 26.799)
(-5.62749e-15 -9.71773 17.4054)
(-4.3073e-15 -5.17362 7.23783)
)
;
    }
    inletOutletLeft
    {
        type            cyclicAMI;
        value           nonuniform List<vector> 
20
(
(-6.34417e-15 5.35094 10.1555)
(-3.95275e-15 9.18009 16.6233)
(-3.97976e-15 9.09609 16.5706)
(-4.25361e-15 8.8553 15.9501)
(-4.07777e-15 8.82529 15.8783)
(-4.47371e-15 8.87753 15.8412)
(-4.06411e-15 8.8897 15.7987)
(-4.13007e-15 8.91572 15.7386)
(-4.36609e-15 8.92805 15.6767)
(-4.28862e-15 8.93801 15.6039)
(-4.25822e-15 8.94512 15.522)
(-4.0257e-15 8.94421 15.4253)
(-4.36254e-15 8.8932 15.2988)
(-4.57724e-15 8.86189 14.902)
(-5.46005e-15 8.50849 14.6268)
(-3.79776e-15 8.3966 14.4832)
(-3.98716e-15 8.42007 14.4603)
(-3.9785e-15 8.58798 14.7961)
(-4.74909e-15 8.65414 14.6327)
(6.00167e-17 4.92451 8.1749)
)
;
    }
    inletLeft
    {
        type            fixedValue;
        value           uniform (0 8.7 15);
    }
    inletWallsLeft
    {
        type            noSlip;
    }
    inletFacesLeft
    {
        type            zeroGradient;
    }
    inletOutletRight
    {
        type            cyclicAMI;
        value           nonuniform List<vector> 
20
(
(7.55903e-16 -1.48617 -0.339308)
(-1.9882e-15 -2.78604 2.67681)
(-2.36427e-15 -4.56338 4.46678)
(-2.40501e-15 -5.83522 6.19691)
(-2.35555e-15 -7.03874 7.769)
(-2.43284e-15 -8.08593 9.32306)
(-2.55835e-15 -9.06796 10.8754)
(-2.56931e-15 -9.97773 12.4654)
(-2.66255e-15 -10.8407 14.0993)
(-2.81849e-15 -11.6605 15.7868)
(-2.90568e-15 -12.4418 17.5328)
(-2.83883e-15 -13.2045 19.354)
(-3.01887e-15 -14.0159 21.2575)
(-3.45052e-15 -14.8967 23.7224)
(-3.77404e-15 -15.0848 25.2501)
(-3.01715e-15 -15.9143 27.5303)
(-2.89023e-15 -16.2259 28.9627)
(-3.12596e-15 -15.0207 26.799)
(-5.62749e-15 -9.71773 17.4054)
(-4.3073e-15 -5.17362 7.23783)
)
;
    }
    inletRight
    {
        type            fixedValue;
        value           uniform (0 8.7 15);
    }
    inletWallsRight
    {
        type            noSlip;
    }
    inletFacesRight
    {
        type            zeroGradient;
    }
}


// ************************************************************************* //
