/*--------------------------------*- C++ -*----------------------------------*\
| =========                 |                                                 |
| \\      /  F ield         | OpenFOAM: The Open Source CFD Toolbox           |
|  \\    /   O peration     | Version:  4.1                                   |
|   \\  /    A nd           | Web:      www.OpenFOAM.org                      |
|    \\/     M anipulation  |                                                 |
\*---------------------------------------------------------------------------*/
FoamFile
{
    version     2.0;
    format      ascii;
    class       surfaceScalarField;
    location    "15";
    object      phi;
}
// * * * * * * * * * * * * * * * * * * * * * * * * * * * * * * * * * * * * * //

dimensions      [0 3 -1 0 0 0 0];

internalField   nonuniform List<scalar> 
2360
(
50969.1
55820.6
-4851.5
55820.6
55820.6
62079.8
-6259.25
62079.9
62079.8
62079.9
71531.6
-9451.79
71531.7
71531.6
85013.6
-13481.9
85013.5
85013.6
105278
-20264.6
105278
105278
137144
-31865.6
137144
137144
148477
162550
176480
189683
201992
213380
172578
51285.7
182212
190742
198080
204278
209520
214147
218696
223841
230326
238609
248639
259210
267857
174543
93314.4
174543
174543
174543
72970.9
101572
72970.9
72970.9
72970.9
21656.3
51314.6
21656.3
21656.3
-10233.2
31889.6
-10233.2
-10233.2
-10233.2
-113921
103688
-113921
-113921
-113921
-252159
138238
-246800
-241102
-236492
-232812
-229411
-225696
-221233
-215710
-208992
-201063
-191946
-181677
-170303
-197045
39161.6
-183995
-169878
-154579
-138502
-122590
-109321
-109321
-109321
-67178.5
-42142.6
-67178.5
-67178.5
-41005.1
-26173.4
-41005.1
-41005.1
-21063.9
-19941.2
-21063.9
-21063.9
-4451.41
-16612.5
-4451.38
-4451.41
-4451.38
11118.1
-15569.5
11118.1
11118.1
25678.3
-14560.2
-38446.4
47001.3
-34562.1
103883
-32461.1
118448
-29405.9
132710
-26553
138165
-23570
133804
-20040.8
117787
-10133.4
73818.8
3094.75
-50195.2
7314.37
-88449.6
9012.97
-91615.8
17556.6
-79392.8
25766.7
9409.68
29714
72043.7
29194.7
89126
25465.5
71615.4
21333.8
38571.8
18358.4
19037.3
-1064.35
-36811.8
44907.9
-34148.3
101220
-32472.1
116772
-29746.1
129984
-27121
135540
-24331.1
131014
-20053.6
113509
-5411.2
59176.3
4342.74
-59949.1
914.975
-85021.8
-479.383
-90221.4
7579.63
-87451.8
18973.2
-1983.94
26228.7
64788.2
27165.3
88189.3
24386.5
74394.3
21553
41405.3
18403.5
22186.8
1769.76
-33553.8
44774
-33369.2
101035
-32474.6
115877
-30284.9
127794
-28020.4
133275
-25594.5
128588
-20730.4
108645
-3750.72
42196.6
546.722
-64246.6
-7720.94
-76754.1
-11116.8
-86825.5
-7990.64
-90578
6101.47
-16076
18617
52272.7
22782.4
84023.9
22338.3
74838.4
21475.2
42268.4
19231.7
24430.3
4388.88
-29897.6
46366.2
-32235.8
103373
-32570.4
116212
-31181.2
126405
-29399.3
131493
-27492.7
126682
-22043.2
103196
-4910.91
25064.4
-6030.94
-63126.5
-17254.6
-65530.5
-24064.8
-80015.3
-24389.8
-90253
-8863.21
-31602.6
6626.08
36783.4
15005.2
75644.8
18559.5
71284.1
21042
39785.9
21430.9
24041.4
5878.6
-27481.7
48298.4
-30962.6
106854
-32666.4
117916
-32403.9
126142
-31323.1
130412
-29858.3
125217
-23584.6
96922
-8946.51
10426.2
-15879.9
-56193.2
-28708.9
-52701.5
-38588.7
-70135.5
-43222.1
-85619.6
-29401
-45423.7
-10704.8
18087.2
2859.99
62080
12040.1
62103.9
19863.2
31962.8
24331.1
19573.5
4036.21
-27523.4
49118.3
-30227.8
109559
-32693.4
120381
-33733.8
127183
-33754.2
130433
-32685.7
124148
-25837.1
90073.4
-17792
2381.12
-30411.8
-43573.3
-42263.7
-40849.7
-54223.6
-58175.5
-64320
-75523.2
-54683.4
-55060.3
-35048.3
-1547.88
-16050.8
43082.5
1351.84
44701.3
16708.5
16606.1
32062.8
4219.21
-6043.61
-30767.7
47930.2
-30955
109746
-32934.6
122361
-34984.3
129233
-36413.2
131862
-35910.8
123646
-31583.4
85746
-37561
8358.72
-56229.4
-24904.9
-66205.2
-30873.9
-79245.1
-45135.6
-89159.9
-65608.3
-81042
-63178.3
-63263.2
-19326.7
-42007.6
21826.9
-21396.3
24090.1
-2418.52
-2371.68
8075.37
-6274.71
41193.3
-37221.1
44370.4
-33854.2
106379
-34076.5
122583
-36236.3
131392
-38880.6
134506
-40118.8
124884
-44932.7
90559.9
-68400.4
31826.4
-95414.5
2109.17
-107442
-18846.8
-109983
-42594
-109992
-65599.6
-105729
-67441.1
-92931
-32124.8
-81724.2
10620.1
-87410.5
29776.3
-114418
24635.7
-137876
17183.3
41555.5
-46275.8
38527.5
-39239
99342
-36932.9
120277
-37931.7
132391
-40899.2
137473
-43853.1
127838
-52937.5
99644.4
-78944
57832.8
-105062
28226.9
-115637
-8271.23
-118149
-40082
-121618
-62131.1
-123832
-65226.9
-119663
-36293.5
-115509
6466.04
-120043
34310
-131608
36200.6
-132704
18279.2
12539.5
-57276
30819.7
-47063.4
89129.4
-42033.3
115247
-40762.3
131120
-42760.5
139472
-46670.4
131748
-57163.3
110137
-81388.5
82058
-103557
50395.7
-108115
-3713.5
-107675
-40521.7
-115271
-54535.7
-125259
-55238.8
-127736
-33816.3
-124182
2911.34
-119168
29296.4
-110009
27041.3
-86034.4
-5695.03
-41605.3
-69823
21883.5
-57047.8
76354.3
-49427.2
107626
-45405.3
127098
-45258
139324
-48949.8
135440
-59409.7
120597
-79234
101882
-90414.6
61576.3
-82364.9
-11763.2
-79178.6
-43707.9
-93128.1
-40586.1
-111487
-36880.3
-122422
-22881.1
-122813
3302.89
-118365
24848.3
-111558
20233.6
-95645
-21607.6
-85935.8
-83984.2
12662.6
-69104.1
61474.2
-58772.7
97294.8
-52001.3
120327
-49038.4
136361
-51335.3
137737
-60863.2
130125
-74649.8
115669
-70194.9
57121.4
-50075.6
-31882.4
-48495.5
-45288.1
-67351.7
-21730
-89058.8
-15173.1
-109299
-2640.89
-122216
16219.6
-129090
31722.2
-131955
23099
-126194
-27368.7
-110558
-99941.2
5096.52
-84136.5
45669.5
-70368.4
83526.8
-60346.1
110305
-54253.6
130269
-54794.1
138277
-63012.6
138344
-69163.2
121819
-48569.1
36527.3
-25361.9
-55089.7
-28814.5
-41835.5
-46162.6
-4381.81
-63549
2213.3
-80127.5
13937.6
-93129.5
29221.6
-93800.7
32393.5
-76368.2
5666.48
-66388.3
-37348.5
-83631.7
-115761
2024.81
-102762
32670.9
-86683.1
67447.6
-73309.8
96931.2
-64340.5
121300
-63348.9
137286
-68328
143323
-62103.5
115595
-28636.6
3060.39
-13142.5
-70583.8
-20754
-34224
-29659.7
4523.87
-40730.6
13284.2
-48614.4
21821.4
-49413.7
30020.8
-34239.2
17219
-9475.85
-19096.9
6032.54
-52857
-26313.6
-125907
4938.15
-120694
27457.7
-107920
54674
-94717.5
83728.5
-84469.7
111052
-80326.4
133142
-75251.1
138247
-48344.7
88688.5
-13358.2
-31926.1
-11215.7
-72726.3
-17240.1
-28199.5
-19095.1
6378.88
-23578.9
17768
-24268.7
22511.1
-18496.7
24248.9
-5943.56
4665.8
3238.93
-28279.4
14011
-63629
-44168.2
-125418
12331.9
-128898
30937.4
-124347
50122.8
-116333
75714.7
-106691
101410
-95894.8
122346
-73656.5
116009
-26203.5
41235.5
-3085.26
-55044.4
-12766
-63045.6
-12248.8
-28716.6
-10492.8
4622.86
-11726.6
19001.8
-9808.96
20593.5
-3546.48
17986.4
4674.62
-3555.31
8183.81
-31788.6
10704.9
-66150.1
-53727.9
-115911
21752.4
-124456
39482.6
-126154
51820.4
-123003
72564.1
-113348
91755.1
-93864.4
102862
-55780.9
77925.5
-11073.8
-3471.64
-3147.68
-62970.5
-10437.9
-55755.4
-5404.13
-33750.4
697.937
-1479.2
-1403.32
21103.1
-1077.37
20267.5
3692.81
13216.3
9536.88
-9399.37
10735.9
-32987.6
9044.66
-64458.8
-58165.1
-101298
30855.2
-110542
48726.8
-113732
55010
-111264
70095.6
-98814.2
79305.8
-71084.9
75132.8
-24636.6
31477.3
149.68
-28258
-6164.29
-56656.5
-7084.61
-54835.1
-3651.7
-37183.3
3912.34
-9043.24
5845.73
19169.7
5865.4
20247.9
8666.05
10415.6
11745.5
-12478.8
10168.1
-31410.3
7603.18
-61893.9
-60013.7
-88018.7
39213.5
-95859.8
56568
-95626.2
54776.4
-88596.2
63065.6
-70948
61657.6
-40140.5
44325.3
-8008.24
-654.946
-919.405
-35346.8
-5459.43
-52116.5
-4589.62
-55704.9
-1968.79
-39804.1
4258.94
-15271
7666.63
15762
9568.04
18346.5
11152.7
8830.97
10877
-12203.2
8076.02
-28609.2
6779.18
-60597
-59493.8
-64761.7
-69850.9
-66112.2
-55628.8
-38506.7
-16769.1
-3730.95
-3879.8
-4108.04
-3105.16
-1224.76
2564.99
5619.82
8040.74
8745.42
8064.43
6784.68
6925.67
492.523
-11826.1
1670.45
-15250.7
2768.64
-15028.2
3639.65
-14074
4157.25
-12826.6
4380.77
-11611.6
4272.59
-10376.1
3898.78
-9260.37
3462.67
-8094.03
3045.13
-6920.56
2642.87
-5795.99
2183.37
-4782.62
1598.09
-4041.52
930.71
-3882.02
345.004
-4559.68
-32.432
-6107.58
-175.251
-8140.62
-116.456
-10088.3
-12.7864
-10674.7
-8660.28
-1065.08
-10761.1
-1307.43
-15008.4
-1255.73
-15079.9
-1111.36
-14218.4
-992.839
-12945.2
-905.068
-11699.4
-696.174
-10585.1
-338.507
-9618.14
326.771
-8759.43
1353.93
-7947.85
2695.79
-7137.97
4230.14
-6317.07
5756.14
-5567.61
6972.56
-5098.51
7538.4
-5125.56
7220.24
-5789.46
6008.25
-6928.65
4063.36
-8143.47
1897.08
-8508.47
-6763.21
-190.639
-10570.5
579.284
-15778.4
1447.03
-15947.8
2227.66
-14999.1
2986.61
-13704.2
3720.3
-12433.2
4463.65
-11328.5
5266.97
-10421.5
6149.77
-9642.29
7126.53
-8924.68
8210.87
-8222.36
9401.37
-7507.64
10607.9
-6774.13
11572.4
-6063.13
11926.5
-5479.69
11305.8
-5168.73
9573.88
-5196.78
6817.43
-5387.03
3545.33
-5236.39
-3217.87
481.019
-11051.6
1398.48
-16695.9
2099.99
-16649.3
2590.91
-15490.1
3035.94
-14149.3
3502.66
-12899.9
4013.89
-11839.8
4524.26
-10931.9
5002.19
-10120.2
5432.13
-9354.66
5824.91
-8615.16
6209.17
-7891.93
6613.96
-7178.93
7015.28
-6464.48
7289.66
-5754.09
7182.08
-5061.16
6423.57
-4438.29
4837.89
-3801.35
2529.25
-2927.76
-688.621
1062.58
-12114.2
2089.7
-17723.1
2681.45
-17241.1
3068.79
-15877.5
3472.54
-14553.1
3944.89
-13372.4
4490.06
-12385
5042.84
-11484.8
5542
-10619.4
5932.67
-9745.39
6181.97
-8864.51
6275.91
-7985.92
6222.52
-7125.57
6041.4
-6283.4
5744.28
-5457
5289.39
-4606.31
4570.15
-3719.06
3430.7
-2661.91
1737.81
-1234.91
1049.19
2063.26
-14177.5
3103.61
-18763.4
3624.34
-17761.8
4091.96
-16345.1
4714.5
-15175.6
5488.49
-14146.4
6374.7
-13271.2
7251.74
-12361.8
8028.9
-11396.6
8630.49
-10347
9018.35
-9252.36
9164.8
-8132.39
9049.6
-7010.38
8654.29
-5888.09
7970.47
-4773.2
6991.63
-3627.47
5721.38
-2448.83
4122.01
-1062.55
2153.84
733.247
3203.03
2546.49
-16724
3022.12
-19239.1
3270.84
-18010.5
3718.41
-16792.7
4441.89
-15899.1
5401.06
-15105.6
6524.17
-14394.3
7616.39
-13454.1
8546.67
-12326.9
9228.94
-11029.3
9654.37
-9677.81
9802.84
-8280.86
9640.03
-6847.58
9101.26
-5349.32
8116.49
-3788.44
6610.09
-2121.08
4648.89
-487.644
2742.01
844.292
980.756
2494.47
4183.79
1144.38
-17868.3
385.93
-18480.6
-146.941
-17477.7
-450.146
-16489.5
-539.431
-15809.8
-452.281
-15192.7
-287.674
-14558.9
-216.467
-13525.3
-332.007
-12211.3
-640.042
-10721.2
-1083.3
-9234.54
-1636.58
-7727.54
-2303.07
-6181.08
-3078.67
-4573.69
-3906.89
-2960.21
-4645.4
-1382.54
-5065.11
-67.943
-4939.08
718.255
-3476.41
1031.8
707.376
-990.847
-16877.5
-2238.07
-17233.4
-3462
-16253.8
-4752.21
-15199.3
-5998.86
-14563.2
-7269.27
-13922.3
-8584.14
-13244.1
-9965.49
-12144
-11407
-10769.8
-12893.4
-9234.92
-14413.1
-7714.86
-15942.6
-6198.02
-17399.3
-4724.38
-18582.3
-3390.73
-19115.8
-2426.76
-18390.9
-2107.42
-15884.2
-2574.59
-11460.1
-3705.91
-5452.25
-4976.04
-4744.88
-1569.94
-15307.6
-2306.67
-16496.7
-3397.38
-15163
-4837.08
-13759.6
-6359.15
-13041.1
-8125.18
-12156.3
-9963.98
-11405.2
-11747
-10361
-13307.8
-9208.97
-14633.3
-7909.41
-15717.7
-6630.4
-16499.2
-5416.56
-16803.5
-4420.06
-16405.5
-3788.66
-15103.4
-3728.88
-12758
-4452.84
-9406.7
-5925.85
-5464.63
-7647.98
-1997
-8443.67
-6741.88
-301.949
-15005.6
30.053
-16828.7
117.307
-15250.3
-15.3429
-13626.9
-197.341
-12859.1
-561.526
-11792.1
-970.2
-10996.6
-1290.21
-10040.9
-1326.46
-9172.71
-993.695
-8242.16
-274.05
-7350.03
815.501
-6506.09
2202.52
-5807.06
3745.66
-5331.78
5171.39
-5154.6
6047
-5328.43
5897.88
-5776.72
4522.9
-6272.99
2261.68
-6182.44
-4480.2
358.545
-15364.1
852.701
-17322.8
1244.68
-15642.2
1638.62
-14020.8
2074.64
-13295.1
2513.16
-12230.5
2972.75
-11456.1
3481.12
-10549.2
4082.86
-9774.39
4840.79
-9000.03
5765.99
-8275.18
6827.94
-7568
7897.82
-6876.9
8771.67
-6205.59
9200.26
-5583.16
8921.7
-5049.83
7771.61
-4626.61
5705.24
-4206.58
3022.2
-3499.35
-1457.99
862.875
-16227
1128.02
-17587.9
1500.72
-16014.9
1937.18
-14457.2
2442.02
-13799.9
2923.78
-12712.3
3436.49
-11968.8
3941.82
-11054.5
4437.92
-10270.5
4895.77
-9457.87
5309.9
-8689.29
5669.8
-7927.89
5970.6
-7177.67
6186.12
-6421.1
6254.46
-5651.46
6034.12
-4829.47
5354.27
-3946.74
4056.94
-2909.21
2136.82
-1579.16
678.823
1108.54
-17335.5
1103.11
-17582.4
1480.35
-16392.1
1923.75
-14900.6
2449.19
-14325.3
2938.6
-13201.6
3475.02
-12505.1
4013.34
-11592.8
4591.56
-10848.6
5182.87
-10049.1
5778.76
-9285.14
6328.49
-8477.57
6763.53
-7612.68
6980.29
-6637.83
6873.34
-5544.46
6359.08
-4315.18
5410.57
-2998.2
4003.82
-1502.41
2091.53
333.194
2770.36
931.096
-18266.5
739.274
-17390.6
1060.45
-16713.2
1443.2
-15283.3
1909.24
-14791.3
2396.77
-13689.1
2961.65
-13070
3580.44
-12211.6
4285.85
-11554
5064.79
-10828
5907.67
-10128
6737.65
-9307.53
7410.51
-8285.51
7693.01
-6920.31
7381.23
-5232.66
6454.05
-3387.97
4933.73
-1477.84
2863.32
568.062
1310.4
1886.19
4080.75
156.985
-18423.5
-262.601
-16971
-357.496
-16618.3
-395.352
-15245.4
-400.01
-14786.6
-324.926
-13764.2
-210.268
-13184.6
-10.1293
-12411.7
254.779
-11818.9
594.889
-11168.1
972.757
-10505.8
1303.62
-9638.35
1410.26
-8392.11
1083.24
-6593.23
339.641
-4488.99
-375.916
-2672.28
-733.758
-1119.77
-634.217
468.727
-1025.87
2277.93
3054.88
-582.042
-17841.4
-1296.88
-16256.1
-1865.34
-16049.8
-2376.52
-14734.2
-2892.43
-14270.7
-3310.65
-13345.9
-3744.91
-12750.3
-4116.23
-12040.3
-4486.12
-11449
-4827.24
-10827
-5167.19
-10165.9
-5503.22
-9302.3
-5827.2
-8068.09
-6050.82
-6369.59
-6041.13
-4498.63
-5750.39
-2962.98
-5263.02
-1607.1
-4694.72
-99.5244
-3477.56
1060.81
-422.673
-1415.06
-16426.4
-2999.37
-14671.8
-4257.12
-14792
-5306.86
-13684.5
-6274.3
-13303.2
-7049.03
-12571.2
-7756.04
-12043.3
-8346.91
-11449.4
-8878
-10917.9
-9328.63
-10376.3
-9675.58
-9818.89
-9802.02
-9175.85
-9487.77
-8382.33
-8454.19
-7403.15
-6660.3
-6292.52
-4486.4
-5136.87
-2210.7
-3882.78
-102.814
-2207.37
972.002
-13.9385
549.33
-1957.42
-14468.9
-4232.51
-12396.7
-6469.75
-12554.8
-8346.58
-11807.6
-10128.7
-11521.1
-11620.1
-11079.7
-12931.7
-10731.7
-14016.2
-10364.9
-14911.5
-10022.5
-15604.2
-9683.65
-16072
-9351.11
-16233.9
-9013.87
-15955.3
-8660.96
-15088.4
-8270.02
-13573.5
-7807.39
-11471.5
-7238.9
-8833.44
-6520.83
-5579.05
-5461.75
-1881.45
-3711.52
-1332.12
-5368.9
-8665.56
-12120.3
-14828
-17249
-19228.7
-20860.5
-22125.4
-23047.9
-23631.6
-23882.7
-23796.5
-23357.5
-22527.5
-21234.9
-19373.8
-16794.6
-13156.4
-7767.88
-5370.05
14470.1
-8667.56
12397.5
-12123.1
12555.6
-14831.2
11808.1
-17252.6
11521.4
-19232.4
11079.8
-20864
10731.6
-22128.5
10364.5
-23050.3
10021.8
-23632.9
9682.62
-23882.8
9349.83
-23795.2
9012.5
-23354.9
8659.66
-22523.7
8268.85
-21230.4
7806.69
-19370.1
7239.67
-16794.7
6524.69
-13164.5
5469.73
-7783.96
3719.49
1316.04
-1953.88
16424
-4223.91
14667.6
-6456.28
14788
-8327.24
13679.1
-10103.2
13297.5
-11587.9
12564.5
-12892.2
12036
-13968.8
11441.2
-14855.7
10908.7
-15539.3
10366.2
-15997.2
9807.81
-16148.6
9163.84
-15858.9
8370.01
-14982.9
7392.84
-13465.4
6289.2
-11372.8
5147.11
-8759.69
3911.59
-5543.96
2254.01
-1860.62
36.1674
-544.575
-1408.84
17832.9
-2988.64
16247.4
-4241.1
16040.4
-5286.66
14724.7
-6249.88
14260.7
-7020.99
13335.6
-7724.36
12739.3
-8311.98
12028.8
-8839.77
11436.6
-9287.24
10813.7
-9630.46
10151
-9750.62
9284.02
-9423.86
8043.26
-8371.76
6340.77
-6564.33
4481.78
-4384.73
2967.53
-2095.43
1622.31
22.9619
135.665
1049.23
-990.033
504.659
-586.633
18419.5
-1305.92
16966.7
-1880.67
16615.2
-2397.6
15241.7
-2919.99
14783.1
-3345.74
13761.4
-3789.27
13182.9
-4171.65
12411.2
-4555.42
11820.3
-4913.1
11171.4
-5271.9
10509.9
-5627.37
9639.51
-5967.19
8383.09
-6196.05
6569.64
-6177.95
4463.7
-5867.85
2657.44
-5347.15
1101.64
-4708.07
-503.393
-3447.47
-2250.6
-2942.82
147.784
18271.8
-266.67
17381.2
-359.355
16707.9
-404.048
15286.4
-416.778
14795.8
-350.323
13695
-245.686
13078.3
-56.2016
12221.8
197.204
11567
526.147
10842.5
891.483
10144.5
1207.51
9323.51
1295.68
8294.95
951.298
6914.06
209.115
5205.93
-482.591
3349.23
-822.128
1441.31
-798.73
-526.671
-1121.58
-1927.7
-4064.39
967.074
17304.7
720.133
17628.2
1017.4
16410.7
1405.57
14898.2
1876.37
14325
2361.75
13209.6
2924.86
12515.2
3541.32
11605.3
4246.16
10862.1
5023.32
10065.3
5866.73
9301.13
6696.9
8493.34
7364.3
7627.56
7630.1
6648.26
7291.44
5544.6
6340.8
4299.87
4816.72
2965.4
2836.57
1453.5
1298.55
-389.666
-2765.84
1063.72
16241
1462.83
17229.1
2007.26
15866.2
2463.66
14441.8
3087.37
13701.3
3611.86
12685.1
4181.44
11945.6
4699.5
11087.3
5234.54
10327.1
5766.14
9533.71
6280.89
8786.39
6741.7
8032.54
7098.8
7270.46
7248.16
6498.9
7079.55
5713.21
6508.53
4870.9
5513.62
3960.32
4075.2
2891.92
2147.03
1538.52
-618.813
730.597
15510.4
1844.16
16115.5
2544.46
15165.9
2844.46
14141.8
3243.22
13302.6
3533.99
12394.3
3923.65
11555.9
4328.36
10682.5
4788.64
9866.81
5229.48
9092.86
5583.48
8432.38
5828.45
7787.55
5990.34
7108.57
6058.78
6430.45
5980.24
5791.75
5639.28
5211.85
4910.01
4689.6
3682.14
4119.79
1947.29
3273.37
1328.48
292.286
15218.1
898.327
15509.5
994.896
15069.4
678.028
14458.7
262.422
13718.2
-175.263
12832
-424.472
11805.2
-328.433
10586.5
357.545
9180.85
1582.54
7867.89
2998.05
7016.89
4396.88
6388.74
5656.26
5849.21
6565.13
5521.6
6965.18
5391.7
6744.12
5432.92
5840.44
5593.28
4266.86
5693.38
2241.23
5299.02
3569.71
-294.851
15512.9
-676.351
15891
-1389.37
15782.4
-2333.01
15402.3
-3406.2
14791.4
-4549.88
13975.7
-5647.51
12902.8
-6437.98
11377
-6395.13
9137.98
-5334.72
6807.47
-3859.56
5541.72
-2212.75
4741.91
-417.85
4054.28
1413.68
3690.03
3022.6
3782.77
4017.22
4438.28
4061.58
5548.92
3119.29
6635.66
1547.49
6870.82
5117.2
-898.033
16411
-1769.07
16762
-2588.31
16601.6
-3379.15
16193.2
-4241.26
15653.5
-5276.84
15011.3
-6586.42
14212.4
-8211.15
13001.7
-10058.6
10985.4
-11709.9
8458.77
-12810.4
6642.23
-13590.4
5521.92
-13974.8
4438.64
-13693.1
3408.41
-12522.6
2612.22
-10360.2
2275.9
-7383.77
2572.5
-4194.94
3446.82
-1525.75
4201.63
3591.44
-252.17
16663.1
-610.375
17120.2
-556.382
16547.6
-268.443
15905.2
69.6277
15315.4
306.532
14774.4
298.336
14220.5
-144.823
13444.8
-1509.93
12350.5
-3901.19
10850
-6419.28
9160.28
-8807.17
7909.77
-11068.6
6700.02
-13058.5
5398.27
-14420.2
3973.97
-14587.3
2442.97
-13014.5
999.615
-9405.56
-162.094
-4443.47
-760.484
-852.033
1242.17
15420.9
1977.97
16384.4
3064.12
15461.5
4336.46
14632.9
5677.78
13974.1
7014.12
13438
8284.71
12949.9
9375.74
12353.8
9962.57
11763.7
9588.4
11224.1
8331.07
10417.6
6739.63
9501.2
4975.58
8464.05
3090.42
7283.42
1116.95
5947.4
-808.092
4367.97
-2309.34
2500.79
-2768.59
297.09
-2236.77
-1292.35
-3088.81
1819.41
13601.5
3174.98
15028.8
4502.58
14133.8
5780.77
13354.7
7009.01
12745.8
8197.23
12249.8
9348.28
11798.9
10429.4
11272.7
11457.4
10735.6
12334.7
10346.9
12780.1
9972.1
12811.1
9470.19
12485.2
8789.93
11823
7945.63
10792
6978.34
9278.23
5881.78
7117.8
4661.21
4191.36
3223.52
1436.08
1462.92
-1652.73
1445.82
12155.7
2716.07
13758.5
3751.73
13098.2
4587.67
12518.7
5282.37
12051.1
5887.59
11644.5
6451.44
11235
6988.38
10735.7
7534.95
10189
8129.07
9752.71
8663.86
9437.29
9014.85
9119.18
9100.13
8704.64
8876.92
8168.82
8324.28
7530.96
7412.27
6793.79
6112.3
5961.17
4412.6
4923.22
2408.02
3467.48
755.288
940.926
11214.7
2023.22
12676.2
2851.82
12269.5
3491.42
11879.1
4076.23
11466.2
4654.2
11066.5
5227.06
10662.1
5792.24
10170.5
6367.97
9613.22
7001.67
9118.98
7696.16
8742.8
8374.64
8440.67
8915.11
8164.16
9171.31
7912.59
8997.66
7704.61
8255.36
7536.07
6887.14
7329.39
4921.81
6888.54
2572.98
5816.31
3328.27
411.097
10803.6
821.786
12265.5
930.39
12160.9
1109.65
11699.8
1568.96
11006.9
2232.78
10402.7
3057.92
9836.92
4074.37
9154.03
5304.77
8382.79
6767.62
7656.11
8444.09
7066.3
10191.1
6693.65
11710.5
6644.69
12610.7
7012.44
12579.8
7735.46
11486.7
8629.21
9406.3
9409.75
6518.33
9776.49
3312.62
9022
6640.89
-1397.33
12200.9
-2696.1
13564.2
-4211.21
13676
-5374.96
12863.5
-6130.68
11762.6
-6671.93
10943.9
-7020.72
10185.7
-7075.34
9208.63
-6782.58
8090
-6094.54
6968.05
-4960.85
5932.59
-3342.66
5075.43
-1255.16
4557.17
1123.3
4633.94
3374.63
5484.1
4910.8
7093.02
5197.87
9122.67
4133.65
10840.7
2108.04
11047.6
8748.93
-1998.39
14199.3
-4786.42
16352.2
-7578.81
16468.4
-10145.8
15430.5
-12426
14042.9
-14410.2
12928.1
-16136.7
11912.2
-17733.8
10805.8
-19171.3
9527.42
-20384.7
8181.46
-21258.4
6806.33
-21604.1
5421.06
-21134.7
4087.85
-19560.1
3059.3
-16824.6
2748.62
-13157.1
3425.49
-9023.28
4988.85
-5086.2
6903.62
-2109.5
8070.9
6639.43
930.636
1370.48
1761.59
1893.52
1819.56
1697.88
1190.24
621.418
-119.407
-1055.38
-2178.61
-3474.89
-4910.2
-6313.97
-7280.45
-7256.31
-5946.82
-3653.3
-1280.41
)
;

boundaryField
{
    outletWall
    {
        type            calculated;
        value           nonuniform List<scalar> 
60
(
25678.3
4862.44
-16061.9
-34440.1
-67886.3
-88606.6
-75991
-17619.8
70849.1
89917.2
84229.9
36967.1
-83726.1
-121316
-136787
-141018
-135765
-120549
-107768
-50377.9
58770.5
79660.4
92195.4
106491
118025
122994
118832
107507
93205.1
78759.1
64983.9
52118.7
40780.9
31955.8
26703.5
25549.6
28305.5
33687.7
38905.2
41823
-50969.1
-57419.6
-60738
-27329.5
-11522.2
8126.29
15925.5
12707.2
-19060.7
-41684.5
-56707.8
-51888.2
-35197.9
-13693.1
22587.6
44535.4
52582.2
51037.7
61657.2
45204.7
)
;
    }
    fineWalls
    {
        type            calculated;
        value           uniform 0;
    }
    fineFrontAndBack
    {
        type            calculated;
        value           nonuniform List<scalar> 
960
(
3.66709e-15
-3.6973e-13
-2.82275e-14
2.74257e-14
1.53609e-13
-2.17778e-13
3.44705e-13
-2.11143e-12
1.16837e-11
3.60625e-12
5.98045e-12
-7.38516e-12
-8.6918e-12
-8.29447e-12
-9.46723e-11
-2.30158e-11
-2.20543e-11
-9.78109e-11
-1.69325e-11
-1.67082e-11
-2.65737e-12
-2.8357e-12
-1.52668e-12
-9.70956e-13
-7.69614e-13
-6.89497e-13
-1.17668e-11
5.03075e-13
2.11247e-12
3.89601e-12
5.65984e-12
7.49904e-12
8.81496e-12
7.90866e-12
4.99959e-12
1.4228e-12
-1.62276e-12
-3.95132e-12
-5.91177e-12
-8.28386e-12
-2.27755e-10
-3.88189e-11
-3.9576e-11
-3.65248e-11
-1.11231e-10
-1.24611e-11
-1.4979e-11
-1.28783e-11
3.5986e-11
2.34577e-11
2.85878e-11
1.33875e-10
1.21744e-11
9.66137e-12
1.05815e-11
1.06224e-10
2.68502e-11
3.16313e-11
4.02372e-11
3.01462e-10
1.01747e-11
8.11234e-12
6.12731e-12
3.92546e-12
2.01738e-12
7.87742e-13
3.52651e-13
8.2227e-14
-2.29967e-13
-3.17006e-13
-7.92141e-14
9.70369e-14
2.12218e-13
8.32492e-11
1.11776e-12
1.02423e-12
5.44563e-13
-2.74388e-14
-2.37238e-13
4.86568e-14
1.06211e-12
1.67291e-12
1.70356e-11
-1.68547e-12
-3.89261e-13
6.68485e-12
-4.32539e-13
1.82606e-12
2.06387e-11
2.64578e-12
6.00616e-12
3.97441e-11
1.09148e-12
3.6713e-13
1.5097e-12
1.83982e-11
1.51817e-12
7.21873e-13
5.69774e-12
-1.44178e-12
1.50513e-10
2.63431e-10
2.89401e-10
3.08572e-10
3.18145e-10
3.21758e-10
3.22136e-10
3.20953e-10
3.13349e-10
2.88286e-10
2.49012e-10
1.8858e-10
1.72167e-10
2.05831e-10
2.17178e-10
1.97978e-10
1.49124e-10
8.48491e-11
5.46822e-11
1.61797e-10
2.74756e-10
2.91419e-10
3.09898e-10
3.18705e-10
3.21872e-10
3.22232e-10
3.20799e-10
3.05661e-10
2.58986e-10
1.97755e-10
1.30444e-10
1.18026e-10
1.78565e-10
2.09324e-10
2.014e-10
1.59982e-10
9.96874e-11
6.67229e-11
1.69564e-10
2.89045e-10
2.95643e-10
3.10789e-10
3.19402e-10
3.22054e-10
3.2249e-10
3.19993e-10
2.87956e-10
2.34449e-10
1.80055e-10
1.29251e-10
1.28226e-10
1.47041e-10
1.85651e-10
1.96698e-10
1.68363e-10
1.13767e-10
7.34018e-11
1.62513e-10
2.92886e-10
3.04863e-10
3.11843e-10
3.19598e-10
3.22434e-10
3.23005e-10
3.16733e-10
2.59763e-10
2.12929e-10
1.74099e-10
1.33568e-10
1.29094e-10
1.25745e-10
1.59216e-10
1.81384e-10
1.68099e-10
1.22647e-10
9.26094e-11
1.33974e-10
2.77714e-10
3.14291e-10
3.16103e-10
3.19063e-10
3.22833e-10
3.23567e-10
3.06718e-10
2.22656e-10
1.91836e-10
1.70482e-10
1.35633e-10
1.32117e-10
1.21487e-10
1.38317e-10
1.62695e-10
1.60252e-10
1.24338e-10
1.17806e-10
9.61354e-11
2.45308e-10
3.13221e-10
3.24196e-10
3.19665e-10
3.22964e-10
3.23022e-10
2.8046e-10
1.74446e-10
1.6612e-10
1.6149e-10
1.33297e-10
1.36847e-10
1.27164e-10
1.28338e-10
1.44533e-10
1.47964e-10
1.20114e-10
1.32175e-10
6.92155e-11
2.06388e-10
2.95599e-10
3.30178e-10
3.23451e-10
3.23293e-10
3.19401e-10
2.32881e-10
1.16845e-10
1.24667e-10
1.35596e-10
1.13547e-10
1.33681e-10
1.38609e-10
1.34615e-10
1.41244e-10
1.54486e-10
1.79484e-10
2.01189e-10
6.96141e-11
1.79495e-10
2.67751e-10
3.27286e-10
3.2985e-10
3.24234e-10
3.06097e-10
1.78285e-10
5.72039e-11
4.75974e-11
4.2604e-11
5.72231e-11
1.01354e-10
1.42785e-10
1.59078e-10
1.9121e-10
2.78844e-10
3.90608e-10
4.8078e-10
1.01295e-10
1.81838e-10
2.4322e-10
3.14406e-10
3.35579e-10
3.32546e-10
3.04982e-10
1.53843e-10
6.08665e-12
-6.17231e-11
-9.35158e-11
-6.98306e-11
8.12966e-12
1.03737e-10
1.62218e-10
1.91266e-10
2.35144e-10
2.55054e-10
2.41846e-10
1.54229e-10
2.23813e-10
2.38229e-10
2.99576e-10
3.34627e-10
3.1714e-10
2.30094e-10
1.38123e-10
-7.46219e-11
-2.08787e-10
-2.34811e-10
-2.11493e-10
-1.45061e-10
-3.59097e-11
6.55167e-11
8.52379e-11
9.01011e-11
6.75009e-11
8.24061e-11
1.94184e-10
2.92021e-10
2.64775e-10
2.96327e-10
3.29193e-10
3.26127e-10
2.7626e-10
1.11526e-10
-1.28336e-10
-2.48296e-10
-2.27993e-10
-2.36151e-10
-2.4813e-10
-2.13435e-10
-1.38709e-10
-1.02235e-10
-1.17396e-10
-1.58104e-10
-1.24937e-10
1.85113e-10
3.40785e-10
3.10263e-10
3.15792e-10
3.3575e-10
3.42463e-10
2.8978e-10
8.17611e-11
-1.45862e-10
-1.84219e-10
-1.2717e-10
-1.71297e-10
-2.2593e-10
-2.64052e-10
-2.77596e-10
-2.77539e-10
-3.08535e-10
-3.39242e-10
-2.9839e-10
1.1434e-10
3.18319e-10
3.30737e-10
3.41189e-10
3.52166e-10
3.49766e-10
2.66898e-10
4.75352e-11
-1.4641e-10
-1.23731e-10
-7.89069e-11
-1.19446e-10
-1.73851e-10
-2.19721e-10
-2.69315e-10
-3.02073e-10
-3.10017e-10
-2.78761e-10
-3.08461e-10
4.39613e-12
2.05296e-10
2.74031e-10
3.20167e-10
3.38436e-10
3.18051e-10
2.0667e-10
-1.23096e-12
-1.47633e-10
-1.02653e-10
-8.19816e-11
-8.88156e-11
-1.24987e-10
-1.59558e-10
-1.97698e-10
-2.0161e-10
-1.23266e-10
-1.39879e-11
6.81169e-12
-1.08776e-10
4.02409e-11
1.30625e-10
2.04499e-10
2.36412e-10
2.08031e-10
9.65888e-11
-6.39928e-11
-1.44871e-10
-1.011e-10
-8.51925e-11
-7.38345e-11
-9.04588e-11
-1.04984e-10
-1.17778e-10
-1.05945e-10
-5.33644e-11
-1.4737e-11
1.74635e-11
-1.96635e-10
-1.07281e-10
-3.78244e-11
2.7381e-11
6.09528e-11
4.24678e-11
-3.15507e-11
-1.15965e-10
-1.23785e-10
-1.08504e-10
-8.54501e-11
-6.26595e-11
-6.70696e-11
-7.08228e-11
-6.78354e-11
-5.55202e-11
-2.82586e-11
-4.77162e-12
1.1754e-11
-2.51318e-10
-2.03873e-10
-1.6335e-10
-1.23959e-10
-9.86566e-11
-1.00136e-10
-1.24391e-10
-1.39146e-10
-1.16534e-10
-1.10278e-10
-8.95172e-11
-6.44407e-11
-5.15394e-11
-5.23705e-11
-4.37208e-11
-3.26119e-11
-1.13558e-11
1.36141e-12
-2.18783e-12
-2.76063e-10
-2.53812e-10
-2.28963e-10
-2.07304e-10
-1.87192e-10
-1.73192e-10
-1.58119e-10
-1.27658e-10
-1.22661e-10
-1.09676e-10
-9.32247e-11
-7.09158e-11
-5.00166e-11
-4.13966e-11
-3.1884e-11
-1.9886e-11
-1.50262e-14
1.53473e-12
-1.56257e-12
-2.90952e-10
-2.80512e-10
-2.5186e-10
-2.31706e-10
-2.08808e-10
-1.83905e-10
-1.50825e-10
-1.23974e-10
-1.22658e-10
-1.10689e-10
-9.49481e-11
-7.19243e-11
-5.3564e-11
-3.81299e-11
-2.71833e-11
-1.09643e-11
2.81898e-12
8.6616e-13
-1.04351e-12
-2.5768e-10
-2.81375e-10
-2.4594e-10
-2.14173e-10
-1.8302e-10
-1.58186e-10
-1.32817e-10
-1.29322e-10
-1.22085e-10
-1.11402e-10
-9.57322e-11
-7.18352e-11
-5.20973e-11
-3.44342e-11
-2.28177e-11
-4.45628e-12
4.14818e-12
4.93616e-13
-1.34464e-12
-3.66709e-15
3.6973e-13
2.82275e-14
-2.74257e-14
-1.53609e-13
2.17778e-13
-3.44705e-13
2.11143e-12
-1.16837e-11
-3.60625e-12
-5.98045e-12
7.38516e-12
8.6918e-12
8.29447e-12
9.46723e-11
2.30158e-11
2.20543e-11
9.78109e-11
1.69325e-11
1.67082e-11
2.65737e-12
2.8357e-12
1.52668e-12
9.70956e-13
7.69614e-13
6.89497e-13
1.17668e-11
-5.03075e-13
-2.11247e-12
-3.89601e-12
-5.65984e-12
-7.49904e-12
-8.81496e-12
-7.90866e-12
-4.99959e-12
-1.4228e-12
1.62276e-12
3.95132e-12
5.91177e-12
8.28386e-12
2.27755e-10
3.88189e-11
3.9576e-11
3.65248e-11
1.11231e-10
1.24611e-11
1.4979e-11
1.28783e-11
-3.5986e-11
-2.34577e-11
-2.85878e-11
-1.33875e-10
-1.21744e-11
-9.66137e-12
-1.05815e-11
-1.06224e-10
-2.68502e-11
-3.16313e-11
-4.02372e-11
-3.01462e-10
-1.01747e-11
-8.11234e-12
-6.12731e-12
-3.92546e-12
-2.01738e-12
-7.87742e-13
-3.52651e-13
-8.2227e-14
2.29967e-13
3.17006e-13
7.92141e-14
-9.70369e-14
-2.12218e-13
-8.32492e-11
-1.11776e-12
-1.02423e-12
-5.44563e-13
2.74388e-14
2.37238e-13
-4.86568e-14
-1.06211e-12
-1.67291e-12
-1.70356e-11
1.68547e-12
3.89261e-13
-6.68485e-12
4.32539e-13
-1.82606e-12
-2.06387e-11
-2.64578e-12
-6.00616e-12
-3.97441e-11
-1.09148e-12
-3.6713e-13
-1.5097e-12
-1.83982e-11
-1.51817e-12
-7.21873e-13
-5.69774e-12
1.44178e-12
-1.50513e-10
-2.63431e-10
-2.89401e-10
-3.08572e-10
-3.18145e-10
-3.21758e-10
-3.22136e-10
-3.20953e-10
-3.13349e-10
-2.88286e-10
-2.49012e-10
-1.8858e-10
-1.72167e-10
-2.05831e-10
-2.17178e-10
-1.97978e-10
-1.49124e-10
-8.48491e-11
-5.46822e-11
-1.61797e-10
-2.74756e-10
-2.91419e-10
-3.09898e-10
-3.18705e-10
-3.21872e-10
-3.22232e-10
-3.20799e-10
-3.05661e-10
-2.58986e-10
-1.97755e-10
-1.30444e-10
-1.18026e-10
-1.78565e-10
-2.09324e-10
-2.014e-10
-1.59982e-10
-9.96874e-11
-6.67229e-11
-1.69564e-10
-2.89045e-10
-2.95643e-10
-3.10789e-10
-3.19402e-10
-3.22054e-10
-3.2249e-10
-3.19993e-10
-2.87956e-10
-2.34449e-10
-1.80055e-10
-1.29251e-10
-1.28226e-10
-1.47041e-10
-1.85651e-10
-1.96698e-10
-1.68363e-10
-1.13767e-10
-7.34018e-11
-1.62513e-10
-2.92886e-10
-3.04863e-10
-3.11843e-10
-3.19598e-10
-3.22434e-10
-3.23005e-10
-3.16733e-10
-2.59763e-10
-2.12929e-10
-1.74099e-10
-1.33568e-10
-1.29094e-10
-1.25745e-10
-1.59216e-10
-1.81384e-10
-1.68099e-10
-1.22647e-10
-9.26094e-11
-1.33974e-10
-2.77714e-10
-3.14291e-10
-3.16103e-10
-3.19063e-10
-3.22833e-10
-3.23567e-10
-3.06718e-10
-2.22656e-10
-1.91836e-10
-1.70482e-10
-1.35633e-10
-1.32117e-10
-1.21487e-10
-1.38317e-10
-1.62695e-10
-1.60252e-10
-1.24338e-10
-1.17806e-10
-9.61354e-11
-2.45308e-10
-3.13221e-10
-3.24196e-10
-3.19665e-10
-3.22964e-10
-3.23022e-10
-2.8046e-10
-1.74446e-10
-1.6612e-10
-1.6149e-10
-1.33297e-10
-1.36847e-10
-1.27164e-10
-1.28338e-10
-1.44533e-10
-1.47964e-10
-1.20114e-10
-1.32175e-10
-6.92155e-11
-2.06388e-10
-2.95599e-10
-3.30178e-10
-3.23451e-10
-3.23293e-10
-3.19401e-10
-2.32881e-10
-1.16845e-10
-1.24667e-10
-1.35596e-10
-1.13547e-10
-1.33681e-10
-1.38609e-10
-1.34615e-10
-1.41244e-10
-1.54486e-10
-1.79484e-10
-2.01189e-10
-6.96141e-11
-1.79495e-10
-2.67751e-10
-3.27286e-10
-3.2985e-10
-3.24234e-10
-3.06097e-10
-1.78285e-10
-5.72039e-11
-4.75974e-11
-4.2604e-11
-5.72231e-11
-1.01354e-10
-1.42785e-10
-1.59078e-10
-1.9121e-10
-2.78844e-10
-3.90608e-10
-4.8078e-10
-1.01295e-10
-1.81838e-10
-2.4322e-10
-3.14406e-10
-3.35579e-10
-3.32546e-10
-3.04982e-10
-1.53843e-10
-6.08665e-12
6.17231e-11
9.35158e-11
6.98306e-11
-8.12966e-12
-1.03737e-10
-1.62218e-10
-1.91266e-10
-2.35144e-10
-2.55054e-10
-2.41846e-10
-1.54229e-10
-2.23813e-10
-2.38229e-10
-2.99576e-10
-3.34627e-10
-3.1714e-10
-2.30094e-10
-1.38123e-10
7.46219e-11
2.08787e-10
2.34811e-10
2.11493e-10
1.45061e-10
3.59097e-11
-6.55167e-11
-8.52379e-11
-9.01011e-11
-6.75009e-11
-8.24061e-11
-1.94184e-10
-2.92021e-10
-2.64775e-10
-2.96327e-10
-3.29193e-10
-3.26127e-10
-2.7626e-10
-1.11526e-10
1.28336e-10
2.48296e-10
2.27993e-10
2.36151e-10
2.4813e-10
2.13435e-10
1.38709e-10
1.02235e-10
1.17396e-10
1.58104e-10
1.24937e-10
-1.85113e-10
-3.40785e-10
-3.10263e-10
-3.15792e-10
-3.3575e-10
-3.42463e-10
-2.8978e-10
-8.17611e-11
1.45862e-10
1.84219e-10
1.2717e-10
1.71297e-10
2.2593e-10
2.64052e-10
2.77596e-10
2.77539e-10
3.08535e-10
3.39242e-10
2.9839e-10
-1.1434e-10
-3.18319e-10
-3.30737e-10
-3.41189e-10
-3.52166e-10
-3.49766e-10
-2.66898e-10
-4.75352e-11
1.4641e-10
1.23731e-10
7.89069e-11
1.19446e-10
1.73851e-10
2.19721e-10
2.69315e-10
3.02073e-10
3.10017e-10
2.78761e-10
3.08461e-10
-4.39613e-12
-2.05296e-10
-2.74031e-10
-3.20167e-10
-3.38436e-10
-3.18051e-10
-2.0667e-10
1.23096e-12
1.47633e-10
1.02653e-10
8.19816e-11
8.88156e-11
1.24987e-10
1.59558e-10
1.97698e-10
2.0161e-10
1.23266e-10
1.39879e-11
-6.81169e-12
1.08776e-10
-4.02409e-11
-1.30625e-10
-2.04499e-10
-2.36412e-10
-2.08031e-10
-9.65888e-11
6.39928e-11
1.44871e-10
1.011e-10
8.51925e-11
7.38345e-11
9.04588e-11
1.04984e-10
1.17778e-10
1.05945e-10
5.33644e-11
1.4737e-11
-1.74635e-11
1.96635e-10
1.07281e-10
3.78244e-11
-2.7381e-11
-6.09528e-11
-4.24678e-11
3.15507e-11
1.15965e-10
1.23785e-10
1.08504e-10
8.54501e-11
6.26595e-11
6.70696e-11
7.08228e-11
6.78354e-11
5.55202e-11
2.82586e-11
4.77162e-12
-1.1754e-11
2.51318e-10
2.03873e-10
1.6335e-10
1.23959e-10
9.86566e-11
1.00136e-10
1.24391e-10
1.39146e-10
1.16534e-10
1.10278e-10
8.95172e-11
6.44407e-11
5.15394e-11
5.23705e-11
4.37208e-11
3.26119e-11
1.13558e-11
-1.36141e-12
2.18783e-12
2.76063e-10
2.53812e-10
2.28963e-10
2.07304e-10
1.87192e-10
1.73192e-10
1.58119e-10
1.27658e-10
1.22661e-10
1.09676e-10
9.32247e-11
7.09158e-11
5.00166e-11
4.13966e-11
3.1884e-11
1.9886e-11
1.50262e-14
-1.53473e-12
1.56257e-12
2.90952e-10
2.80512e-10
2.5186e-10
2.31706e-10
2.08808e-10
1.83905e-10
1.50825e-10
1.23974e-10
1.22658e-10
1.10689e-10
9.49481e-11
7.19243e-11
5.3564e-11
3.81299e-11
2.71833e-11
1.09643e-11
-2.81898e-12
-8.6616e-13
1.04351e-12
2.5768e-10
2.81375e-10
2.4594e-10
2.14173e-10
1.8302e-10
1.58186e-10
1.32817e-10
1.29322e-10
1.22085e-10
1.11402e-10
9.57322e-11
7.18352e-11
5.20973e-11
3.44342e-11
2.28177e-11
4.45628e-12
-4.14818e-12
-4.93616e-13
1.34464e-12
)
;
    }
    fineplugLeft
    {
        type            cyclicAMI;
        value           nonuniform List<scalar> 
20
(
-8647.5
-10571.1
-10029.6
-8283.51
-6485
-5145.43
-4549.35
-4626.83
-5242.05
-6198.26
-7338.03
-8530.13
-9634.13
-10484.3
-11388
-12309
-13202.9
-13930
-14072.8
-11333.6
)
;
    }
    fineplugRight
    {
        type            cyclicAMI;
        value           nonuniform List<scalar> 
20
(
-5359.03
-5698.11
-4610.2
-3679.46
-3401.38
-3715.2
-4463.12
-5523.26
-6717.38
-7929.66
-9117.47
-10268.3
-11374.6
-12419.9
-13049.8
-14116.8
-15298.6
-16077.3
-15912.4
-13268.7
)
;
    }
    inletOutletLeft
    {
        type            cyclicAMI;
        value           nonuniform List<scalar> 
20
(
8647.5
10571.1
10029.6
8283.51
6485
5145.43
4549.35
4626.83
5242.05
6198.26
7338.03
8530.13
9634.13
10484.3
11388
12309
13202.9
13930
14072.8
11333.6
)
;
    }
    inletLeft
    {
        type            calculated;
        value           uniform -9100;
    }
    inletWallsLeft
    {
        type            calculated;
        value           uniform 0;
    }
    inletFacesLeft
    {
        type            calculated;
        value           nonuniform List<scalar> 
800
(
7.94641e-13
5.08925e-12
3.868e-12
3.54934e-12
3.44436e-12
3.21741e-12
1.89198e-12
1.8013e-13
-2.05462e-12
-4.44677e-12
-6.80485e-12
-9.46032e-12
-1.1499e-11
-9.99467e-12
-5.57717e-12
-1.03972e-12
1.58355e-12
2.64148e-12
3.16302e-12
4.37803e-12
6.93828e-13
4.26335e-12
3.13472e-12
3.33737e-12
3.61492e-12
4.92932e-12
3.51971e-12
2.45156e-12
1.92534e-12
1.49042e-12
1.12109e-12
7.97951e-13
4.17756e-13
8.1483e-13
2.32381e-12
4.31207e-12
5.06454e-12
4.85652e-12
4.26494e-12
5.65847e-12
-4.33604e-14
8.14099e-13
6.66723e-13
7.20596e-13
7.38167e-13
3.22242e-12
2.76079e-12
2.47368e-12
3.00755e-12
3.47228e-12
3.63362e-12
3.8361e-12
4.03498e-12
4.07807e-12
4.09772e-12
4.11352e-12
4.11082e-12
3.97592e-12
3.66266e-12
4.90044e-12
-3.65808e-14
-4.13358e-13
-3.35857e-13
-3.37554e-13
-4.74893e-13
1.06521e-12
1.24553e-12
1.2059e-12
1.50891e-12
1.81803e-12
2.08199e-12
2.45064e-12
2.77145e-12
2.78295e-12
2.76894e-12
2.91062e-12
3.0536e-12
3.33196e-12
3.42219e-12
4.75343e-12
1.44256e-14
1.01105e-13
8.24672e-14
7.92768e-14
1.23824e-13
-3.92442e-13
-4.90963e-13
-4.41614e-13
-4.95117e-13
-5.71306e-13
-6.16583e-13
-6.61774e-13
-6.46099e-13
-5.42738e-13
-4.31527e-13
-3.82215e-13
-4.18807e-13
-5.48861e-13
-7.69733e-13
-1.23076e-12
-2.63997e-15
-1.64191e-14
-1.34471e-14
-1.21296e-14
-2.05515e-14
7.22372e-14
9.7475e-14
8.59605e-14
8.65686e-14
8.93968e-14
8.58499e-14
7.44101e-14
4.55195e-14
2.76405e-15
-3.91874e-14
-6.9944e-14
-8.19983e-14
-7.57444e-14
-2.56238e-14
-6.8229e-13
2.66568e-16
1.70178e-15
1.21109e-15
9.33612e-16
2.09218e-15
-9.33467e-15
-1.24242e-14
-1.02075e-14
-8.69852e-15
-6.80216e-15
-3.44254e-15
2.16599e-15
1.08123e-14
2.14562e-14
3.24492e-14
4.31627e-14
5.41171e-14
6.03696e-14
5.52287e-14
-1.35763e-13
3.12737e-18
-2.92342e-17
6.71859e-17
8.92948e-17
-8.65263e-17
1.1333e-15
1.19596e-15
7.08826e-16
2.86002e-16
-3.19719e-16
-1.1692e-15
-2.40754e-15
-4.54665e-15
-8.15088e-15
-1.26094e-14
-1.41076e-14
-1.23475e-17
3.66785e-14
5.55099e-14
3.24776e-14
-1.32316e-17
-5.0572e-17
-6.58155e-17
-6.05697e-17
-2.06041e-17
-1.28221e-17
9.98139e-17
2.26809e-16
3.4674e-16
5.65779e-16
1.04156e-15
1.54508e-15
9.94975e-16
-1.16819e-15
-2.02368e-15
3.94142e-15
1.74808e-14
3.03815e-14
3.21864e-14
1.60536e-14
5.86579e-18
1.84141e-17
1.99006e-17
1.3518e-17
-1.49063e-17
-5.57211e-17
-8.82455e-17
-1.33579e-16
-2.0797e-16
-1.99011e-16
3.88502e-17
8.51335e-17
-1.17912e-15
-3.78142e-15
-4.99209e-15
-2.10594e-15
2.85838e-15
4.64232e-15
1.61146e-15
-1.49139e-15
-1.65902e-18
-4.45108e-18
-4.52946e-18
-2.08406e-18
7.5949e-18
2.15665e-17
3.07152e-17
3.33551e-17
1.74985e-17
-3.13753e-18
4.31952e-17
1.76593e-16
2.37219e-16
4.44413e-17
-3.73125e-16
-7.80437e-16
-1.09236e-15
-1.38558e-15
-1.399e-15
-5.38643e-16
3.60634e-19
9.3001e-19
9.15295e-19
2.78961e-19
-2.0836e-18
-5.4764e-18
-7.48915e-18
-8.04113e-18
-4.08525e-18
3.69775e-18
3.09513e-20
-2.937e-17
-6.41973e-17
-5.65715e-17
2.45167e-17
1.79098e-16
3.93749e-16
6.278e-16
7.53198e-16
5.27014e-16
-6.7071e-20
-1.75015e-19
-1.64119e-19
-2.32223e-20
4.82087e-19
1.20005e-18
1.53618e-18
1.41699e-18
4.24828e-19
-8.37726e-19
8.18952e-19
7.79997e-18
1.5786e-17
1.46591e-17
-2.69097e-18
-3.61824e-17
-8.56932e-17
-1.59334e-16
-2.4905e-16
-3.44851e-16
1.09773e-20
2.90051e-20
2.51882e-20
-3.07875e-21
-1.04722e-19
-2.51732e-19
-3.07373e-19
-2.0832e-19
1.16525e-19
3.73716e-19
-2.02592e-19
-1.78193e-18
-2.84374e-18
-9.65694e-19
4.87149e-18
1.3163e-17
2.16773e-17
3.03821e-17
5.48873e-17
-7.64673e-17
-1.56814e-21
-3.60167e-21
-1.56643e-21
2.42916e-21
1.24167e-20
2.60313e-20
3.86011e-20
6.51218e-20
1.04387e-19
1.7926e-19
3.13568e-19
3.10193e-19
-3.78504e-19
-2.33765e-18
-5.52548e-18
-8.78698e-18
-1.02976e-17
-9.20691e-18
8.57072e-18
8.76934e-18
1.51127e-22
5.24495e-22
3.45152e-22
-3.91903e-21
-1.61044e-20
-2.25109e-20
1.60784e-20
1.29465e-19
2.73929e-19
2.83676e-19
-6.86218e-20
-9.88218e-19
-2.75869e-18
-5.6457e-18
-8.86882e-18
-1.00461e-17
-8.32956e-18
-1.63706e-17
1.14509e-18
2.5004e-17
1.51473e-23
4.66456e-22
4.75586e-22
-3.68144e-21
-1.19651e-20
-6.65851e-21
4.76075e-20
1.64769e-19
2.80018e-19
2.35459e-19
-2.16628e-19
-1.52617e-18
-4.40998e-18
-8.78597e-18
-1.14575e-17
-7.47345e-18
3.50744e-18
1.6469e-17
2.54345e-17
2.3948e-17
-1.73389e-24
2.37184e-22
-6.96234e-23
-3.89295e-21
-1.01358e-20
-3.00817e-21
4.49405e-20
1.42095e-19
2.4159e-19
2.36897e-19
-4.28528e-20
-8.84272e-19
-2.53277e-18
-4.36574e-18
-4.17315e-18
3.89131e-19
9.25242e-18
2.04946e-17
3.37048e-17
3.73084e-17
1.00843e-23
1.99547e-22
2.03117e-22
-1.70003e-21
-6.04408e-21
-5.76806e-21
1.63535e-20
7.64254e-20
1.67189e-19
2.46902e-19
2.68188e-19
2.37662e-19
2.14079e-19
1.95591e-19
1.03195e-19
4.95272e-20
5.45164e-19
2.30425e-18
5.61478e-18
7.80805e-18
-2.36664e-24
4.87154e-23
1.22865e-22
-2.57187e-22
-1.83941e-21
-3.95547e-21
-2.14569e-21
1.19395e-20
4.70135e-20
1.07342e-19
1.88934e-19
2.75576e-19
3.36449e-19
3.33698e-19
2.40598e-19
5.94071e-20
-1.66289e-19
-3.49922e-19
-3.79358e-19
-1.72951e-19
-7.94641e-13
-5.08925e-12
-3.868e-12
-3.54934e-12
-3.44436e-12
-3.21741e-12
-1.89198e-12
-1.8013e-13
2.05462e-12
4.44677e-12
6.80485e-12
9.46032e-12
1.1499e-11
9.99467e-12
5.57717e-12
1.03972e-12
-1.58355e-12
-2.64148e-12
-3.16302e-12
-4.37803e-12
-6.93828e-13
-4.26335e-12
-3.13472e-12
-3.33737e-12
-3.61492e-12
-4.92932e-12
-3.51971e-12
-2.45156e-12
-1.92534e-12
-1.49042e-12
-1.12109e-12
-7.97951e-13
-4.17756e-13
-8.1483e-13
-2.32381e-12
-4.31207e-12
-5.06454e-12
-4.85652e-12
-4.26494e-12
-5.65847e-12
4.33604e-14
-8.14099e-13
-6.66723e-13
-7.20596e-13
-7.38167e-13
-3.22242e-12
-2.76079e-12
-2.47368e-12
-3.00755e-12
-3.47228e-12
-3.63362e-12
-3.8361e-12
-4.03498e-12
-4.07807e-12
-4.09772e-12
-4.11352e-12
-4.11082e-12
-3.97592e-12
-3.66266e-12
-4.90044e-12
3.65808e-14
4.13358e-13
3.35857e-13
3.37554e-13
4.74893e-13
-1.06521e-12
-1.24553e-12
-1.2059e-12
-1.50891e-12
-1.81803e-12
-2.08199e-12
-2.45064e-12
-2.77145e-12
-2.78295e-12
-2.76894e-12
-2.91062e-12
-3.0536e-12
-3.33196e-12
-3.42219e-12
-4.75343e-12
-1.44256e-14
-1.01105e-13
-8.24672e-14
-7.92768e-14
-1.23824e-13
3.92442e-13
4.90963e-13
4.41614e-13
4.95117e-13
5.71306e-13
6.16583e-13
6.61774e-13
6.46099e-13
5.42738e-13
4.31527e-13
3.82215e-13
4.18807e-13
5.48861e-13
7.69733e-13
1.23076e-12
2.63997e-15
1.64191e-14
1.34471e-14
1.21296e-14
2.05515e-14
-7.22372e-14
-9.7475e-14
-8.59605e-14
-8.65686e-14
-8.93968e-14
-8.58499e-14
-7.44101e-14
-4.55195e-14
-2.76405e-15
3.91874e-14
6.9944e-14
8.19983e-14
7.57444e-14
2.56238e-14
6.8229e-13
-2.66568e-16
-1.70178e-15
-1.21109e-15
-9.33612e-16
-2.09218e-15
9.33467e-15
1.24242e-14
1.02075e-14
8.69852e-15
6.80216e-15
3.44254e-15
-2.16599e-15
-1.08123e-14
-2.14562e-14
-3.24492e-14
-4.31627e-14
-5.41171e-14
-6.03696e-14
-5.52287e-14
1.35763e-13
-3.12737e-18
2.92342e-17
-6.71859e-17
-8.92948e-17
8.65263e-17
-1.1333e-15
-1.19596e-15
-7.08826e-16
-2.86002e-16
3.19719e-16
1.1692e-15
2.40754e-15
4.54665e-15
8.15088e-15
1.26094e-14
1.41076e-14
1.23475e-17
-3.66785e-14
-5.55099e-14
-3.24776e-14
1.32316e-17
5.0572e-17
6.58155e-17
6.05697e-17
2.06041e-17
1.28221e-17
-9.98139e-17
-2.26809e-16
-3.4674e-16
-5.65779e-16
-1.04156e-15
-1.54508e-15
-9.94975e-16
1.16819e-15
2.02368e-15
-3.94142e-15
-1.74808e-14
-3.03815e-14
-3.21864e-14
-1.60536e-14
-5.86579e-18
-1.84141e-17
-1.99006e-17
-1.3518e-17
1.49063e-17
5.57211e-17
8.82455e-17
1.33579e-16
2.0797e-16
1.99011e-16
-3.88502e-17
-8.51335e-17
1.17912e-15
3.78142e-15
4.99209e-15
2.10594e-15
-2.85838e-15
-4.64232e-15
-1.61146e-15
1.49139e-15
1.65902e-18
4.45108e-18
4.52946e-18
2.08406e-18
-7.5949e-18
-2.15665e-17
-3.07152e-17
-3.33551e-17
-1.74985e-17
3.13753e-18
-4.31952e-17
-1.76593e-16
-2.37219e-16
-4.44413e-17
3.73125e-16
7.80437e-16
1.09236e-15
1.38558e-15
1.399e-15
5.38643e-16
-3.60634e-19
-9.3001e-19
-9.15295e-19
-2.78961e-19
2.0836e-18
5.4764e-18
7.48915e-18
8.04113e-18
4.08525e-18
-3.69775e-18
-3.09513e-20
2.937e-17
6.41973e-17
5.65715e-17
-2.45167e-17
-1.79098e-16
-3.93749e-16
-6.278e-16
-7.53198e-16
-5.27014e-16
6.7071e-20
1.75015e-19
1.64119e-19
2.32223e-20
-4.82087e-19
-1.20005e-18
-1.53618e-18
-1.41699e-18
-4.24828e-19
8.37726e-19
-8.18952e-19
-7.79997e-18
-1.5786e-17
-1.46591e-17
2.69097e-18
3.61824e-17
8.56932e-17
1.59334e-16
2.4905e-16
3.44851e-16
-1.09773e-20
-2.90051e-20
-2.51882e-20
3.07875e-21
1.04722e-19
2.51732e-19
3.07373e-19
2.0832e-19
-1.16525e-19
-3.73716e-19
2.02592e-19
1.78193e-18
2.84374e-18
9.65694e-19
-4.87149e-18
-1.3163e-17
-2.16773e-17
-3.03821e-17
-5.48873e-17
7.64673e-17
1.56814e-21
3.60167e-21
1.56643e-21
-2.42916e-21
-1.24167e-20
-2.60313e-20
-3.86011e-20
-6.51218e-20
-1.04387e-19
-1.7926e-19
-3.13568e-19
-3.10193e-19
3.78504e-19
2.33765e-18
5.52548e-18
8.78698e-18
1.02976e-17
9.20691e-18
-8.57072e-18
-8.76934e-18
-1.51127e-22
-5.24495e-22
-3.45152e-22
3.91903e-21
1.61044e-20
2.25109e-20
-1.60784e-20
-1.29465e-19
-2.73929e-19
-2.83676e-19
6.86218e-20
9.88218e-19
2.75869e-18
5.6457e-18
8.86882e-18
1.00461e-17
8.32956e-18
1.63706e-17
-1.14509e-18
-2.5004e-17
-1.51473e-23
-4.66456e-22
-4.75586e-22
3.68144e-21
1.19651e-20
6.65851e-21
-4.76075e-20
-1.64769e-19
-2.80018e-19
-2.35459e-19
2.16628e-19
1.52617e-18
4.40998e-18
8.78597e-18
1.14575e-17
7.47345e-18
-3.50744e-18
-1.6469e-17
-2.54345e-17
-2.3948e-17
1.73389e-24
-2.37184e-22
6.96234e-23
3.89295e-21
1.01358e-20
3.00817e-21
-4.49405e-20
-1.42095e-19
-2.4159e-19
-2.36897e-19
4.28528e-20
8.84272e-19
2.53277e-18
4.36574e-18
4.17315e-18
-3.89131e-19
-9.25242e-18
-2.04946e-17
-3.37048e-17
-3.73084e-17
-1.00843e-23
-1.99547e-22
-2.03117e-22
1.70003e-21
6.04408e-21
5.76806e-21
-1.63535e-20
-7.64254e-20
-1.67189e-19
-2.46902e-19
-2.68188e-19
-2.37662e-19
-2.14079e-19
-1.95591e-19
-1.03195e-19
-4.95272e-20
-5.45164e-19
-2.30425e-18
-5.61478e-18
-7.80805e-18
2.36664e-24
-4.87154e-23
-1.22865e-22
2.57187e-22
1.83941e-21
3.95547e-21
2.14569e-21
-1.19395e-20
-4.70135e-20
-1.07342e-19
-1.88934e-19
-2.75576e-19
-3.36449e-19
-3.33698e-19
-2.40598e-19
-5.94071e-20
1.66289e-19
3.49922e-19
3.79358e-19
1.72951e-19
)
;
    }
    inletOutletRight
    {
        type            cyclicAMI;
        value           nonuniform List<scalar> 
20
(
5359.03
5698.11
4610.2
3679.46
3401.38
3715.2
4463.12
5523.26
6717.38
7929.66
9117.47
10268.3
11374.6
12419.9
13049.8
14116.8
15298.6
16077.3
15912.4
13268.7
)
;
    }
    inletRight
    {
        type            calculated;
        value           uniform -9100;
    }
    inletWallsRight
    {
        type            calculated;
        value           uniform 0;
    }
    inletFacesRight
    {
        type            calculated;
        value           nonuniform List<scalar> 
800
(
-5.09042e-24
8.97169e-24
2.15191e-23
1.08702e-23
-2.00603e-24
1.91571e-22
1.01204e-21
2.4157e-21
2.28312e-21
-4.69568e-21
-2.47431e-20
-5.85142e-20
-9.55947e-20
-1.18485e-19
-1.17567e-19
-1.04518e-19
-1.06299e-19
-1.34759e-19
-1.49224e-19
-7.34618e-20
2.4605e-23
9.81952e-24
-2.92891e-23
-1.03577e-22
-1.79664e-22
-9.91419e-23
9.99319e-23
-6.71954e-22
-4.54016e-21
-1.14127e-20
-1.33322e-20
5.31023e-21
5.06081e-20
9.2533e-20
7.61558e-20
1.67013e-20
1.33003e-19
8.51514e-19
2.31266e-18
3.15599e-18
-8.35922e-23
-2.15499e-24
1.35231e-22
3.12217e-22
5.89326e-22
1.0187e-21
6.98042e-22
-3.78117e-21
-1.54776e-20
-2.24342e-20
1.93541e-20
1.65781e-19
4.23616e-19
7.76724e-19
1.40409e-18
2.84572e-18
5.59516e-18
8.46057e-18
6.61077e-18
6.5739e-18
3.12151e-22
7.06281e-23
-3.74295e-22
-9.01482e-22
-1.45946e-21
-1.99498e-21
-3.35816e-21
-1.03166e-20
-3.06847e-20
-5.33648e-20
-8.74066e-21
2.20771e-19
6.79046e-19
1.30878e-18
2.62594e-18
6.16866e-18
1.06493e-17
8.24349e-18
-5.72795e-18
-2.45643e-17
-1.16646e-21
-2.14559e-22
1.52143e-21
3.71621e-21
6.40913e-21
9.78226e-21
1.32468e-20
1.44484e-20
1.07424e-20
6.53088e-21
2.29774e-20
1.06422e-19
3.00683e-19
6.0043e-19
1.14033e-18
2.79076e-18
5.65615e-18
3.86665e-18
6.98359e-18
-5.68277e-17
4.45502e-21
6.56948e-22
-6.07952e-21
-1.4648e-20
-2.48641e-20
-3.73492e-20
-5.16128e-20
-7.12219e-20
-1.11124e-19
-1.84887e-19
-2.35316e-19
-1.22128e-19
2.69372e-19
9.10131e-19
1.65826e-18
2.34675e-18
3.13201e-18
2.69334e-18
1.10435e-17
-7.75916e-17
-1.73716e-20
-1.0744e-21
2.52223e-20
6.01172e-20
1.0218e-19
1.54052e-19
2.14161e-19
2.95106e-19
4.3989e-19
6.74641e-19
7.09835e-19
1.02181e-19
-1.00731e-18
-1.97048e-18
-2.39812e-18
-2.09797e-18
-7.18131e-19
-1.07374e-18
1.16127e-18
-1.84128e-16
6.63511e-20
1.88023e-21
-1.02298e-19
-2.44132e-19
-4.18134e-19
-6.26457e-19
-8.69638e-19
-1.20374e-18
-1.75734e-18
-2.20173e-18
-3.41745e-19
3.79123e-18
2.5449e-18
-1.15819e-17
-3.94333e-17
-8.23343e-17
-1.46808e-16
-2.36727e-16
-3.43748e-16
-4.72369e-16
-2.92061e-19
-2.30512e-19
5.63293e-20
5.10393e-19
1.11214e-18
1.85901e-18
2.83226e-18
4.23351e-18
5.16215e-18
-1.04533e-18
-2.45249e-17
-2.51093e-17
6.92782e-17
2.7323e-16
5.36917e-16
8.15433e-16
1.08499e-15
1.28099e-15
1.24545e-15
7.44326e-16
7.69525e-19
1.66681e-18
1.69013e-18
1.20766e-18
4.60926e-19
-4.38989e-19
-1.92077e-18
-4.64471e-18
5.20847e-18
7.30897e-17
1.17447e-16
-1.92879e-16
-1.03097e-15
-1.85678e-15
-2.08182e-15
-1.83321e-15
-1.40919e-15
-1.1693e-15
-9.96066e-16
-2.78509e-16
8.24961e-19
-5.04637e-18
-1.01879e-17
-1.47367e-17
-1.99875e-17
-2.67636e-17
-3.65412e-17
-5.29089e-17
-3.57349e-17
2.10929e-16
4.23807e-16
-9.00508e-16
-4.77148e-15
-8.78426e-15
-8.28307e-15
-2.35898e-15
3.87523e-15
4.73048e-15
4.55655e-16
-2.72669e-15
-2.14367e-17
-6.64742e-18
2.71519e-17
6.85142e-17
1.19872e-16
1.78791e-16
2.38136e-16
3.00409e-16
3.64803e-16
5.96251e-16
1.19992e-15
7.61288e-16
-2.76147e-15
-8.57365e-15
-9.22975e-15
5.94037e-15
3.50568e-14
5.53675e-14
4.96067e-14
2.32656e-14
1.3167e-16
1.71374e-16
5.40561e-17
-1.47016e-16
-4.33929e-16
-7.73198e-16
-1.1059e-15
-1.44826e-15
-1.74193e-15
-2.10482e-15
-2.84525e-15
-3.97449e-15
-5.94408e-15
-9.06777e-15
-1.18677e-14
-9.6759e-15
3.65773e-15
2.8257e-14
6.2886e-14
4.86427e-14
-5.70086e-16
-1.1134e-15
-9.55961e-16
-3.1901e-16
8.36643e-16
2.13671e-15
3.31045e-15
4.48034e-15
6.31392e-15
9.21812e-15
1.36408e-14
2.02475e-14
2.95229e-14
4.06951e-14
5.12643e-14
5.82566e-14
6.02939e-14
6.01326e-14
5.82709e-14
1.16779e-15
1.54106e-15
3.64245e-15
4.79333e-15
3.96535e-15
1.53599e-15
7.34557e-15
6.09728e-15
3.90446e-16
-5.27691e-15
-1.41958e-14
-3.46748e-14
-6.45126e-14
-1.02985e-13
-1.47366e-13
-1.90128e-13
-2.19844e-13
-2.21986e-13
-1.85476e-13
-1.10008e-13
-8.86044e-14
2.50249e-15
1.5805e-14
7.2633e-16
-3.65025e-15
-1.65677e-14
-2.69154e-13
-2.69391e-13
-2.20343e-13
-2.31928e-13
-2.57919e-13
-1.87463e-13
-1.02731e-13
4.53945e-15
1.01726e-13
1.80048e-13
2.13694e-13
1.77736e-13
5.32896e-14
-1.1676e-13
-4.26989e-13
-6.2906e-14
-3.81524e-13
-2.3605e-13
-2.07283e-13
-6.35168e-14
2.80895e-12
2.38468e-12
2.1578e-12
2.72605e-12
3.43029e-12
3.16523e-12
3.16849e-12
2.72965e-12
2.49559e-12
2.35023e-12
2.23991e-12
2.08804e-12
2.12681e-12
2.11222e-12
3.76093e-12
3.70097e-13
2.56979e-12
1.73128e-12
1.74555e-12
1.8871e-12
2.2204e-12
1.10523e-12
5.6903e-13
-2.52919e-14
-6.4057e-13
-8.35415e-13
2.29422e-13
1.9169e-12
3.40598e-12
4.02712e-12
3.8371e-12
3.06446e-12
2.15905e-12
1.53706e-12
2.1918e-12
4.69342e-13
3.52735e-12
2.06537e-12
1.56678e-12
1.07564e-12
3.0992e-13
-7.98633e-13
-2.37147e-12
-4.30016e-12
-6.42349e-12
-7.50586e-12
-8.22707e-12
-9.7086e-12
-1.14657e-11
-1.1173e-11
-7.92293e-12
-3.96025e-12
-1.37669e-12
1.08027e-13
1.51745e-12
1.52641e-13
6.38003e-13
-2.7755e-13
-7.49365e-13
-1.21216e-12
-1.71773e-12
-2.19346e-12
-3.26363e-12
-4.72209e-12
-6.58627e-12
-8.13102e-12
-9.22992e-12
-1.06962e-11
-1.25408e-11
-1.31038e-11
-1.12015e-11
-7.66472e-12
-3.95085e-12
-9.9116e-13
8.1622e-13
5.09042e-24
-8.97169e-24
-2.15191e-23
-1.08702e-23
2.00603e-24
-1.91571e-22
-1.01204e-21
-2.4157e-21
-2.28312e-21
4.69568e-21
2.47431e-20
5.85142e-20
9.55947e-20
1.18485e-19
1.17567e-19
1.04518e-19
1.06299e-19
1.34759e-19
1.49224e-19
7.34618e-20
-2.4605e-23
-9.81952e-24
2.92891e-23
1.03577e-22
1.79664e-22
9.91419e-23
-9.99319e-23
6.71954e-22
4.54016e-21
1.14127e-20
1.33322e-20
-5.31023e-21
-5.06081e-20
-9.2533e-20
-7.61558e-20
-1.67013e-20
-1.33003e-19
-8.51514e-19
-2.31266e-18
-3.15599e-18
8.35922e-23
2.15499e-24
-1.35231e-22
-3.12217e-22
-5.89326e-22
-1.0187e-21
-6.98042e-22
3.78117e-21
1.54776e-20
2.24342e-20
-1.93541e-20
-1.65781e-19
-4.23616e-19
-7.76724e-19
-1.40409e-18
-2.84572e-18
-5.59516e-18
-8.46057e-18
-6.61077e-18
-6.5739e-18
-3.12151e-22
-7.06281e-23
3.74295e-22
9.01482e-22
1.45946e-21
1.99498e-21
3.35816e-21
1.03166e-20
3.06847e-20
5.33648e-20
8.74066e-21
-2.20771e-19
-6.79046e-19
-1.30878e-18
-2.62594e-18
-6.16866e-18
-1.06493e-17
-8.24349e-18
5.72795e-18
2.45643e-17
1.16646e-21
2.14559e-22
-1.52143e-21
-3.71621e-21
-6.40913e-21
-9.78226e-21
-1.32468e-20
-1.44484e-20
-1.07424e-20
-6.53088e-21
-2.29774e-20
-1.06422e-19
-3.00683e-19
-6.0043e-19
-1.14033e-18
-2.79076e-18
-5.65615e-18
-3.86665e-18
-6.98359e-18
5.68277e-17
-4.45502e-21
-6.56948e-22
6.07952e-21
1.4648e-20
2.48641e-20
3.73492e-20
5.16128e-20
7.12219e-20
1.11124e-19
1.84887e-19
2.35316e-19
1.22128e-19
-2.69372e-19
-9.10131e-19
-1.65826e-18
-2.34675e-18
-3.13201e-18
-2.69334e-18
-1.10435e-17
7.75916e-17
1.73716e-20
1.0744e-21
-2.52223e-20
-6.01172e-20
-1.0218e-19
-1.54052e-19
-2.14161e-19
-2.95106e-19
-4.3989e-19
-6.74641e-19
-7.09835e-19
-1.02181e-19
1.00731e-18
1.97048e-18
2.39812e-18
2.09797e-18
7.18131e-19
1.07374e-18
-1.16127e-18
1.84128e-16
-6.63511e-20
-1.88023e-21
1.02298e-19
2.44132e-19
4.18134e-19
6.26457e-19
8.69638e-19
1.20374e-18
1.75734e-18
2.20173e-18
3.41745e-19
-3.79123e-18
-2.5449e-18
1.15819e-17
3.94333e-17
8.23343e-17
1.46808e-16
2.36727e-16
3.43748e-16
4.72369e-16
2.92061e-19
2.30512e-19
-5.63293e-20
-5.10393e-19
-1.11214e-18
-1.85901e-18
-2.83226e-18
-4.23351e-18
-5.16215e-18
1.04533e-18
2.45249e-17
2.51093e-17
-6.92782e-17
-2.7323e-16
-5.36917e-16
-8.15433e-16
-1.08499e-15
-1.28099e-15
-1.24545e-15
-7.44326e-16
-7.69525e-19
-1.66681e-18
-1.69013e-18
-1.20766e-18
-4.60926e-19
4.38989e-19
1.92077e-18
4.64471e-18
-5.20847e-18
-7.30897e-17
-1.17447e-16
1.92879e-16
1.03097e-15
1.85678e-15
2.08182e-15
1.83321e-15
1.40919e-15
1.1693e-15
9.96066e-16
2.78509e-16
-8.24961e-19
5.04637e-18
1.01879e-17
1.47367e-17
1.99875e-17
2.67636e-17
3.65412e-17
5.29089e-17
3.57349e-17
-2.10929e-16
-4.23807e-16
9.00508e-16
4.77148e-15
8.78426e-15
8.28307e-15
2.35898e-15
-3.87523e-15
-4.73048e-15
-4.55655e-16
2.72669e-15
2.14367e-17
6.64742e-18
-2.71519e-17
-6.85142e-17
-1.19872e-16
-1.78791e-16
-2.38136e-16
-3.00409e-16
-3.64803e-16
-5.96251e-16
-1.19992e-15
-7.61288e-16
2.76147e-15
8.57365e-15
9.22975e-15
-5.94037e-15
-3.50568e-14
-5.53675e-14
-4.96067e-14
-2.32656e-14
-1.3167e-16
-1.71374e-16
-5.40561e-17
1.47016e-16
4.33929e-16
7.73198e-16
1.1059e-15
1.44826e-15
1.74193e-15
2.10482e-15
2.84525e-15
3.97449e-15
5.94408e-15
9.06777e-15
1.18677e-14
9.6759e-15
-3.65773e-15
-2.8257e-14
-6.2886e-14
-4.86427e-14
5.70086e-16
1.1134e-15
9.55961e-16
3.1901e-16
-8.36643e-16
-2.13671e-15
-3.31045e-15
-4.48034e-15
-6.31392e-15
-9.21812e-15
-1.36408e-14
-2.02475e-14
-2.95229e-14
-4.06951e-14
-5.12643e-14
-5.82566e-14
-6.02939e-14
-6.01326e-14
-5.82709e-14
-1.16779e-15
-1.54106e-15
-3.64245e-15
-4.79333e-15
-3.96535e-15
-1.53599e-15
-7.34557e-15
-6.09728e-15
-3.90446e-16
5.27691e-15
1.41958e-14
3.46748e-14
6.45126e-14
1.02985e-13
1.47366e-13
1.90128e-13
2.19844e-13
2.21986e-13
1.85476e-13
1.10008e-13
8.86044e-14
-2.50249e-15
-1.5805e-14
-7.2633e-16
3.65025e-15
1.65677e-14
2.69154e-13
2.69391e-13
2.20343e-13
2.31928e-13
2.57919e-13
1.87463e-13
1.02731e-13
-4.53945e-15
-1.01726e-13
-1.80048e-13
-2.13694e-13
-1.77736e-13
-5.32896e-14
1.1676e-13
4.26989e-13
6.2906e-14
3.81524e-13
2.3605e-13
2.07283e-13
6.35168e-14
-2.80895e-12
-2.38468e-12
-2.1578e-12
-2.72605e-12
-3.43029e-12
-3.16523e-12
-3.16849e-12
-2.72965e-12
-2.49559e-12
-2.35023e-12
-2.23991e-12
-2.08804e-12
-2.12681e-12
-2.11222e-12
-3.76093e-12
-3.70097e-13
-2.56979e-12
-1.73128e-12
-1.74555e-12
-1.8871e-12
-2.2204e-12
-1.10523e-12
-5.6903e-13
2.52919e-14
6.4057e-13
8.35415e-13
-2.29422e-13
-1.9169e-12
-3.40598e-12
-4.02712e-12
-3.8371e-12
-3.06446e-12
-2.15905e-12
-1.53706e-12
-2.1918e-12
-4.69342e-13
-3.52735e-12
-2.06537e-12
-1.56678e-12
-1.07564e-12
-3.0992e-13
7.98633e-13
2.37147e-12
4.30016e-12
6.42349e-12
7.50586e-12
8.22707e-12
9.7086e-12
1.14657e-11
1.1173e-11
7.92293e-12
3.96025e-12
1.37669e-12
-1.08027e-13
-1.51745e-12
-1.52641e-13
-6.38003e-13
2.7755e-13
7.49365e-13
1.21216e-12
1.71773e-12
2.19346e-12
3.26363e-12
4.72209e-12
6.58627e-12
8.13102e-12
9.22992e-12
1.06962e-11
1.25408e-11
1.31038e-11
1.12015e-11
7.66472e-12
3.95085e-12
9.9116e-13
-8.1622e-13
)
;
    }
}


// ************************************************************************* //
