/*--------------------------------*- C++ -*----------------------------------*\
| =========                 |                                                 |
| \\      /  F ield         | OpenFOAM: The Open Source CFD Toolbox           |
|  \\    /   O peration     | Version:  4.1                                   |
|   \\  /    A nd           | Web:      www.OpenFOAM.org                      |
|    \\/     M anipulation  |                                                 |
\*---------------------------------------------------------------------------*/
FoamFile
{
    version     2.0;
    format      ascii;
    class       surfaceScalarField;
    location    "9";
    object      phi;
}
// * * * * * * * * * * * * * * * * * * * * * * * * * * * * * * * * * * * * * //

dimensions      [0 3 -1 0 0 0 0];

internalField   nonuniform List<scalar> 
2360
(
-4051.97
-2522.38
-1529.6
-2522.38
-2522.38
-937.261
-1585.12
-937.259
-937.261
-937.257
1320.86
-2258.12
1320.86
1320.86
4303.14
-2982.28
4303.14
4303.15
8484.09
-4180.95
8484.1
8484.09
13801.8
-5317.72
13801.8
13801.8
14296.1
15440.3
17192.3
19077.4
20865.9
22506.4
18052.9
5994.96
19439.7
20703.3
21848.8
22881.4
23804.4
24620.8
25333.1
25943.3
26451.1
26855
27145.1
27317
27306.8
13391
13915.8
13391
13391
13391
1841.96
11549.1
1841.96
1841.96
1841.96
20.5077
1821.46
20.5252
20.5286
-1912.16
1932.69
-1912.16
-1912.16
-1912.16
-13486
11573.9
-13486
-13486
-13486
-27250.2
13764.2
-27261.4
-27089.9
-26800.3
-26397
-25889.6
-25279.8
-24568
-23752.1
-22829.6
-21797.5
-20652.4
-19389.2
-18002.7
-22336.7
5875.79
-20695
-18905.1
-17018.6
-15265.9
-14121.5
-13626.1
-13626.1
-13626.1
-8904.4
-4721.67
-8904.41
-8904.4
-5579.62
-3324.78
-5579.62
-5579.62
-3397.2
-2182.42
-3397.2
-3397.2
-1892.87
-1504.33
-1892.86
-1892.87
-1892.86
-762.758
-1130.11
-762.757
-762.758
434.969
-1197.73
-2977.37
3518.89
-2688.07
2205.05
-2712.47
-3295.24
-2489.82
-5414.46
-1985.67
-7124.9
-1097.41
-7922.51
215.472
-5691.62
1007.63
5125.85
1085.05
9574.7
1035.33
9927.64
1080.37
6990.19
1684.83
174.106
2295.73
-4844.3
2590.91
-3573.27
2371.73
1013.92
1850.16
3344.44
1439.59
2989.62
1238.48
2172.92
959.418
-3084.84
3321.31
-2906.96
2027.17
-2970.3
-3231.9
-2661.92
-5722.84
-1985.74
-7801.08
-975.268
-8932.98
369.42
-7036.31
986.418
4508.85
729.078
9832.04
536.934
10119.8
773.274
6753.85
2117.82
-1170.44
3104.61
-5831.08
3697.6
-4166.26
3282.35
1429.16
2260.16
4366.64
1551.7
3698.08
1233.1
2491.52
1062.41
-3086.02
3374.3
-3238.29
2179.45
-3151.4
-3318.79
-2685.26
-6188.98
-2064.73
-8421.62
-1348.4
-9649.3
-456.49
-7928.22
475.308
3577.06
266.639
10040.7
-162.536
10549
166.391
6424.92
2069.68
-3073.74
3384.68
-7146.08
4292.01
-5073.58
3944.04
1777.13
2774.08
5536.6
1849.86
4622.3
1470.16
2871.23
1028.23
-2884.21
3623.76
-3283.98
2579.21
-3113.12
-3489.65
-2743.59
-6558.51
-2542.06
-8623.14
-2372.6
-9818.77
-1971.9
-8328.92
-637.577
2242.73
-508.176
9911.31
-982.248
11023
-509.657
5952.33
1400.67
-4984.07
3004.06
-8749.47
4120.49
-6190.01
4118.11
1779.51
3107.97
6546.73
2162.11
5568.16
1947.92
3085.42
793.721
-2708.24
3805.08
-3097.63
2968.59
-3082.61
-3504.66
-3169
-6472.12
-3589.1
-8203.05
-3942.31
-9465.56
-3867.47
-8403.75
-2400.26
775.519
-1786.63
9297.68
-1970.98
11207.4
-1336.15
5317.5
53.653
-6373.87
963.623
-9659.44
1919.05
-7145.44
2685.6
1012.96
2749.97
6482.36
2342.33
5975.79
2700.37
2727.38
169.31
-3039.09
3601.02
-3089.19
3018.7
-3456.4
-3137.46
-4188.32
-5740.19
-5113.39
-7277.98
-5782.73
-8796.22
-5944.16
-8242.32
-4670.17
-498.48
-3659.99
8287.5
-3304.57
10852
-2714.02
4726.95
-2726.17
-6361.72
-3053.11
-9332.5
-2066.08
-8132.46
-154.25
-898.874
1306.29
5021.82
1610.97
5671.11
3089.64
1248.72
-1462.73
-4246.08
2776.21
-3697.91
2470.53
-4465.55
-2369.82
-5675.32
-4530.42
-6779.32
-6173.98
-7651.44
-7924.1
-8170.41
-7723.35
-7324.29
-1344.61
-6091.56
7054.78
-5217.25
9977.65
-5113.29
4622.99
-6635.17
-4839.84
-7767.77
-8199.9
-6834.97
-9065.26
-3333.68
-4400.16
-693.539
2381.68
1424.78
3552.79
1572.84
1100.65
5985.9
-6479.89
1298.25
-5254.38
1245.02
-6021.4
-1602.8
-7180.88
-3370.94
-8252.45
-5102.42
-9487.48
-6689.06
-10604.3
-6606.52
-10270.6
-1678.27
-8827.12
5611.26
-7616.75
8767.28
-8194.29
5200.53
-10604
-2430.11
-12155.6
-6648.28
-12065.2
-9155.68
-9277.37
-7188.01
-5754.61
-1141.08
-5679.93
3478.11
-9726.6
5147.33
10023.5
-10469.3
-565.682
-8054.53
-1169.79
-7470.95
-2186.38
-8096.03
-2745.86
-9420.74
-3777.71
-11377.9
-4731.86
-13322
-4662.5
-13636.3
-1363.95
-12187.4
4162.35
-10832.4
7412.34
-11315.6
5683.7
-13125.9
-619.849
-14488.9
-5285.26
-15743.2
-7901.32
-16152.9
-6778.31
-15256.7
-2037.32
-14574.6
2796.05
-14396.9
4969.57
7200.47
-11086.8
-2830.86
-7817.31
-4439.23
-6885.43
-3118.27
-8128.42
-1502.87
-10391.4
-1514.68
-13257.1
-1866.23
-16230.3
-1689.3
-17818.7
224.428
-17013.5
3357.2
-14975.6
5374.42
-13400.7
4108.81
-13316.1
-704.42
-14210
-4391.39
-15316.4
-6794.96
-15471.5
-6623.13
-14427.1
-3081.72
-12471.6
840.522
-8861.38
1359.34
271.771
-6257.89
-4648.77
-4383.59
-6313.54
-5212.88
-2288.98
-7814.37
1098.62
-10846.3
1517.2
-14107.2
1394.73
-17559.6
1763.1
-20051
2715.84
-19915.8
3222.02
-17207.7
2666.29
-13796.2
697.335
-12417.5
-2083.13
-13154.1
-3654.83
-14541.6
-5407.48
-15171.9
-5992.78
-14108.9
-4144.71
-11704.4
-1564.04
-8177.89
-2167.15
-6084.66
-3730.89
-5429.75
-3553.36
-6491.07
-4980.63
-861.7
-7187.96
3305.94
-9818.02
4147.27
-12756.6
4333.28
-15803.9
4810.45
-17719.6
4631.52
-16340.3
1842.72
-11942
-1732.02
-7218.79
-4025.88
-5125.51
-4176.41
-5490.27
-3290.07
-7519.01
-3378.74
-11011.1
-2500.67
-14223.3
-932.512
-15405.8
-381.557
-14798.7
-2774.22
-9334.33
-2946.72
-5400.56
-3746.54
-5691.25
-4891.35
283.102
-6233.78
4648.38
-8212.76
6126.24
-10593.6
6714.12
-12900.8
7117.68
-13757.7
5488.39
-11463.4
-451.618
-7667.69
-5527.68
-4083.17
-7610.41
-1328.72
-6930.86
629.998
-5248.78
1946.04
-4694.78
585.493
-1140.13
-4063.7
3716.68
-8047.68
3602.43
-11028.9
207.034
-6447.51
-3314.87
-4972.85
-4348.04
-4658.08
-4927.46
862.529
-5475.44
5196.36
-6693.4
7344.19
-8403.95
8424.67
-9991.75
8705.48
-10140.8
5637.42
-7885.67
-2706.73
-5219.49
-8193.86
-3027.23
-9802.66
-1372.09
-8585.99
-11.011
-6609.86
464.699
-5170.49
1646.15
-2321.58
2211.58
3151.25
2169.23
3644.77
1143.41
1232.85
690.854
-4112.15
-4487.4
-4901.22
-3869.02
-4981.36
942.675
-4992.73
5207.72
-5498.55
7850.02
-6505.39
9431.51
-7466.16
9666.25
-7110.38
5281.64
-4973.45
-4843.66
-2993.26
-10174
-1648.9
-11147
-585.092
-9649.81
425.003
-7619.95
1022.54
-5768.02
1853.71
-3152.75
3234.32
1770.63
4293.46
2585.64
5061.88
464.421
435.022
-4715.94
-4187.63
-5061.09
-3523.87
-4853.71
735.29
-4649.4
5003.41
-4644.99
7845.61
-4986.26
9772.79
-5352.96
10033
-4548.3
4476.98
-2650.63
-6741.34
-1370.57
-11454.1
-711.701
-11805.9
-12.9102
-10348.6
742.411
-8375.28
1256.16
-6281.77
1709.4
-3605.99
2931.92
548.122
3711.46
1806.1
4066.66
109.216
320.73
-4911.62
-4121.77
-4861.76
-3573.73
-4509.93
383.464
-4297.3
4790.78
-4041.07
7589.38
-3856.57
9588.29
-3660.98
9837.37
-2412.42
3228.42
-940.763
-8213
-317.89
-12077
-2.77536
-12121
516.013
-10867.4
1047.25
-8906.51
1427.5
-6662.02
1777.8
-3956.3
2689.72
-363.79
3233.28
1262.54
3187.45
155.035
525.909
-4854.65
-4189.39
-4563.68
-3864.69
-4050.21
-130.013
-3868.34
4608.92
-3575.72
7296.76
-3086.37
9098.94
-2419.68
9170.68
-787.84
1596.58
110.166
-9111
295.445
-12262.3
536.495
-12362.1
909.479
-11240.4
1249.47
-9246.5
1504.4
-6916.95
1751.52
-4203.42
2373.74
-986.016
2783.43
852.846
2610.42
328.053
878.206
-4776.27
-4275.64
-4417.29
-4223.67
-3699.43
-847.869
-3391.34
4300.82
-3158.71
7064.13
-2633.01
8573.23
-1625.9
8163.56
204.124
-233.44
575.006
-9481.88
696.598
-12383.9
937.912
-12603.4
1164.39
-11466.8
1346.49
-9428.61
1488.52
-7058.98
1642.68
-4357.57
2038.36
-1381.7
2277.79
613.425
2114.42
491.415
1407.51
-4704.97
-4434.1
-3745.2
-3104.8
-2722.79
-2238.89
-1175.61
469.566
756.681
985.973
1162.78
1280.79
1364.48
1439.58
1528.34
1702.71
1797.11
1740.15
-458.145
-36.1605
-537.79
-1064.53
-333.726
-1956.09
-20.8244
-2198.05
286.35
-2095.63
558.581
-1912.78
753.473
-1736.35
942.77
-1576.14
1101.57
-1422.38
1227.8
-1271.77
1317.94
-1122.73
1369.27
-974.324
1379.3
-826.43
1345.27
-678.288
1264.59
-529.551
1132.9
-376.129
944.635
-215.57
685.877
-31.393
368.791
145.186
379.003
246.279
-282.457
199.199
-1017.45
109.536
-1866.43
109.972
-2198.49
163.228
-2148.89
234.794
-1984.35
315.269
-1816.84
396.611
-1657.49
474.252
-1500.03
542.869
-1340.4
597.696
-1177.57
632.946
-1009.58
642.828
-836.32
622.409
-657.877
567.681
-474.831
478.603
-287.063
361.56
-98.5372
233.881
96.2736
79.6317
299.424
458.634
554.841
-837.307
1089.17
-1551.79
1157.75
-1935.01
1001.73
-2042.48
816.602
-1963.76
654.639
-1822.4
508.798
-1671
368.305
-1517.01
232.376
-1364.11
101.847
-1209.88
-22.6788
-1053.05
-141.171
-891.105
-253.907
-723.6
-361.234
-550.567
-457.792
-378.291
-527.96
-216.914
-553.99
-72.5241
-513.909
56.178
-354.729
140.229
103.905
436.284
-1273.59
864.831
-1980.34
857.831
-1928.01
574.786
-1759.44
254.347
-1643.33
-33.5494
-1534.5
-295.679
-1408.88
-545.184
-1267.5
-787.31
-1121.99
-1023.82
-973.369
-1253.12
-823.759
-1469.84
-674.383
-1664.4
-529.051
-1821.05
-393.918
-1913.43
-285.912
-1893.7
-236.653
-1695.82
-270.41
-1258.79
-380.847
-600.746
-517.825
-496.841
64.0426
-1337.65
46.8125
-1963.12
-142.052
-1739.16
-375.382
-1526.12
-607.726
-1410.99
-836.431
-1305.81
-1056.56
-1188.76
-1270.37
-1053.7
-1482.7
-909.663
-1696.76
-759.313
-1908.94
-611.585
-2104.3
-479.026
-2251.32
-382.039
-2302.4
-342.833
-2208.06
-380.259
-1937.65
-507.069
-1489.12
-718.935
-909.197
-960.775
-343.066
-1083.96
-839.907
-157.25
-1180.4
-215.526
-1904.85
-222.888
-1731.8
-232.158
-1516.85
-272.156
-1370.99
-328.477
-1249.49
-374.203
-1143.03
-398.474
-1029.43
-396.819
-911.318
-369.33
-786.803
-319.653
-661.263
-254.352
-544.328
-178.443
-457.949
-90.9146
-430.363
10.6737
-481.849
115.374
-611.77
182.569
-786.132
169.654
-947.861
77.4041
-991.712
-762.503
-123.819
-1056.58
-75.7413
-1952.93
38.7242
-1846.27
114.573
-1592.7
169.451
-1425.87
221.651
-1301.69
284.379
-1205.77
366.23
-1111.29
474.475
-1019.57
615.157
-927.489
788.219
-834.328
983.076
-739.189
1171.11
-645.98
1306.97
-566.227
1341.81
-516.689
1244.41
-514.374
1016.05
-557.771
687.163
-618.977
328.505
-633.054
-433.998
2.93577
-1059.51
46.7156
-1996.7
116.6
-1916.15
179.033
-1655.13
247.947
-1494.78
319.444
-1373.18
390.462
-1276.78
459.542
-1180.36
527.665
-1087.69
597.611
-997.43
673.19
-909.903
758.085
-824.08
850.302
-738.194
936.19
-652.111
989.076
-569.572
972.012
-497.306
857.498
-443.256
636.759
-398.235
340.12
-336.411
-93.8777
121.393
-1180.91
173.969
-2049.28
208.707
-1950.89
246.083
-1692.51
298.339
-1547.04
352.815
-1427.66
407.371
-1331.34
457.843
-1230.84
504.039
-1133.88
543.898
-1037.29
576.048
-942.054
599.785
-847.821
616.153
-754.561
625.509
-661.47
624.027
-568.089
599.079
-472.36
531.533
-375.708
401.311
-268.01
202.022
-137.116
108.144
240.017
-1420.93
306.244
-2115.51
317.711
-1962.35
349.014
-1723.81
406.595
-1604.62
465.423
-1486.49
528.159
-1394.07
590.235
-1292.91
652.662
-1196.31
709.374
-1094.01
754.554
-987.232
781.656
-874.922
785.93
-758.833
764.502
-640.04
716.225
-519.809
639.354
-395.487
530.408
-266.759
381.572
-119.171
189.282
55.1783
297.427
310.322
-1731.25
334.183
-2139.37
327.555
-1955.73
363.405
-1759.67
431.757
-1672.97
500.977
-1555.71
581.968
-1475.06
666.727
-1377.67
756.145
-1285.73
836.375
-1174.24
898.893
-1049.75
935.315
-911.345
941.662
-765.179
914.605
-612.983
850.805
-456.008
744.806
-289.487
586.008
-107.959
375.6
91.2399
185.622
245.159
483.049
236.163
-1967.41
159.292
-2062.49
129.369
-1925.8
139.308
-1769.6
170.729
-1704.39
205.195
-1590.17
255.193
-1525.05
311.45
-1433.92
370.161
-1344.43
412.744
-1216.81
431.843
-1068.84
422.307
-901.803
384.333
-727.199
318.939
-547.582
229.443
-366.503
129.15
-189.18
55.5252
-34.3172
-2.00208
148.783
-74.8981
318.066
408.151
32.7374
-2000.14
-105.001
-1924.75
-179.516
-1851.28
-248.028
-1701.08
-311.919
-1640.5
-376.15
-1525.94
-436.466
-1464.74
-495.03
-1375.36
-555.194
-1284.27
-620.023
-1151.98
-688.659
-1000.21
-759.692
-830.767
-835
-651.889
-913.174
-469.407
-984.721
-294.954
-1036.59
-137.314
-1043.55
-27.3555
-916.27
21.51
-573.3
-24.902
-165.149
-82.3863
-1917.75
-179.212
-1827.92
-264.768
-1765.72
-372.579
-1593.27
-480.153
-1532.92
-604.144
-1401.94
-740.138
-1328.74
-888.265
-1227.22
-1038.86
-1133.66
-1175.76
-1015.08
-1288.19
-887.775
-1370.08
-748.876
-1423.36
-598.604
-1450.24
-442.515
-1436.66
-308.532
-1342.31
-231.664
-1137.12
-232.54
-796.19
-319.415
-349.599
-471.487
-514.749
-13.9465
-1903.8
-23.9919
-1817.87
-36.8558
-1752.85
-68.3594
-1561.76
-98.1558
-1503.12
-140.198
-1359.89
-193.829
-1275.1
-257.116
-1163.93
-320.762
-1070.01
-366.205
-969.625
-381.799
-872.176
-358.672
-771.996
-290.599
-666.67
-178.631
-554.473
-37.7692
-449.381
112.501
-381.918
243.652
-363.678
307.741
-383.496
227.881
-391.619
-286.868
61.6956
-1965.49
84.1584
-1840.33
124.49
-1793.18
165.852
-1603.11
205.859
-1543.12
253.142
-1407.16
296.673
-1318.63
344.141
-1211.39
391.227
-1117.09
444.59
-1022.98
506.094
-933.676
580.096
-845.991
671.52
-758.09
782.076
-665.024
892.513
-559.816
949.401
-438.801
894.713
-308.991
711.589
-200.371
407.738
-87.767
120.87
35.7071
-2001.19
19.9153
-1824.53
34.9617
-1808.22
69.3729
-1637.52
104.618
-1578.36
159.658
-1462.2
221.194
-1380.16
296.685
-1286.88
381.495
-1201.9
474.866
-1116.35
574.569
-1033.38
678.886
-950.306
783.364
-862.564
876.342
-758.001
935.469
-618.94
922.55
-425.881
788.835
-175.272
483.344
105.124
225.801
169.782
346.672
-135.586
-1865.61
-302.848
-1657.27
-429.386
-1681.68
-511.966
-1554.94
-583.178
-1507.15
-621.234
-1424.14
-642.271
-1359.12
-640.807
-1288.34
-620.805
-1221.9
-581.882
-1155.27
-525.042
-1090.21
-450.985
-1024.36
-361.953
-951.595
-263.761
-856.191
-168.175
-714.523
-89.737
-504.317
-33.6885
-231.312
21.8998
49.5454
-23.098
214.784
323.574
-212.546
-1653.06
-471.119
-1398.69
-744.876
-1407.92
-975.849
-1323.96
-1197.62
-1285.38
-1386.23
-1235.52
-1551.81
-1193.54
-1689.21
-1150.95
-1801.18
-1109.93
-1887.29
-1069.15
-1948.76
-1028.74
-1985.18
-987.944
-1992.43
-944.348
-1957.31
-891.302
-1854.43
-817.409
-1646.97
-711.771
-1308.08
-570.205
-861.926
-396.607
-423.361
-223.778
-99.7877
-678.059
-1101.75
-1534.68
-1883.64
-2194.02
-2454.54
-2673.08
-2849.02
-2983.96
-3078.11
-3131.85
-3144.79
-3114.14
-3030.44
-2872.85
-2609.62
-2204.83
-1626.43
-875.212
-678.051
1653.05
-1101.74
1398.69
-1534.66
1407.92
-1883.62
1323.96
-2194
1285.38
-2454.53
1235.53
-2673.07
1193.54
-2849.02
1150.95
-2983.96
1109.94
-3078.13
1069.17
-3131.88
1028.76
-3144.85
987.965
-3114.21
944.367
-3030.52
891.304
-2872.89
817.379
-2609.61
711.713
-2204.75
570.148
-1626.34
396.588
-875.167
223.825
99.8328
-212.575
1865.63
-471.178
1657.3
-744.969
1681.71
-975.98
1554.98
-1197.79
1507.19
-1386.45
1424.19
-1552.08
1359.17
-1689.52
1288.4
-1801.54
1221.96
-1887.72
1155.34
-1949.25
1090.29
-1985.73
1024.45
-1993.02
951.657
-1957.9
856.181
-1854.91
714.388
-1647.23
504.036
-1307.96
230.879
-861.89
-49.4826
-423.365
-214.7
-323.532
-135.632
2001.26
-302.958
1824.62
-429.545
1808.3
-512.178
1637.61
-583.439
1578.45
-621.548
1462.3
-642.639
1380.26
-641.23
1286.99
-621.283
1202.02
-582.412
1116.47
-525.616
1033.5
-451.599
950.429
-362.611
862.67
-264.477
758.048
-168.96
618.872
-90.5839
425.662
-34.5201
174.821
21.4778
-105.475
-23.3762
-169.843
-346.908
35.7846
1965.48
19.9357
1840.47
34.9898
1793.25
69.4001
1603.2
104.665
1543.19
159.702
1407.26
221.249
1318.72
296.741
1211.5
381.564
1117.2
474.95
1023.08
574.679
933.771
679.02
846.089
783.502
758.189
876.441
665.109
935.446
559.867
922.297
438.811
788.154
308.964
482.439
200.242
225.228
87.3685
-121.68
61.8341
1903.65
84.3067
1818
124.703
1752.85
166.177
1561.73
206.295
1503.07
253.731
1359.83
297.452
1275
345.157
1163.8
392.508
1069.85
446.129
969.464
507.863
872.039
582.048
771.905
673.574
666.664
784.027
554.657
894.004
449.891
950.174
382.642
894.941
364.198
711.548
383.634
407.662
391.255
285.983
-13.5654
1917.21
-23.2596
1827.7
-35.7636
1765.36
-66.8638
1592.83
-96.2703
1532.48
-137.881
1401.44
-191.08
1328.2
-253.899
1226.62
-317.056
1133
-362.004
1014.41
-377.114
887.149
-353.509
748.3
-284.986
598.142
-172.67
442.341
-31.6042
308.824
118.488
232.55
249.082
233.604
311.626
321.091
229.369
473.512
515.352
-82.6235
1999.83
-179.24
1924.31
-264.797
1850.92
-372.691
1700.72
-480.342
1640.13
-604.49
1525.59
-740.677
1464.38
-889.041
1374.98
-1039.83
1283.79
-1176.83
1151.41
-1289.24
999.559
-1371
830.057
-1424.03
651.177
-1450.46
468.772
-1435.98
294.342
-1340.37
136.935
-1134.58
27.8223
-793.627
-19.865
-347.814
27.6983
167.538
32.0075
1967.83
-105.813
2062.13
-180.556
1925.66
-249.407
1769.57
-313.671
1704.39
-378.318
1590.24
-439.103
1525.17
-498.191
1434.07
-558.911
1344.51
-624.268
1216.77
-693.372
1068.66
-764.819
901.503
-840.492
726.849
-918.953
547.232
-990.686
366.074
-1042.5
188.746
-1048.88
34.2073
-919.897
-148.852
-574.33
-317.869
-406.792
235.771
1732.05
158.501
2139.4
128.339
1955.82
138.008
1759.91
169.12
1673.28
203.297
1556.06
252.994
1475.47
308.94
1378.12
367.281
1286.17
409.451
1174.6
428.123
1049.99
418.186
911.441
379.894
765.141
314.308
612.817
224.711
455.672
124.567
288.89
51.9854
106.789
-4.41152
-92.4559
-76.5381
-245.743
-483.33
310.632
1421.42
334.327
2115.71
327.585
1962.56
363.405
1724.08
431.764
1604.92
501.027
1486.79
582.102
1394.4
666.976
1293.25
756.505
1196.64
836.806
1094.3
899.345
987.451
935.751
875.035
942.067
758.824
914.984
639.899
851.133
519.522
744.979
395.042
585.602
266.166
374.701
118.444
185.052
-56.0941
-298.278
240.545
1180.88
306.834
2049.42
318.215
1951.18
349.507
1692.79
407.132
1547.29
466.021
1427.91
528.836
1331.58
591.005
1231.08
653.533
1134.11
710.335
1037.5
755.579
942.206
782.71
847.904
786.969
754.565
765.471
661.397
717.042
567.951
639.942
472.142
530.753
375.354
381.751
267.445
189.35
136.306
-108.928
121.812
1059.06
174.466
1996.76
209.107
1916.54
246.409
1655.49
298.616
1495.09
353.047
1373.47
407.567
1277.06
458.021
1180.62
504.212
1087.92
544.067
997.639
576.179
910.094
599.8
824.282
615.937
738.427
624.968
652.366
623.172
569.746
598.038
497.276
530.485
442.907
400.474
397.456
201.53
335.25
92.6018
3.3511
1055.71
47.0495
1953.07
116.752
1846.84
179.048
1593.19
247.848
1426.29
319.219
1302.1
390.076
1206.2
458.917
1111.78
526.702
1020.14
596.187
928.154
671.172
835.108
755.362
740.091
846.856
646.933
932.416
566.805
985.475
516.687
969.04
513.711
855.388
556.558
635.493
617.351
339.482
631.26
432.084
-123.573
1179.28
-75.5181
1905.01
38.9004
1732.42
114.842
1517.25
169.982
1371.14
222.523
1249.56
285.544
1143.18
367.552
1029.77
475.75
911.936
616.155
787.747
788.769
662.493
983.185
545.674
1170.92
459.198
1306.66
431.061
1341.45
481.902
1244.17
610.983
1016.18
784.555
687.569
945.958
328.962
989.867
761.046
-157.139
1336.42
-214.614
1962.48
-220.637
1738.44
-228.659
1525.27
-267.431
1409.92
-322.463
1304.59
-366.892
1187.61
-389.893
1052.77
-386.997
909.039
-358.297
759.046
-307.434
611.628
-240.961
479.2
-164.004
382.24
-76.1229
343.179
24.7308
381.047
127.325
508.388
191.227
720.652
174.66
962.524
79.4169
1085.11
840.463
62.2189
1274.2
44.0111
1980.69
-144.67
1927.12
-377.346
1757.95
-609.052
1641.62
-837.108
1532.64
-1056.52
1407.02
-1269.59
1265.85
-1481.1
1120.55
-1694.21
972.153
-1905.39
822.807
-2099.83
673.638
-2246
528.413
-2296.3
393.481
-2201.38
286.129
-1930.95
237.955
-1483.12
272.821
-904.816
384.219
-341.234
521.527
499.229
433.554
840.646
860.277
1553.97
852.885
1934.51
569.645
2041.18
248.698
1962.57
-39.8378
1821.18
-302.51
1669.69
-552.436
1515.77
-794.888
1363
-1031.63
1208.89
-1261.07
1052.25
-1477.96
890.526
-1672.62
723.068
-1829.06
549.924
-1920.69
377.753
-1899.38
216.652
-1699.33
72.7661
-1259.89
-55.2217
-599.875
-138.487
-100.646
554.278
286.367
1090.18
1018.07
1159.5
1865.19
1002.64
2198.04
815.975
2149.23
652.333
1984.82
504.871
1817.15
362.999
1657.64
225.929
1500.07
94.5131
1340.3
-30.5726
1177.34
-149.267
1009.22
-262.079
835.878
-369.534
657.377
-465.961
474.178
-535.723
286.412
-561.25
98.2917
-519.718
-96.7539
-357.906
-300.3
-458.552
247.646
38.72
202.728
1062.99
112.961
1954.95
112.44
2198.56
164.732
2096.94
235.377
1914.17
314.969
1737.56
395.428
1577.18
472.286
1423.21
540.235
1272.35
594.512
1123.06
629.314
974.414
638.878
826.314
618.285
677.969
563.473
528.99
474.598
375.285
358.496
214.394
232.026
29.7181
78.0946
-146.368
-380.457
-456.676
-538.125
-335.838
-23.7748
283.275
555.73
751.491
942.134
1102.12
1229.39
1320.37
1372.32
1382.72
1348.83
1268.02
1135.95
947.011
687.11
369.33
)
;

boundaryField
{
    outletWall
    {
        type            calculated;
        value           nonuniform List<scalar> 
60
(
434.969
-918.665
-1971.81
-2579.06
-2822.86
-794.738
3278.08
4233.4
-778.562
-7035.24
-9877.92
-9652.12
-5918.01
4378.73
7034.25
6620.75
5191.81
3319.65
-2494.36
-3823.17
4794.47
4862.52
4922.27
4845.76
4416.17
3626.7
2887.16
2917.53
4511.87
8075.8
13351.9
12333.3
7957.85
5070.89
3243.14
2526.93
2634.76
3033.02
3282.42
3281.65
4051.97
1618.06
548.376
519.019
-1556.07
-4446.33
-7134.08
-9512.3
-11584.8
-12780.2
-12613.1
-9769
-1878.61
7100.29
8089.33
6682.12
3660.43
-1536.77
-4494.55
-4365.14
)
;
    }
    fineWalls
    {
        type            calculated;
        value           uniform 0;
    }
    fineFrontAndBack
    {
        type            calculated;
        value           nonuniform List<scalar> 
960
(
1.1556e-13
2.48984e-13
1.12995e-13
6.26494e-13
1.59276e-11
6.37269e-12
5.54528e-12
3.07358e-12
3.15874e-12
-1.28377e-12
-1.7318e-12
-2.50171e-12
2.38278e-13
3.04229e-13
1.20085e-13
-3.4186e-13
-4.3673e-13
-1.37763e-12
-2.19294e-13
-6.21252e-13
1.22617e-13
2.28377e-13
7.59323e-14
5.22891e-14
4.2726e-14
6.157e-14
-2.78324e-12
3.29216e-14
-9.30826e-15
-5.26499e-14
-1.00165e-13
-1.43377e-13
-1.80634e-13
-2.13958e-13
-2.44374e-13
-2.78544e-13
-3.036e-13
-3.44344e-13
-3.47803e-13
-5.09909e-13
-1.28661e-11
-1.8677e-12
-1.79364e-12
-1.943e-12
-5.37992e-12
-5.07482e-14
4.15937e-13
1.90483e-13
-2.45876e-12
-8.40586e-12
-1.60344e-11
-2.17117e-11
1.52484e-12
9.31126e-13
1.07537e-12
7.9888e-12
1.69413e-12
1.76377e-12
1.8677e-12
1.34735e-11
5.46933e-13
3.74159e-13
3.62178e-13
3.13424e-13
2.77614e-13
2.34651e-13
1.8621e-13
1.26145e-13
7.29498e-14
2.20164e-14
-3.37953e-14
-1.01834e-13
-1.56267e-13
-6.59181e-14
-1.8187e-13
-1.43663e-13
-1.74563e-13
-2.05067e-13
-3.70783e-13
-2.67728e-13
-1.50598e-13
-5.73332e-13
-3.53729e-12
-9.3475e-13
-1.00751e-12
-4.2956e-12
-5.11228e-13
-4.97809e-13
-2.46372e-12
-2.85055e-13
-3.81063e-13
-1.7964e-12
-2.09375e-14
-1.1353e-14
-2.48706e-14
-9.96932e-14
1.57833e-14
8.6259e-15
-2.94349e-14
-9.59469e-15
-2.81185e-12
-3.43396e-12
-4.5253e-12
-3.53906e-12
-6.16162e-13
4.81123e-12
1.26342e-11
1.61314e-11
1.23011e-11
7.88609e-12
4.13546e-12
1.245e-12
-2.08472e-13
-1.19822e-12
-1.59704e-12
-1.61657e-12
-1.15918e-12
-6.64792e-13
-4.37267e-13
-3.06715e-12
-3.99503e-12
-4.4585e-12
-1.98181e-12
3.9362e-12
1.31632e-11
2.25971e-11
2.32003e-11
1.49006e-11
8.36793e-12
4.13645e-12
1.4861e-12
-1.02282e-13
-7.06848e-13
-1.44591e-12
-1.75436e-12
-1.34618e-12
-7.92912e-13
-5.86827e-13
-1.28652e-12
-4.80344e-12
-4.18827e-12
1.18742e-12
1.04511e-11
2.06863e-11
2.72407e-11
2.7975e-11
2.02706e-11
1.08699e-11
4.43067e-12
1.54657e-12
1.14027e-12
2.24298e-12
7.21413e-13
-1.37518e-12
-1.59209e-12
-1.04168e-12
-2.60714e-13
6.33973e-12
-3.63049e-12
-1.69628e-12
8.01397e-12
1.92191e-11
2.68403e-11
2.84676e-11
2.76911e-11
2.50589e-11
1.5391e-11
5.88e-12
2.12538e-12
6.04921e-12
9.80292e-12
7.92197e-12
1.43812e-12
-1.4552e-12
-1.53643e-12
-3.87839e-13
2.12878e-11
2.894e-12
5.3632e-12
1.79234e-11
2.64625e-11
2.84657e-11
2.6507e-11
2.6012e-11
2.67796e-11
2.02367e-11
9.04681e-12
6.52292e-12
1.47117e-11
1.87517e-11
1.82123e-11
7.28128e-12
4.67404e-13
-1.63124e-12
5.53487e-14
3.85882e-11
1.57469e-11
1.66065e-11
2.61305e-11
2.75382e-11
2.53466e-11
2.39772e-11
2.48458e-11
2.63966e-11
2.31371e-11
1.362e-11
1.45351e-11
2.16179e-11
2.13301e-11
1.59813e-11
1.18878e-11
4.19886e-12
6.20128e-13
9.42004e-13
4.99396e-11
3.12711e-11
2.6921e-11
2.56447e-11
2.04165e-11
1.95991e-11
2.28851e-11
2.50399e-11
2.53749e-11
2.36602e-11
1.82688e-11
2.17882e-11
2.54496e-11
2.1195e-11
1.46106e-11
1.32903e-11
7.71766e-12
4.77267e-12
3.3712e-13
5.40692e-11
4.35707e-11
2.6473e-11
1.20773e-11
6.93505e-12
1.2877e-11
2.28177e-11
2.61654e-11
2.3698e-11
2.26208e-11
2.19078e-11
2.85161e-11
3.29162e-11
2.96654e-11
1.92443e-11
1.13397e-11
1.11155e-11
1.27799e-11
1.71023e-11
3.58688e-11
2.44721e-11
1.9463e-12
-1.00416e-11
-7.42606e-12
4.93104e-12
2.07673e-11
2.75048e-11
2.17918e-11
2.03207e-11
2.54447e-11
3.75194e-11
4.86725e-11
5.19842e-11
3.8354e-11
1.9432e-11
1.7279e-11
1.89334e-11
1.87058e-11
-3.02212e-11
-3.70587e-11
-2.84889e-11
-2.15609e-11
-1.4377e-11
-5.23249e-12
9.94037e-12
2.55484e-11
3.00522e-11
2.27516e-11
1.7045e-11
2.74963e-11
5.62033e-11
6.80047e-11
6.05416e-11
3.35554e-11
2.02568e-11
2.01702e-11
5.89168e-12
-3.08515e-11
-2.55591e-11
-1.58695e-11
-1.22803e-11
-1.31272e-11
-2.12332e-11
-2.93177e-11
-2.85615e-11
-2.28999e-11
-2.06039e-11
-1.60994e-11
-6.00651e-12
6.48914e-12
1.95417e-11
2.81652e-11
2.77123e-11
2.22857e-11
2.44792e-11
2.52595e-11
-1.77838e-11
-1.15601e-11
-9.21488e-12
-1.66665e-11
-2.21881e-11
-3.11053e-11
-4.01869e-11
-4.31176e-11
-3.95142e-11
-3.37189e-11
-3.2026e-11
-3.88943e-11
-4.98875e-11
-5.37099e-11
-4.7496e-11
-3.82791e-11
-2.77353e-11
-2.16266e-11
-1.66361e-11
-1.18532e-11
-3.85123e-12
-5.28895e-12
-1.78762e-11
-2.76007e-11
-3.56063e-11
-4.12124e-11
-4.1309e-11
-3.51137e-11
-2.92906e-11
-2.60416e-11
-1.71545e-11
-4.512e-12
2.96668e-12
9.51016e-12
-2.15403e-12
-1.33788e-11
-1.53294e-11
-1.85685e-11
-5.01979e-12
2.73277e-12
-2.15644e-12
-1.55854e-11
-2.77474e-11
-3.64983e-11
-4.02848e-11
-3.92224e-11
-3.56595e-11
-3.41009e-11
-2.91129e-11
-1.78666e-11
-6.46657e-12
-7.18508e-13
-8.18158e-14
7.84744e-12
3.34752e-12
2.73912e-12
-2.25474e-12
1.84614e-12
5.65131e-12
-8.0988e-13
-1.20364e-11
-2.42215e-11
-3.45848e-11
-3.94597e-11
-3.91452e-11
-3.72866e-11
-3.45232e-11
-2.59087e-11
-1.37459e-11
-4.23427e-12
2.68367e-13
2.24252e-12
4.61407e-12
5.50487e-12
5.02437e-12
4.95166e-12
5.00094e-12
5.41816e-12
-2.00661e-13
-8.74319e-12
-1.93229e-11
-3.05634e-11
-3.80728e-11
-3.9885e-11
-3.80182e-11
-3.19054e-11
-2.11694e-11
-1.05895e-11
-3.44404e-12
3.85345e-13
1.95263e-12
2.46119e-12
3.30702e-12
2.59587e-12
4.3807e-12
4.47838e-12
4.60199e-12
1.03874e-12
-5.63026e-12
-1.43763e-11
-2.52484e-11
-3.51184e-11
-3.98397e-11
-3.64515e-11
-2.65086e-11
-1.68111e-11
-8.9049e-12
-3.18983e-12
3.66745e-13
1.90652e-12
2.29565e-12
2.48389e-12
2.08904e-12
3.35176e-12
3.04217e-12
4.50406e-12
2.84115e-12
-2.34652e-12
-9.57948e-12
-1.92569e-11
-3.01142e-11
-3.75695e-11
-3.14211e-11
-2.10625e-11
-1.4352e-11
-8.34258e-12
-3.14192e-12
3.7589e-13
1.90173e-12
2.22513e-12
2.22732e-12
2.17399e-12
1.26424e-12
2.27372e-12
4.4609e-12
4.06109e-12
6.30817e-13
-5.18914e-12
-1.35528e-11
-2.43127e-11
-3.34946e-11
-2.45497e-11
-1.81708e-11
-1.35137e-11
-8.20681e-12
-3.025e-12
5.49789e-13
2.00338e-12
2.20005e-12
2.10994e-12
2.04504e-12
-2.82604e-14
1.79471e-12
4.13752e-12
4.59432e-12
3.36491e-12
-7.54268e-14
-5.74978e-12
-1.41823e-11
-2.37686e-11
-2.11067e-11
-1.75159e-11
-1.34638e-11
-8.08085e-12
-2.78078e-12
7.77949e-13
2.09584e-12
2.14694e-12
1.98238e-12
1.77668e-12
1.11873e-12
-1.1556e-13
-2.48984e-13
-1.12995e-13
-6.26494e-13
-1.59276e-11
-6.37269e-12
-5.54528e-12
-3.07358e-12
-3.15874e-12
1.28377e-12
1.7318e-12
2.50171e-12
-2.38278e-13
-3.04229e-13
-1.20085e-13
3.4186e-13
4.3673e-13
1.37763e-12
2.19294e-13
6.21252e-13
-1.22617e-13
-2.28377e-13
-7.59323e-14
-5.22891e-14
-4.2726e-14
-6.157e-14
2.78324e-12
-3.29216e-14
9.30826e-15
5.26499e-14
1.00165e-13
1.43377e-13
1.80634e-13
2.13958e-13
2.44374e-13
2.78544e-13
3.036e-13
3.44344e-13
3.47803e-13
5.09909e-13
1.28661e-11
1.8677e-12
1.79364e-12
1.943e-12
5.37992e-12
5.07482e-14
-4.15937e-13
-1.90483e-13
2.45876e-12
8.40586e-12
1.60344e-11
2.17117e-11
-1.52484e-12
-9.31126e-13
-1.07537e-12
-7.9888e-12
-1.69413e-12
-1.76377e-12
-1.8677e-12
-1.34735e-11
-5.46933e-13
-3.74159e-13
-3.62178e-13
-3.13424e-13
-2.77614e-13
-2.34651e-13
-1.8621e-13
-1.26145e-13
-7.29498e-14
-2.20164e-14
3.37953e-14
1.01834e-13
1.56267e-13
6.59181e-14
1.8187e-13
1.43663e-13
1.74563e-13
2.05067e-13
3.70783e-13
2.67728e-13
1.50598e-13
5.73332e-13
3.53729e-12
9.3475e-13
1.00751e-12
4.2956e-12
5.11228e-13
4.97809e-13
2.46372e-12
2.85055e-13
3.81063e-13
1.7964e-12
2.09375e-14
1.1353e-14
2.48706e-14
9.96932e-14
-1.57833e-14
-8.6259e-15
2.94349e-14
9.59469e-15
2.81185e-12
3.43396e-12
4.5253e-12
3.53906e-12
6.16162e-13
-4.81123e-12
-1.26342e-11
-1.61314e-11
-1.23011e-11
-7.88609e-12
-4.13546e-12
-1.245e-12
2.08472e-13
1.19822e-12
1.59704e-12
1.61657e-12
1.15918e-12
6.64792e-13
4.37267e-13
3.06715e-12
3.99503e-12
4.4585e-12
1.98181e-12
-3.9362e-12
-1.31632e-11
-2.25971e-11
-2.32003e-11
-1.49006e-11
-8.36793e-12
-4.13645e-12
-1.4861e-12
1.02282e-13
7.06848e-13
1.44591e-12
1.75436e-12
1.34618e-12
7.92912e-13
5.86827e-13
1.28652e-12
4.80344e-12
4.18827e-12
-1.18742e-12
-1.04511e-11
-2.06863e-11
-2.72407e-11
-2.7975e-11
-2.02706e-11
-1.08699e-11
-4.43067e-12
-1.54657e-12
-1.14027e-12
-2.24298e-12
-7.21413e-13
1.37518e-12
1.59209e-12
1.04168e-12
2.60714e-13
-6.33973e-12
3.63049e-12
1.69628e-12
-8.01397e-12
-1.92191e-11
-2.68403e-11
-2.84676e-11
-2.76911e-11
-2.50589e-11
-1.5391e-11
-5.88e-12
-2.12538e-12
-6.04921e-12
-9.80292e-12
-7.92197e-12
-1.43812e-12
1.4552e-12
1.53643e-12
3.87839e-13
-2.12878e-11
-2.894e-12
-5.3632e-12
-1.79234e-11
-2.64625e-11
-2.84657e-11
-2.6507e-11
-2.6012e-11
-2.67796e-11
-2.02367e-11
-9.04681e-12
-6.52292e-12
-1.47117e-11
-1.87517e-11
-1.82123e-11
-7.28128e-12
-4.67404e-13
1.63124e-12
-5.53487e-14
-3.85882e-11
-1.57469e-11
-1.66065e-11
-2.61305e-11
-2.75382e-11
-2.53466e-11
-2.39772e-11
-2.48458e-11
-2.63966e-11
-2.31371e-11
-1.362e-11
-1.45351e-11
-2.16179e-11
-2.13301e-11
-1.59813e-11
-1.18878e-11
-4.19886e-12
-6.20128e-13
-9.42004e-13
-4.99396e-11
-3.12711e-11
-2.6921e-11
-2.56447e-11
-2.04165e-11
-1.95991e-11
-2.28851e-11
-2.50399e-11
-2.53749e-11
-2.36602e-11
-1.82688e-11
-2.17882e-11
-2.54496e-11
-2.1195e-11
-1.46106e-11
-1.32903e-11
-7.71766e-12
-4.77267e-12
-3.3712e-13
-5.40692e-11
-4.35707e-11
-2.6473e-11
-1.20773e-11
-6.93505e-12
-1.2877e-11
-2.28177e-11
-2.61654e-11
-2.3698e-11
-2.26208e-11
-2.19078e-11
-2.85161e-11
-3.29162e-11
-2.96654e-11
-1.92443e-11
-1.13397e-11
-1.11155e-11
-1.27799e-11
-1.71023e-11
-3.58688e-11
-2.44721e-11
-1.9463e-12
1.00416e-11
7.42606e-12
-4.93104e-12
-2.07673e-11
-2.75048e-11
-2.17918e-11
-2.03207e-11
-2.54447e-11
-3.75194e-11
-4.86725e-11
-5.19842e-11
-3.8354e-11
-1.9432e-11
-1.7279e-11
-1.89334e-11
-1.87058e-11
3.02212e-11
3.70587e-11
2.84889e-11
2.15609e-11
1.4377e-11
5.23249e-12
-9.94037e-12
-2.55484e-11
-3.00522e-11
-2.27516e-11
-1.7045e-11
-2.74963e-11
-5.62033e-11
-6.80047e-11
-6.05416e-11
-3.35554e-11
-2.02568e-11
-2.01702e-11
-5.89168e-12
3.08515e-11
2.55591e-11
1.58695e-11
1.22803e-11
1.31272e-11
2.12332e-11
2.93177e-11
2.85615e-11
2.28999e-11
2.06039e-11
1.60994e-11
6.00651e-12
-6.48914e-12
-1.95417e-11
-2.81652e-11
-2.77123e-11
-2.22857e-11
-2.44792e-11
-2.52595e-11
1.77838e-11
1.15601e-11
9.21488e-12
1.66665e-11
2.21881e-11
3.11053e-11
4.01869e-11
4.31176e-11
3.95142e-11
3.37189e-11
3.2026e-11
3.88943e-11
4.98875e-11
5.37099e-11
4.7496e-11
3.82791e-11
2.77353e-11
2.16266e-11
1.66361e-11
1.18532e-11
3.85123e-12
5.28895e-12
1.78762e-11
2.76007e-11
3.56063e-11
4.12124e-11
4.1309e-11
3.51137e-11
2.92906e-11
2.60416e-11
1.71545e-11
4.512e-12
-2.96668e-12
-9.51016e-12
2.15403e-12
1.33788e-11
1.53294e-11
1.85685e-11
5.01979e-12
-2.73277e-12
2.15644e-12
1.55854e-11
2.77474e-11
3.64983e-11
4.02848e-11
3.92224e-11
3.56595e-11
3.41009e-11
2.91129e-11
1.78666e-11
6.46657e-12
7.18508e-13
8.18158e-14
-7.84744e-12
-3.34752e-12
-2.73912e-12
2.25474e-12
-1.84614e-12
-5.65131e-12
8.0988e-13
1.20364e-11
2.42215e-11
3.45848e-11
3.94597e-11
3.91452e-11
3.72866e-11
3.45232e-11
2.59087e-11
1.37459e-11
4.23427e-12
-2.68367e-13
-2.24252e-12
-4.61407e-12
-5.50487e-12
-5.02437e-12
-4.95166e-12
-5.00094e-12
-5.41816e-12
2.00661e-13
8.74319e-12
1.93229e-11
3.05634e-11
3.80728e-11
3.9885e-11
3.80182e-11
3.19054e-11
2.11694e-11
1.05895e-11
3.44404e-12
-3.85345e-13
-1.95263e-12
-2.46119e-12
-3.30702e-12
-2.59587e-12
-4.3807e-12
-4.47838e-12
-4.60199e-12
-1.03874e-12
5.63026e-12
1.43763e-11
2.52484e-11
3.51184e-11
3.98397e-11
3.64515e-11
2.65086e-11
1.68111e-11
8.9049e-12
3.18983e-12
-3.66745e-13
-1.90652e-12
-2.29565e-12
-2.48389e-12
-2.08904e-12
-3.35176e-12
-3.04217e-12
-4.50406e-12
-2.84115e-12
2.34652e-12
9.57948e-12
1.92569e-11
3.01142e-11
3.75695e-11
3.14211e-11
2.10625e-11
1.4352e-11
8.34258e-12
3.14192e-12
-3.7589e-13
-1.90173e-12
-2.22513e-12
-2.22732e-12
-2.17399e-12
-1.26424e-12
-2.27372e-12
-4.4609e-12
-4.06109e-12
-6.30817e-13
5.18914e-12
1.35528e-11
2.43127e-11
3.34946e-11
2.45497e-11
1.81708e-11
1.35137e-11
8.20681e-12
3.025e-12
-5.49789e-13
-2.00338e-12
-2.20005e-12
-2.10994e-12
-2.04504e-12
2.82604e-14
-1.79471e-12
-4.13752e-12
-4.59432e-12
-3.36491e-12
7.54268e-14
5.74978e-12
1.41823e-11
2.37686e-11
2.11067e-11
1.75159e-11
1.34638e-11
8.08085e-12
2.78078e-12
-7.77949e-13
-2.09584e-12
-2.14694e-12
-1.98238e-12
-1.77668e-12
-1.11873e-12
)
;
    }
    fineplugLeft
    {
        type            cyclicAMI;
        value           nonuniform List<scalar> 
20
(
10.2124
-171.917
-290.162
-403.845
-507.816
-610.244
-712.308
-816.409
-922.984
-1032.59
-1145.54
-1263.58
-1386.84
-1541.46
-1640.55
-1788.45
-1885.15
-1752.03
-1144.17
-494.311
)
;
    }
    fineplugRight
    {
        type            cyclicAMI;
        value           nonuniform List<scalar> 
20
(
11.1271
-171.426
-289.628
-403.342
-507.357
-609.806
-711.857
-815.923
-922.468
-1032.08
-1145.09
-1263.23
-1386.54
-1541.8
-1641.72
-1789.89
-1886.5
-1752.67
-1144.44
-495.406
)
;
    }
    inletOutletLeft
    {
        type            cyclicAMI;
        value           nonuniform List<scalar> 
20
(
-10.2124
171.917
290.162
403.845
507.816
610.244
712.308
816.409
922.984
1032.59
1145.54
1263.58
1386.84
1541.46
1640.55
1788.45
1885.15
1752.03
1144.17
494.311
)
;
    }
    inletLeft
    {
        type            calculated;
        value           uniform -975;
    }
    inletWallsLeft
    {
        type            calculated;
        value           uniform 0;
    }
    inletFacesLeft
    {
        type            calculated;
        value           nonuniform List<scalar> 
800
(
-3.83029e-13
-5.06299e-13
-2.76474e-13
-2.67737e-13
-2.71038e-13
-3.20444e-13
-2.81624e-13
-2.63078e-13
-2.54273e-13
-2.54873e-13
-2.45412e-13
-2.34253e-13
-2.35456e-13
-2.3379e-13
-2.20181e-13
-2.14602e-13
-2.0141e-13
-1.89867e-13
-1.36441e-13
1.32652e-13
-5.77219e-14
-5.73562e-13
-3.18795e-13
-2.62206e-13
-2.43514e-13
-3.26562e-13
-2.85318e-13
-2.92969e-13
-3.01878e-13
-3.18365e-13
-3.33692e-13
-3.62879e-13
-4.43925e-13
-5.24844e-13
-5.97357e-13
-7.68923e-13
-8.14327e-13
-1.00702e-12
-1.09299e-12
-6.03043e-13
2.82021e-14
-1.43192e-13
-1.35439e-13
-9.33943e-14
-5.90315e-14
-1.69142e-13
-1.39165e-13
-1.38959e-13
-1.59177e-13
-1.63108e-13
-2.02318e-13
-2.71249e-13
-3.76474e-13
-5.64561e-13
-9.93426e-13
-1.34731e-12
-9.81735e-13
-5.38492e-13
-7.73102e-13
-5.49933e-13
-3.52507e-15
2.68231e-14
3.09171e-14
2.59056e-14
2.98271e-14
-8.09048e-14
-8.18295e-14
-1.17405e-13
-1.4231e-13
-1.49043e-13
-2.16665e-13
-3.04477e-13
-4.57895e-13
-7.84212e-13
-1.41681e-12
-1.89896e-12
-1.63174e-12
-9.39137e-13
-5.64137e-13
-3.19052e-13
5.09599e-16
-4.54766e-15
-5.71295e-15
-5.49763e-15
-3.01917e-15
3.10716e-14
3.31286e-14
3.71439e-14
4.04593e-14
4.33508e-14
5.00771e-14
5.129e-14
3.67463e-14
2.0022e-15
-3.88278e-14
-5.66947e-14
-2.9702e-14
1.54357e-14
2.86516e-14
1.52126e-14
-5.87624e-17
7.64612e-16
9.34398e-16
8.43307e-16
-6.13738e-16
-6.75803e-15
-6.99118e-15
-7.15715e-15
-7.15241e-15
-6.24744e-15
-3.12018e-15
4.5279e-15
2.03354e-14
4.76452e-14
8.03384e-14
9.98533e-14
8.76671e-14
3.78556e-14
-2.24857e-14
-2.7663e-14
7.03503e-18
-1.13922e-16
-1.32833e-16
-1.25585e-16
1.08511e-16
1.17724e-15
1.23456e-15
1.13555e-15
1.00126e-15
8.3105e-16
8.78518e-16
2.26934e-15
7.55823e-15
1.93664e-14
3.74875e-14
5.33469e-14
5.31157e-14
2.78287e-14
-7.40389e-15
-1.22312e-14
-1.02897e-18
1.52637e-17
1.62717e-17
1.47406e-17
-2.09809e-17
-1.74873e-16
-1.76016e-16
-1.34158e-16
-9.03441e-17
-6.01029e-17
-1.18362e-16
-4.2489e-16
-9.80678e-16
-9.52208e-16
1.39048e-15
7.24598e-15
1.38464e-14
1.37062e-14
4.99431e-15
-7.87127e-16
4.08534e-20
-1.34807e-18
-9.63237e-19
-4.38308e-19
4.20897e-18
2.24998e-17
1.97072e-17
1.16835e-17
8.24119e-18
8.71535e-18
3.7903e-18
-4.23831e-17
-2.61228e-16
-8.67265e-16
-1.83869e-15
-2.61626e-15
-2.5008e-15
-1.83218e-15
-9.66333e-16
3.41009e-16
3.35732e-20
-8.29248e-20
-3.2088e-19
-4.78424e-19
-8.646e-19
-2.02412e-18
-7.89303e-19
-8.83118e-20
-1.30616e-18
-1.33325e-18
1.0177e-17
4.74448e-17
1.22408e-16
1.89613e-16
8.66326e-17
-3.93261e-16
-1.2632e-15
-2.15248e-15
-2.5791e-15
-8.97487e-16
-1.50126e-20
8.05866e-20
1.69779e-19
2.13141e-19
2.06206e-19
4.66977e-21
-4.13136e-19
-4.22587e-19
-1.56307e-19
-1.15624e-18
-6.27184e-18
-1.55202e-17
-1.99814e-17
8.55997e-18
1.08226e-16
2.91455e-16
5.10567e-16
7.1966e-16
3.54384e-16
-2.81755e-16
4.50243e-21
-2.8165e-20
-5.4796e-20
-6.54815e-20
-5.20483e-20
5.52246e-20
1.72077e-19
1.62683e-19
1.76167e-19
7.53781e-19
2.45109e-18
4.24472e-18
1.11574e-18
-1.71235e-17
-5.48975e-17
-8.74555e-17
-7.77419e-17
1.88167e-16
6.14799e-16
5.09236e-16
-1.1719e-21
8.71089e-21
1.56453e-20
1.81024e-20
1.16453e-20
-2.35009e-20
-5.55713e-20
-9.00514e-20
-1.59534e-19
-6.60392e-20
8.26268e-19
1.95839e-18
-5.0941e-18
-3.70852e-17
-7.67937e-17
-2.80157e-17
2.20677e-16
7.08055e-16
1.24445e-15
8.951e-16
2.56822e-22
-2.56488e-21
-4.32236e-21
-4.79827e-21
-7.10818e-22
1.05319e-20
6.90748e-21
-1.63043e-20
8.1978e-20
7.72133e-19
2.25618e-18
2.77878e-19
-2.1029e-17
-7.0992e-17
-7.53001e-17
1.32509e-16
5.58701e-16
8.71124e-16
7.19937e-16
1.10676e-16
-5.49524e-23
6.87709e-22
1.08295e-21
1.12565e-21
2.00656e-22
-1.90876e-21
-7.24123e-21
-3.02755e-20
-2.33447e-20
3.24086e-19
1.30301e-18
9.32493e-19
-8.02112e-18
-3.22518e-17
-5.84184e-17
-5.55958e-17
-3.90857e-17
-6.44588e-17
-1.55088e-16
-2.06932e-16
1.28217e-23
-1.6598e-22
-2.70805e-22
-3.26062e-22
-1.12857e-22
6.76509e-22
2.75634e-21
9.61694e-21
1.53287e-20
-2.78465e-20
-1.81772e-19
-2.90037e-19
3.43104e-19
2.49729e-18
4.88831e-18
4.03821e-18
-6.92189e-18
-2.24692e-17
-3.3642e-17
-4.89022e-17
-3.57979e-24
3.84618e-23
4.40575e-23
2.54732e-23
6.97757e-23
4.50419e-22
1.42452e-21
2.01885e-21
1.50296e-21
3.32169e-21
6.4987e-21
-1.80985e-20
-1.23934e-19
-2.88064e-19
-3.31176e-19
6.36266e-19
2.19243e-18
7.41932e-18
1.68675e-17
-9.18085e-18
2.56924e-25
-1.2249e-23
-3.0383e-23
-4.85912e-23
9.74556e-23
8.05034e-22
2.24434e-21
2.91945e-21
-1.56131e-21
-1.3868e-20
-2.12545e-20
1.07748e-20
9.4334e-20
8.66902e-20
-4.81103e-19
-2.36589e-18
-5.06192e-18
1.91334e-18
2.7393e-17
1.85862e-18
-4.60845e-25
3.27185e-24
1.64634e-24
-8.53904e-24
4.79912e-23
4.09432e-22
1.21055e-21
1.58316e-21
-1.04939e-21
-8.73564e-21
-1.53162e-20
-2.66553e-22
4.37655e-20
1.12722e-21
-5.13167e-19
-1.98845e-18
-4.03157e-18
-4.21088e-18
-4.15155e-19
3.65828e-20
-3.20267e-25
-9.40157e-26
1.97888e-24
-3.70814e-24
-2.62759e-23
-1.80167e-23
1.87209e-22
7.47595e-22
1.30493e-21
3.66069e-22
-4.30618e-21
-1.25298e-20
-1.46406e-20
1.57442e-20
1.1337e-19
2.77006e-19
4.14162e-19
3.84428e-19
1.91012e-19
3.67945e-20
3.83029e-13
5.06299e-13
2.76474e-13
2.67737e-13
2.71038e-13
3.20444e-13
2.81624e-13
2.63078e-13
2.54273e-13
2.54873e-13
2.45412e-13
2.34253e-13
2.35456e-13
2.3379e-13
2.20181e-13
2.14602e-13
2.0141e-13
1.89867e-13
1.36441e-13
-1.32652e-13
5.77219e-14
5.73562e-13
3.18795e-13
2.62206e-13
2.43514e-13
3.26562e-13
2.85318e-13
2.92969e-13
3.01878e-13
3.18365e-13
3.33692e-13
3.62879e-13
4.43925e-13
5.24844e-13
5.97357e-13
7.68923e-13
8.14327e-13
1.00702e-12
1.09299e-12
6.03043e-13
-2.82021e-14
1.43192e-13
1.35439e-13
9.33943e-14
5.90315e-14
1.69142e-13
1.39165e-13
1.38959e-13
1.59177e-13
1.63108e-13
2.02318e-13
2.71249e-13
3.76474e-13
5.64561e-13
9.93426e-13
1.34731e-12
9.81735e-13
5.38492e-13
7.73102e-13
5.49933e-13
3.52507e-15
-2.68231e-14
-3.09171e-14
-2.59056e-14
-2.98271e-14
8.09048e-14
8.18295e-14
1.17405e-13
1.4231e-13
1.49043e-13
2.16665e-13
3.04477e-13
4.57895e-13
7.84212e-13
1.41681e-12
1.89896e-12
1.63174e-12
9.39137e-13
5.64137e-13
3.19052e-13
-5.09599e-16
4.54766e-15
5.71295e-15
5.49763e-15
3.01917e-15
-3.10716e-14
-3.31286e-14
-3.71439e-14
-4.04593e-14
-4.33508e-14
-5.00771e-14
-5.129e-14
-3.67463e-14
-2.0022e-15
3.88278e-14
5.66947e-14
2.9702e-14
-1.54357e-14
-2.86516e-14
-1.52126e-14
5.87624e-17
-7.64612e-16
-9.34398e-16
-8.43307e-16
6.13738e-16
6.75803e-15
6.99118e-15
7.15715e-15
7.15241e-15
6.24744e-15
3.12018e-15
-4.5279e-15
-2.03354e-14
-4.76452e-14
-8.03384e-14
-9.98533e-14
-8.76671e-14
-3.78556e-14
2.24857e-14
2.7663e-14
-7.03503e-18
1.13922e-16
1.32833e-16
1.25585e-16
-1.08511e-16
-1.17724e-15
-1.23456e-15
-1.13555e-15
-1.00126e-15
-8.3105e-16
-8.78518e-16
-2.26934e-15
-7.55823e-15
-1.93664e-14
-3.74875e-14
-5.33469e-14
-5.31157e-14
-2.78287e-14
7.40389e-15
1.22312e-14
1.02897e-18
-1.52637e-17
-1.62717e-17
-1.47406e-17
2.09809e-17
1.74873e-16
1.76016e-16
1.34158e-16
9.03441e-17
6.01029e-17
1.18362e-16
4.2489e-16
9.80678e-16
9.52208e-16
-1.39048e-15
-7.24598e-15
-1.38464e-14
-1.37062e-14
-4.99431e-15
7.87127e-16
-4.08534e-20
1.34807e-18
9.63237e-19
4.38308e-19
-4.20897e-18
-2.24998e-17
-1.97072e-17
-1.16835e-17
-8.24119e-18
-8.71535e-18
-3.7903e-18
4.23831e-17
2.61228e-16
8.67265e-16
1.83869e-15
2.61626e-15
2.5008e-15
1.83218e-15
9.66333e-16
-3.41009e-16
-3.35732e-20
8.29248e-20
3.2088e-19
4.78424e-19
8.646e-19
2.02412e-18
7.89303e-19
8.83118e-20
1.30616e-18
1.33325e-18
-1.0177e-17
-4.74448e-17
-1.22408e-16
-1.89613e-16
-8.66326e-17
3.93261e-16
1.2632e-15
2.15248e-15
2.5791e-15
8.97487e-16
1.50126e-20
-8.05866e-20
-1.69779e-19
-2.13141e-19
-2.06206e-19
-4.66977e-21
4.13136e-19
4.22587e-19
1.56307e-19
1.15624e-18
6.27184e-18
1.55202e-17
1.99814e-17
-8.55997e-18
-1.08226e-16
-2.91455e-16
-5.10567e-16
-7.1966e-16
-3.54384e-16
2.81755e-16
-4.50243e-21
2.8165e-20
5.4796e-20
6.54815e-20
5.20483e-20
-5.52246e-20
-1.72077e-19
-1.62683e-19
-1.76167e-19
-7.53781e-19
-2.45109e-18
-4.24472e-18
-1.11574e-18
1.71235e-17
5.48975e-17
8.74555e-17
7.77419e-17
-1.88167e-16
-6.14799e-16
-5.09236e-16
1.1719e-21
-8.71089e-21
-1.56453e-20
-1.81024e-20
-1.16453e-20
2.35009e-20
5.55713e-20
9.00514e-20
1.59534e-19
6.60392e-20
-8.26268e-19
-1.95839e-18
5.0941e-18
3.70852e-17
7.67937e-17
2.80157e-17
-2.20677e-16
-7.08055e-16
-1.24445e-15
-8.951e-16
-2.56822e-22
2.56488e-21
4.32236e-21
4.79827e-21
7.10818e-22
-1.05319e-20
-6.90748e-21
1.63043e-20
-8.1978e-20
-7.72133e-19
-2.25618e-18
-2.77878e-19
2.1029e-17
7.0992e-17
7.53001e-17
-1.32509e-16
-5.58701e-16
-8.71124e-16
-7.19937e-16
-1.10676e-16
5.49524e-23
-6.87709e-22
-1.08295e-21
-1.12565e-21
-2.00656e-22
1.90876e-21
7.24123e-21
3.02755e-20
2.33447e-20
-3.24086e-19
-1.30301e-18
-9.32493e-19
8.02112e-18
3.22518e-17
5.84184e-17
5.55958e-17
3.90857e-17
6.44588e-17
1.55088e-16
2.06932e-16
-1.28217e-23
1.6598e-22
2.70805e-22
3.26062e-22
1.12857e-22
-6.76509e-22
-2.75634e-21
-9.61694e-21
-1.53287e-20
2.78465e-20
1.81772e-19
2.90037e-19
-3.43104e-19
-2.49729e-18
-4.88831e-18
-4.03821e-18
6.92189e-18
2.24692e-17
3.3642e-17
4.89022e-17
3.57979e-24
-3.84618e-23
-4.40575e-23
-2.54732e-23
-6.97757e-23
-4.50419e-22
-1.42452e-21
-2.01885e-21
-1.50296e-21
-3.32169e-21
-6.4987e-21
1.80985e-20
1.23934e-19
2.88064e-19
3.31176e-19
-6.36266e-19
-2.19243e-18
-7.41932e-18
-1.68675e-17
9.18085e-18
-2.56924e-25
1.2249e-23
3.0383e-23
4.85912e-23
-9.74556e-23
-8.05034e-22
-2.24434e-21
-2.91945e-21
1.56131e-21
1.3868e-20
2.12545e-20
-1.07748e-20
-9.4334e-20
-8.66902e-20
4.81103e-19
2.36589e-18
5.06192e-18
-1.91334e-18
-2.7393e-17
-1.85862e-18
4.60845e-25
-3.27185e-24
-1.64634e-24
8.53904e-24
-4.79912e-23
-4.09432e-22
-1.21055e-21
-1.58316e-21
1.04939e-21
8.73564e-21
1.53162e-20
2.66553e-22
-4.37655e-20
-1.12722e-21
5.13167e-19
1.98845e-18
4.03157e-18
4.21088e-18
4.15155e-19
-3.65828e-20
3.20267e-25
9.40157e-26
-1.97888e-24
3.70814e-24
2.62759e-23
1.80167e-23
-1.87209e-22
-7.47595e-22
-1.30493e-21
-3.66069e-22
4.30618e-21
1.25298e-20
1.46406e-20
-1.57442e-20
-1.1337e-19
-2.77006e-19
-4.14162e-19
-3.84428e-19
-1.91012e-19
-3.67945e-20
)
;
    }
    inletOutletRight
    {
        type            cyclicAMI;
        value           nonuniform List<scalar> 
20
(
-11.1271
171.426
289.628
403.342
507.357
609.806
711.857
815.923
922.468
1032.08
1145.09
1263.23
1386.54
1541.8
1641.72
1789.89
1886.5
1752.67
1144.44
495.406
)
;
    }
    inletRight
    {
        type            calculated;
        value           uniform -975;
    }
    inletWallsRight
    {
        type            calculated;
        value           uniform 0;
    }
    inletFacesRight
    {
        type            calculated;
        value           nonuniform List<scalar> 
800
(
-3.18894e-25
-1.58259e-25
1.83872e-24
-2.92265e-24
-2.13476e-23
-8.1948e-24
1.78348e-22
6.38886e-22
9.80207e-22
-9.626e-23
-4.06672e-21
-9.32991e-21
-5.11525e-21
3.334e-20
1.34743e-19
2.91239e-19
4.1259e-19
3.71788e-19
1.80694e-19
3.36015e-20
-4.67318e-25
3.15719e-24
1.81617e-24
-5.19333e-24
5.56268e-23
3.93638e-22
1.08688e-21
1.31071e-21
-1.07675e-21
-7.23496e-21
-1.08891e-20
4.61285e-21
3.67815e-20
-3.72324e-20
-5.83555e-19
-2.03666e-18
-3.97466e-18
-4.07736e-18
-3.99321e-19
6.00903e-20
2.83767e-25
-1.22475e-23
-3.01778e-23
-4.36745e-23
1.10511e-22
7.8796e-22
2.07693e-21
2.54306e-21
-1.59228e-21
-1.18299e-20
-1.54845e-20
1.66894e-20
8.41909e-20
3.31333e-20
-5.89228e-19
-2.47246e-18
-5.07221e-18
1.62141e-18
2.57115e-17
1.60873e-18
-3.5904e-24
3.74808e-23
4.34847e-23
2.99991e-23
7.86652e-23
4.4271e-22
1.32712e-21
1.78964e-21
1.2998e-21
3.37599e-21
7.18509e-21
-1.47519e-20
-1.14068e-19
-2.74314e-19
-3.3558e-19
5.39658e-19
1.98142e-18
6.86836e-18
1.57375e-17
-8.90748e-18
1.27081e-23
-1.62675e-22
-2.66662e-22
-3.30843e-22
-1.00128e-22
7.30334e-22
2.79755e-21
9.18351e-21
1.3796e-20
-2.75441e-20
-1.68731e-19
-2.58647e-19
3.53204e-19
2.38498e-18
4.60758e-18
3.7499e-18
-6.63042e-18
-2.13484e-17
-3.19223e-17
-4.63082e-17
-5.42067e-23
6.78964e-22
1.0629e-21
1.15919e-21
1.97639e-22
-2.06276e-21
-7.34884e-21
-2.8435e-20
-1.91842e-20
3.06418e-19
1.19984e-18
7.79778e-19
-7.69371e-18
-3.02727e-17
-5.41499e-17
-5.07404e-17
-3.57974e-17
-6.14814e-17
-1.50031e-16
-2.00203e-16
2.53575e-22
-2.56228e-21
-4.23019e-21
-4.9193e-21
-8.18449e-22
1.05449e-20
7.99757e-21
-1.02321e-20
8.92751e-20
7.29567e-19
2.06286e-18
2.64326e-20
-2.04883e-17
-6.80442e-17
-7.02513e-17
1.33382e-16
5.46657e-16
8.46683e-16
6.95816e-16
1.05228e-16
-1.16961e-21
8.81095e-21
1.52222e-20
1.84297e-20
1.21356e-20
-2.39237e-20
-5.7535e-20
-9.08151e-20
-1.5292e-19
-7.37501e-20
7.25378e-19
1.71681e-18
-5.17891e-18
-3.61189e-17
-7.3988e-17
-2.4723e-17
2.19632e-16
6.9393e-16
1.20864e-15
8.58037e-16
4.49221e-21
-2.85323e-20
-5.3082e-20
-6.55951e-20
-5.34535e-20
5.44992e-20
1.75446e-19
1.77154e-19
1.95367e-19
7.49554e-19
2.35875e-18
4.05607e-18
9.76785e-19
-1.67726e-17
-5.33973e-17
-8.4525e-17
-7.41153e-17
1.87282e-16
5.9921e-16
4.60761e-16
-1.47371e-20
8.07353e-20
1.62438e-19
2.09386e-19
2.08373e-19
1.52284e-20
-4.09447e-19
-4.62671e-19
-2.25626e-19
-1.18139e-18
-6.06131e-18
-1.50008e-17
-1.93096e-17
8.3751e-18
1.04727e-16
2.81789e-16
4.93574e-16
6.94055e-16
3.38083e-16
-3.3015e-16
3.05893e-20
-7.36377e-20
-2.91948e-19
-4.46911e-19
-8.65099e-19
-2.15129e-18
-9.33589e-19
-3.87166e-20
-1.061e-18
-1.05729e-18
9.92621e-18
4.58119e-17
1.18127e-16
1.82451e-16
8.31525e-17
-3.80832e-16
-1.22577e-15
-2.09657e-15
-2.52028e-15
-9.81719e-16
6.24263e-20
-1.43941e-18
-1.05998e-18
-6.00031e-19
4.25027e-18
2.36099e-17
2.07207e-17
1.18252e-17
7.73989e-18
7.92003e-18
2.93958e-18
-4.13061e-17
-2.5396e-16
-8.3934e-16
-1.78303e-15
-2.54865e-15
-2.45835e-15
-1.84923e-15
-1.08326e-15
1.41828e-16
-1.15019e-18
1.59069e-17
1.66381e-17
1.54372e-17
-2.1374e-17
-1.81023e-16
-1.78071e-16
-1.33199e-16
-9.03287e-17
-6.20667e-17
-1.15792e-16
-4.04868e-16
-9.13426e-16
-8.45663e-16
1.47799e-15
7.23185e-15
1.37836e-14
1.38725e-14
5.43412e-15
-5.49657e-16
7.52755e-18
-1.17704e-16
-1.35842e-16
-1.29434e-16
1.08039e-16
1.18422e-15
1.20374e-15
1.10631e-15
1.00133e-15
8.62298e-16
8.99038e-16
2.18361e-15
7.05985e-15
1.79894e-14
3.47928e-14
4.96661e-14
4.98386e-14
2.6599e-14
-6.50375e-15
-1.14011e-14
-6.0756e-17
7.82687e-16
9.68456e-16
8.70611e-16
-5.65864e-16
-6.53554e-15
-6.68057e-15
-6.93786e-15
-7.12931e-15
-6.46773e-15
-3.42776e-15
3.93687e-15
1.92452e-14
4.57179e-14
7.7332e-14
9.63479e-14
8.51876e-14
3.77671e-14
-2.05369e-14
-2.6497e-14
5.1105e-16
-4.58661e-15
-5.97532e-15
-5.63257e-15
-3.27236e-15
2.98209e-14
3.24074e-14
3.58534e-14
3.9275e-14
4.37476e-14
5.02253e-14
5.15841e-14
3.75176e-14
4.09604e-15
-3.95692e-14
-6.11302e-14
-3.53667e-14
1.15388e-14
2.65046e-14
1.34281e-14
-3.46844e-15
2.67737e-14
3.16566e-14
2.60911e-14
2.8902e-14
-8.48171e-14
-9.41025e-14
-1.19322e-13
-1.3635e-13
-1.53654e-13
-2.18561e-13
-3.06968e-13
-4.46863e-13
-7.98481e-13
-1.38092e-12
-1.82057e-12
-1.56031e-12
-8.85285e-13
-4.98871e-13
-2.84142e-13
2.78776e-14
-1.42359e-13
-1.34254e-13
-9.14867e-14
-5.58917e-14
-1.44946e-13
-1.33661e-13
-1.32699e-13
-1.4547e-13
-1.6189e-13
-2.02532e-13
-2.75028e-13
-3.66971e-13
-5.86839e-13
-9.88177e-13
-1.30661e-12
-9.38521e-13
-5.33907e-13
-7.66516e-13
-5.02541e-13
-5.75247e-14
-5.957e-13
-3.2002e-13
-2.56411e-13
-2.12172e-13
-3.27822e-13
-3.01961e-13
-2.845e-13
-2.8396e-13
-2.96e-13
-3.57814e-13
-3.97964e-13
-4.3429e-13
-4.95198e-13
-5.87449e-13
-7.09117e-13
-7.76279e-13
-9.20368e-13
-1.0577e-12
-5.72297e-13
-3.816e-13
-5.09411e-13
-2.74591e-13
-2.63636e-13
-2.44403e-13
-3.35605e-13
-3.04589e-13
-2.74559e-13
-2.55018e-13
-2.39979e-13
-2.46006e-13
-2.44502e-13
-2.39544e-13
-2.2661e-13
-2.11674e-13
-2.00516e-13
-1.92526e-13
-1.81391e-13
-1.33184e-13
1.25134e-13
3.18894e-25
1.58259e-25
-1.83872e-24
2.92265e-24
2.13476e-23
8.1948e-24
-1.78348e-22
-6.38886e-22
-9.80207e-22
9.626e-23
4.06672e-21
9.32991e-21
5.11525e-21
-3.334e-20
-1.34743e-19
-2.91239e-19
-4.1259e-19
-3.71788e-19
-1.80694e-19
-3.36015e-20
4.67318e-25
-3.15719e-24
-1.81617e-24
5.19333e-24
-5.56268e-23
-3.93638e-22
-1.08688e-21
-1.31071e-21
1.07675e-21
7.23496e-21
1.08891e-20
-4.61285e-21
-3.67815e-20
3.72324e-20
5.83555e-19
2.03666e-18
3.97466e-18
4.07736e-18
3.99321e-19
-6.00903e-20
-2.83767e-25
1.22475e-23
3.01778e-23
4.36745e-23
-1.10511e-22
-7.8796e-22
-2.07693e-21
-2.54306e-21
1.59228e-21
1.18299e-20
1.54845e-20
-1.66894e-20
-8.41909e-20
-3.31333e-20
5.89228e-19
2.47246e-18
5.07221e-18
-1.62141e-18
-2.57115e-17
-1.60873e-18
3.5904e-24
-3.74808e-23
-4.34847e-23
-2.99991e-23
-7.86652e-23
-4.4271e-22
-1.32712e-21
-1.78964e-21
-1.2998e-21
-3.37599e-21
-7.18509e-21
1.47519e-20
1.14068e-19
2.74314e-19
3.3558e-19
-5.39658e-19
-1.98142e-18
-6.86836e-18
-1.57375e-17
8.90748e-18
-1.27081e-23
1.62675e-22
2.66662e-22
3.30843e-22
1.00128e-22
-7.30334e-22
-2.79755e-21
-9.18351e-21
-1.3796e-20
2.75441e-20
1.68731e-19
2.58647e-19
-3.53204e-19
-2.38498e-18
-4.60758e-18
-3.7499e-18
6.63042e-18
2.13484e-17
3.19223e-17
4.63082e-17
5.42067e-23
-6.78964e-22
-1.0629e-21
-1.15919e-21
-1.97639e-22
2.06276e-21
7.34884e-21
2.8435e-20
1.91842e-20
-3.06418e-19
-1.19984e-18
-7.79778e-19
7.69371e-18
3.02727e-17
5.41499e-17
5.07404e-17
3.57974e-17
6.14814e-17
1.50031e-16
2.00203e-16
-2.53575e-22
2.56228e-21
4.23019e-21
4.9193e-21
8.18449e-22
-1.05449e-20
-7.99757e-21
1.02321e-20
-8.92751e-20
-7.29567e-19
-2.06286e-18
-2.64326e-20
2.04883e-17
6.80442e-17
7.02513e-17
-1.33382e-16
-5.46657e-16
-8.46683e-16
-6.95816e-16
-1.05228e-16
1.16961e-21
-8.81095e-21
-1.52222e-20
-1.84297e-20
-1.21356e-20
2.39237e-20
5.7535e-20
9.08151e-20
1.5292e-19
7.37501e-20
-7.25378e-19
-1.71681e-18
5.17891e-18
3.61189e-17
7.3988e-17
2.4723e-17
-2.19632e-16
-6.9393e-16
-1.20864e-15
-8.58037e-16
-4.49221e-21
2.85323e-20
5.3082e-20
6.55951e-20
5.34535e-20
-5.44992e-20
-1.75446e-19
-1.77154e-19
-1.95367e-19
-7.49554e-19
-2.35875e-18
-4.05607e-18
-9.76785e-19
1.67726e-17
5.33973e-17
8.4525e-17
7.41153e-17
-1.87282e-16
-5.9921e-16
-4.60761e-16
1.47371e-20
-8.07353e-20
-1.62438e-19
-2.09386e-19
-2.08373e-19
-1.52284e-20
4.09447e-19
4.62671e-19
2.25626e-19
1.18139e-18
6.06131e-18
1.50008e-17
1.93096e-17
-8.3751e-18
-1.04727e-16
-2.81789e-16
-4.93574e-16
-6.94055e-16
-3.38083e-16
3.3015e-16
-3.05893e-20
7.36377e-20
2.91948e-19
4.46911e-19
8.65099e-19
2.15129e-18
9.33589e-19
3.87166e-20
1.061e-18
1.05729e-18
-9.92621e-18
-4.58119e-17
-1.18127e-16
-1.82451e-16
-8.31525e-17
3.80832e-16
1.22577e-15
2.09657e-15
2.52028e-15
9.81719e-16
-6.24263e-20
1.43941e-18
1.05998e-18
6.00031e-19
-4.25027e-18
-2.36099e-17
-2.07207e-17
-1.18252e-17
-7.73989e-18
-7.92003e-18
-2.93958e-18
4.13061e-17
2.5396e-16
8.3934e-16
1.78303e-15
2.54865e-15
2.45835e-15
1.84923e-15
1.08326e-15
-1.41828e-16
1.15019e-18
-1.59069e-17
-1.66381e-17
-1.54372e-17
2.1374e-17
1.81023e-16
1.78071e-16
1.33199e-16
9.03287e-17
6.20667e-17
1.15792e-16
4.04868e-16
9.13426e-16
8.45663e-16
-1.47799e-15
-7.23185e-15
-1.37836e-14
-1.38725e-14
-5.43412e-15
5.49657e-16
-7.52755e-18
1.17704e-16
1.35842e-16
1.29434e-16
-1.08039e-16
-1.18422e-15
-1.20374e-15
-1.10631e-15
-1.00133e-15
-8.62298e-16
-8.99038e-16
-2.18361e-15
-7.05985e-15
-1.79894e-14
-3.47928e-14
-4.96661e-14
-4.98386e-14
-2.6599e-14
6.50375e-15
1.14011e-14
6.0756e-17
-7.82687e-16
-9.68456e-16
-8.70611e-16
5.65864e-16
6.53554e-15
6.68057e-15
6.93786e-15
7.12931e-15
6.46773e-15
3.42776e-15
-3.93687e-15
-1.92452e-14
-4.57179e-14
-7.7332e-14
-9.63479e-14
-8.51876e-14
-3.77671e-14
2.05369e-14
2.6497e-14
-5.1105e-16
4.58661e-15
5.97532e-15
5.63257e-15
3.27236e-15
-2.98209e-14
-3.24074e-14
-3.58534e-14
-3.9275e-14
-4.37476e-14
-5.02253e-14
-5.15841e-14
-3.75176e-14
-4.09604e-15
3.95692e-14
6.11302e-14
3.53667e-14
-1.15388e-14
-2.65046e-14
-1.34281e-14
3.46844e-15
-2.67737e-14
-3.16566e-14
-2.60911e-14
-2.8902e-14
8.48171e-14
9.41025e-14
1.19322e-13
1.3635e-13
1.53654e-13
2.18561e-13
3.06968e-13
4.46863e-13
7.98481e-13
1.38092e-12
1.82057e-12
1.56031e-12
8.85285e-13
4.98871e-13
2.84142e-13
-2.78776e-14
1.42359e-13
1.34254e-13
9.14867e-14
5.58917e-14
1.44946e-13
1.33661e-13
1.32699e-13
1.4547e-13
1.6189e-13
2.02532e-13
2.75028e-13
3.66971e-13
5.86839e-13
9.88177e-13
1.30661e-12
9.38521e-13
5.33907e-13
7.66516e-13
5.02541e-13
5.75247e-14
5.957e-13
3.2002e-13
2.56411e-13
2.12172e-13
3.27822e-13
3.01961e-13
2.845e-13
2.8396e-13
2.96e-13
3.57814e-13
3.97964e-13
4.3429e-13
4.95198e-13
5.87449e-13
7.09117e-13
7.76279e-13
9.20368e-13
1.0577e-12
5.72297e-13
3.816e-13
5.09411e-13
2.74591e-13
2.63636e-13
2.44403e-13
3.35605e-13
3.04589e-13
2.74559e-13
2.55018e-13
2.39979e-13
2.46006e-13
2.44502e-13
2.39544e-13
2.2661e-13
2.11674e-13
2.00516e-13
1.92526e-13
1.81391e-13
1.33184e-13
-1.25134e-13
)
;
    }
}


// ************************************************************************* //
