/*--------------------------------*- C++ -*----------------------------------*\
| =========                 |                                                 |
| \\      /  F ield         | OpenFOAM: The Open Source CFD Toolbox           |
|  \\    /   O peration     | Version:  4.1                                   |
|   \\  /    A nd           | Web:      www.OpenFOAM.org                      |
|    \\/     M anipulation  |                                                 |
\*---------------------------------------------------------------------------*/
FoamFile
{
    version     2.0;
    format      ascii;
    class       surfaceScalarField;
    location    "27";
    object      phi;
}
// * * * * * * * * * * * * * * * * * * * * * * * * * * * * * * * * * * * * * //

dimensions      [0 3 -1 0 0 0 0];

internalField   nonuniform List<scalar> 
3120
(
-193278
-164896
-193278
-165011
-28267.1
-165011
-150272
-14738.7
-135819
-14453.5
-135819
-123594
-12224.1
-111921
-11673.5
-111921
-102427
-9493.92
-102427
-96716.6
-5710.37
-92221.2
-4495.41
-92221.2
-90220.6
-2000.59
-90220.6
-89361.7
-858.96
-86041.4
-3320.32
-86041.4
-84531.5
-79290.8
-3776.78
-77768.7
-76308.3
-74878.8
-73487.4
-72130.7
-70812.2
-69532.3
-68298.2
-67130.1
-62011.9
-4015.28
-60888.1
-59770.9
-58635.9
-57577.3
-56987.2
-57402.3
-58187.2
-58749
-53436.8
-5312.25
-53436.9
-53436.9
-46597.8
-6839.1
-46597.8
-46597.8
-46597.8
-40271.2
-6326.57
-40271.2
-40271.2
-35061.4
-5209.86
-35061.4
-35061.4
-35061.4
-31121.8
-3939.65
-31121.8
-31121.8
-31121.8
-28892.8
-2228.96
-17936.5
181408
-26337.5
107198
-28838
45149.9
-14915.5
-130638
1468.68
-144162
10333.7
-90856
12302.6
-47482.4
10929.8
-19447.4
8088.63
-13598.2
2343.87
9322.79
-3006.05
37869.7
-4804.59
39398.2
-4632.7
28141.9
-4377.85
11249.3
-6350.08
6828.71
-7193.73
-4417.52
-187.334
-22948.3
6443.66
-53560.3
51319.7
-17460.3
201662
-27151.7
116889
-28262.4
46260.5
-13384.5
-145516
3229.38
-160776
12447
-100074
14398.9
-49434.3
12599.8
-17648.3
8641.71
-9640.27
2179.21
15785.2
-2524.62
42573.4
-4120.37
40993.9
-4118.04
28139.5
-4814.77
11945.9
-7767.99
9781.84
-8182.64
-4003
752.433
-31883.4
8106.97
-60914.8
55487
-16914.4
221736
-27306.8
127282
-26307.9
45261.6
-10395.6
-161429
5920
-177091
15031.6
-109185
16793.7
-51196.4
14493.8
-15348.3
9424.65
-4571.14
2228.56
22981.3
-1983
46785
-3478.12
42489.1
-3834.88
28496.3
-5517.2
13628.2
-9170.8
13435.5
-8915.91
-4257.86
1739.28
-42538.6
9834.56
-69010.1
60111.7
-16263.4
241520
-26664.4
137683
-23040.8
41638
-6014.86
-178455
9642.92
-192749
18219.5
-117762
19556.3
-52533.3
16441.5
-12233.6
10170.4
1699.9
2371.89
30779.8
-1416.11
50573
-2900.29
43973.2
-3736.22
29332.2
-6323.95
16215.9
-10405
17516.4
-9519.77
-5143.18
2554.31
-54612.7
11637.9
-78093.6
65422.9
-15437.7
260845
-25192.1
147437
-18742.9
35188.8
-546.245
-196651
14302.3
-207598
22051.5
-125511
22767.6
-53249.4
18284.9
-7750.91
10485.9
9498.98
2533.59
38732.1
-851.996
53958.6
-2391.66
45512.9
-3744.26
30684.8
-7105.19
19576.8
-11430.1
21841.4
-10087.5
-6485.79
2982.47
-67682.6
13441.8
-88552.9
72025.6
-14390.2
279489
-22975.8
156023
-13918.3
26131.2
5650.85
-216220
19586.1
-221533
26356.1
-132281
26336.2
-53229.5
20064.6
-1479.37
10591.3
18972.2
2744.03
46579.3
-310.96
57013.6
-1950.17
47152.1
-3807.9
32542.4
-7786.01
23554.9
-12250.1
26305.5
-10679.3
-8056.7
2832.92
-81194.8
14741.1
-100461
81454.4
-13144.5
297253
-20139.1
163017
-9354.66
15346.8
12270.7
-237846
25029.8
-234292
30642.2
-137894
29625.9
-52213.2
21390.4
6756.22
10535.3
29827.4
2984.07
54130.5
192.329
59805.3
-1549.47
48893.9
-3779.52
34772.5
-8227.04
28002.5
-12839.3
30917.8
-11224.9
-9671.06
2069.05
-94488.8
15149.6
-113542
92588.8
-11844.9
314078
-16457.2
167629
-6249.73
5139.38
18950
-263046
29945
-245287
33972.7
-141921
31770.7
-50011.3
21751.8
16775.1
10140.9
41438.3
3192.34
61079
647.154
62350.5
-1202.83
50743.8
-3800.45
37370.1
-8524.44
32726.4
-12981.4
35374.7
-11360.4
-11292.1
911.235
-106760
14993.4
-127624
103805
-10613.1
330043
-14679.2
171695
-3161.1
-6378.69
25357.1
-291564
33437.8
-253368
34904.2
-143388
32055.5
-47162.5
21301.2
27529.4
9557.9
53181.6
3346.8
67290.2
1042.51
64654.8
-890.248
52676.6
-3841.36
40321.2
-8583.46
37468.5
-12115.5
38906.7
-10418.8
-12988.8
-311.491
-116868
13669.9
-141605
114155
-9063.36
344822
-18322.9
180955
6987.65
-31689.2
31331
-315907
34536.4
-256573
31759.8
-140611
29280.8
-44683.6
20022.2
36787.9
8991.5
64212.3
3479.68
72802
1372.08
66762.3
-533.459
54582.1
-3354.13
43141.9
-7756.54
41870.9
-9500.55
40650.7
-7840.77
-14648.6
-1515.72
-123193
11079
-154200
124375
-7059.7
358017
-17319.5
191215
16455.2
-65463.9
36695.7
-336148
32788.3
-252665
23841.3
-131664
22811.5
-43653.8
17901
41698.5
8597.16
73516.2
3679.44
77719.7
1647.36
68794.4
-168.279
56397.8
-2182.7
45156.3
-5886.22
45574.5
-5552.95
40317.5
-4369.13
-15832.4
-2989.33
-124573
8210.91
-165400
130585
-4482.84
368967
-13847.9
200580
26011.6
-105323
41379.4
-351515
29138.4
-240424
13866.9
-116393
14764.2
-44551.1
15288.1
41174.5
8413.16
80391.1
4074.68
82058.2
1965.32
70903.8
180.818
58182.2
-964.44
46301.5
-3919.56
48529.6
-2466.14
38864
-2350.2
-15948.4
-5264.11
-121659
5728.68
-176393
131819
-2012.26
378028
-9526.51
208094
36304
-151154
45667.7
-360879
25635
-220392
7286.96
-98044.7
9594.39
-46858.5
12909.5
37859.4
8405.59
84895.1
4726.77
85737
2430.5
73200.1
528.401
60084.4
-452.025
47282
-2721.61
50799.2
-1020.49
37162.9
-2423.77
-14545
-8331.43
-115751
3365.65
-188090
129474
1108.23
383985
-3876.18
213079
47470.8
-202501
49717.6
-363126
23265
-193939
4709.36
-79489
7386.39
-49535.6
10844.8
34401
8393.76
87346.1
5595.67
88535.1
3202.53
75593.2
1025.25
62261.6
-551.605
48858.8
-2115.65
52363.2
458.661
34588.6
-2127.72
-11958.7
-11014.7
-106864
1733.95
-200839
121714
2897.04
389523
2040.08
213936
59634.8
-260096
52845
-356336
20636.1
-161730
2000.85
-60853.7
4949.65
-52484.3
9268.16
30082.5
8434.43
88179.8
6473.74
90495.8
4046.11
78020.8
1476.42
64831.3
-861.887
51197.2
-1553.81
53055.2
2462.01
30572.8
558.608
-10055.2
-11597.6
-94707.9
1079.8
-213516
111120
6820.7
389360
12514.6
208242
72681.2
-320262
53171.7
-336827
16062.1
-124621
-1547.48
-43244.1
1598.6
-55630.4
7379.62
24301.4
8168.49
87390.9
7255.86
91408.4
5121.78
80154.9
2380.02
67573.1
-471.05
54048.2
-267.785
52851.9
4432.21
25872.7
5509.04
-11132.1
-9364.05
-79834.8
256.847
-223137
99152.9
16441.3
385408
29131.8
195551
85783.1
-376914
48194.9
-299238
9564.99
-85990.8
-3419.66
-30259.5
-133.84
-58916.2
7034.15
17133.5
8438.18
85986.9
7686.16
92160.4
5281.09
82560
2247.49
70606.7
-648.591
56944.3
784.934
51418.4
5402.17
21255.5
11045.7
-16775.5
-5738.98
-63050.1
1074.31
-229950
85773.8
-10648.1
396231
31453.6
153449
95335.1
-440795
34583.2
-238487
2024.08
-53431.7
-2452.19
-25783.2
-1790.03
-59578.4
3826.58
11516.9
7470.97
82342.5
8197.29
91434.1
6669.05
84088.2
4405.1
72870.6
2036.77
59312.6
3877.12
49578
7507.82
17624.8
18040.3
-27307.9
-1767.48
-43242.4
3118.88
-234837
74154
159319
265158
118784
193984
90595.9
-412607
7593.09
-155484
-4873.29
-40965.3
-735.062
-29921.5
-200.268
-60113.2
8545.06
2771.53
7918.58
82969
5786.04
93566.7
2078.19
87796.1
-1765.55
76714.4
-3810.21
61357.3
838.942
44928.9
8906.5
9557.28
25682.1
-44083.5
6639.49
-24199.8
1443.42
-229641
47330.3
-509808
180314
53677.9
-11142.5
-2955.79
-490.457
-12346
-7540.52
14162.8
19760
18401.2
19089.9
20101.3
29071.5
25983.6
20035.8
13270.9
-55547.8
-458.462
-1051.41
-625.58
-1296.7
-869.787
-1277.96
-1063.45
-1266.78
-1224.01
-1268.93
-1351.56
-1263.81
-1450.28
-1257.98
-1518.99
-1249.87
-1558.17
-1240.67
-1566.25
-1226.06
-1530.25
-1204.14
-1444.84
-1188.3
-1385.88
-1182.71
-1318.16
-1185
-1247.63
-1205.51
-1131.16
-1175.12
-865.401
-855.819
-398.141
-52.0748
-191.328
578.092
370.485
-288.24
-763.166
-452.819
-1132.11
-641.855
-1088.92
-826.78
-1081.85
-1004.17
-1091.53
-1169.85
-1098.13
-1324.13
-1103.71
-1466.1
-1107.89
-1595.14
-1111.62
-1706.45
-1114.75
-1793.85
-1116.74
-1865.68
-1116.46
-1933.22
-1115.16
-2002.06
-1116.16
-2080.85
-1126.71
-2107.44
-1148.53
-1847.59
-1115.66
-1065.24
-834.403
-254.64
-232.468
115.846
-68.1748
-694.986
-110.641
-1089.64
-149.963
-1049.6
-202.093
-1029.72
-260.835
-1032.79
-324.932
-1034.03
-393.157
-1035.48
-465.162
-1035.89
-540.643
-1036.14
-619.845
-1035.55
-701.856
-1034.72
-784.75
-1033.57
-868.1
-1031.81
-955.583
-1028.68
-1057.05
-1025.24
-1173.67
-1031.9
-1225.42
-1063.91
-979.319
-1080.5
-341.111
-870.664
-225.265
-22.2547
-672.734
-40.7048
-1071.2
-62.314
-1027.99
-84.5126
-1007.52
-107.867
-1009.43
-131.742
-1010.16
-156.021
-1011.2
-180.444
-1011.47
-204.656
-1011.93
-228.349
-1011.85
-251.425
-1011.65
-274.014
-1010.98
-295.863
-1009.96
-315.781
-1008.76
-334.621
-1006.4
-364.158
-1002.37
-422.68
-1005.39
-455.899
-1047.28
-294.33
-1032.23
-519.595
3.98553
-676.72
-3.0327
-1064.18
-10.9766
-1020.05
-19.3554
-999.142
-28.3916
-1000.4
-37.928
-1000.62
-47.8189
-1001.31
-57.9405
-1001.34
-68.1381
-1001.73
-78.2606
-1001.73
-88.078
-1001.83
-97.3227
-1001.73
-105.769
-1001.52
-113.252
-1001.28
-119.042
-1000.61
-121.583
-999.826
-127.7
-999.269
-149.602
-1025.37
-122.999
-1058.83
-642.593
14.5864
-691.306
10.9678
-1060.56
5.28099
-1014.36
1.07388
-994.935
-3.25241
-996.071
-7.6228
-996.251
-12.0678
-996.865
-16.4978
-996.914
-20.8915
-997.338
-25.1716
-997.453
-29.2764
-997.728
-33.1452
-997.866
-36.6798
-997.983
-39.8006
-998.159
-42.3616
-998.05
-44.1571
-998.03
-45.99
-997.436
-54.1315
-1017.23
-50.8807
-1062.09
-693.474
18.8591
-710.166
16.2075
-1057.91
11.3814
-1009.53
8.67985
-992.234
5.97765
-993.37
3.23286
-993.507
0.444229
-994.077
-2.32769
-994.143
-5.09237
-994.574
-7.80999
-994.736
-10.4602
-995.079
-13.0216
-995.305
-15.4381
-995.567
-17.7156
-995.882
-19.7554
-996.011
-21.4876
-996.298
-23.0893
-995.835
-28.2032
-1012.12
-29.4856
-1060.8
-722.96
20.169
-730.334
17.3963
-1055.14
12.9522
-1005.09
10.8195
-990.1
8.70925
-991.259
6.57424
-991.371
4.40442
-991.906
2.25298
-991.991
0.0919423
-992.412
-2.04941
-992.593
-4.17111
-992.956
-6.26988
-993.206
-8.31358
-993.522
-10.3327
-993.862
-12.2512
-994.092
-14.0892
-994.46
-15.8547
-994.069
-20.2086
-1007.77
-23.021
-1057.99
-745.981
20.5185
-750.854
17.2638
-1051.88
13.1499
-1000.98
11.2762
-988.228
9.39967
-989.383
7.50119
-989.473
5.56986
-989.976
3.65274
-990.075
1.71819
-990.478
-0.208214
-990.668
-2.13473
-991.031
-4.06102
-991.28
-5.96413
-991.62
-7.87993
-991.947
-9.74191
-992.231
-11.5956
-992.607
-13.38
-992.285
-17.3881
-1003.76
-21.0277
-1054.35
-767.008
20.5129
-771.366
16.6752
-1048.04
12.8408
-997.14
11.1177
-986.504
9.36015
-987.625
7.58762
-987.7
5.78265
-988.17
3.99065
-988.282
2.17748
-988.665
0.369047
-988.859
-1.44797
-989.213
-3.27144
-989.456
-5.08516
-989.806
-6.92345
-990.109
-8.72539
-990.429
-10.5471
-990.785
-12.2881
-990.544
-16.0368
-1000.01
-20.3352
-1050.05
-787.344
20.4122
-791.778
15.9599
-1043.59
12.3992
-993.58
10.7819
-984.887
9.10356
-985.947
7.41603
-986.013
5.69682
-986.451
3.9901
-986.575
2.26053
-986.935
0.535505
-987.134
-1.20233
-987.475
-2.94695
-987.712
-4.68816
-988.065
-6.45567
-988.341
-8.19413
-988.69
-9.96413
-989.015
-11.6372
-988.871
-15.1317
-996.514
-20.0413
-1045.14
-807.385
20.2805
-812.058
15.209
-1038.52
11.92
-990.289
10.3909
-983.356
8.78032
-984.335
7.1658
-984.397
5.52033
-984.804
3.88705
-984.941
2.23
-985.277
0.578213
-985.481
-1.08923
-985.807
-2.76159
-986.038
-4.43518
-986.39
-6.13307
-986.642
-7.80656
-987.016
-9.51757
-987.303
-11.118
-987.27
-14.3572
-993.275
-19.8649
-1039.64
-827.25
20.1466
-832.204
14.4542
-1032.83
11.4384
-987.273
9.98693
-981.904
8.44074
-982.788
6.89479
-982.85
5.31857
-983.228
3.75428
-983.376
2.16561
-983.688
0.583084
-983.898
-1.01734
-984.206
-2.61988
-984.435
-4.22822
-984.782
-5.85653
-985.014
-7.46532
-985.407
-9.11397
-985.654
-10.6434
-985.74
-13.6245
-990.293
-19.7252
-1033.53
-846.975
20.0189
-852.221
13.7041
-1026.51
10.9635
-984.531
9.58409
-980.524
8.10318
-981.306
6.62586
-981.372
5.11846
-981.719
3.62265
-981.879
2.10216
-982.166
0.587882
-982.383
-0.945915
-982.671
-2.47916
-982.901
-4.02341
-983.236
-5.58165
-983.454
-7.12706
-983.86
-8.71191
-984.069
-10.1753
-984.276
-12.899
-987.569
-19.5897
-1026.84
-866.565
19.9098
-872.13
12.9649
-1019.56
10.5011
-982.067
9.18967
-979.211
7.77533
-979.891
6.36756
-979.963
4.92844
-980.279
3.50061
-980.45
2.04826
-980.713
0.600918
-980.934
-0.866233
-981.203
-2.33073
-981.436
-3.8118
-981.755
-5.29855
-981.967
-6.78238
-982.376
-8.30089
-982.549
-9.70279
-982.873
-12.171
-985.1
-19.4452
-1019.57
-886.01
19.8436
-891.973
12.2552
-1011.97
10.0749
-979.885
8.83402
-977.969
7.49064
-978.546
6.15675
-978.628
4.78646
-978.908
3.42512
-979.088
2.03904
-979.326
0.65347
-979.548
-0.751486
-979.797
-2.15412
-980.032
-3.57849
-980.329
-4.99829
-980.546
-6.42908
-980.944
-7.88093
-981.097
-9.2286
-981.525
-11.4463
-982.882
-19.2838
-1011.73
-905.294
19.8668
-911.839
11.6135
-1003.72
9.74466
-978.016
8.6015
-976.826
7.3501
-977.295
6.11206
-977.389
4.82825
-977.623
3.54532
-977.804
2.23514
-978.015
0.914998
-978.227
-0.427431
-978.454
-1.77566
-978.683
-3.1535
-978.951
-4.52352
-979.176
-5.9281
-979.539
-7.33191
-979.693
-8.66631
-980.191
-10.6713
-980.877
-19.0366
-1003.36
-924.33
20.0761
-931.915
11.1017
-994.746
9.58961
-976.504
8.60471
-975.84
7.4832
-976.173
6.37164
-976.277
5.20309
-976.454
4.018
-976.619
2.80032
-976.797
1.5591
-976.986
0.290615
-977.186
-0.995724
-977.397
-2.31691
-977.63
-3.63803
-977.854
-5.01905
-978.158
-6.3782
-978.333
-7.75793
-978.811
-9.59783
-979.037
-18.4197
-994.543
-942.75
20.7986
-952.713
11.0694
-985.016
9.96471
-975.399
9.25176
-975.127
8.35752
-975.278
7.43236
-975.352
6.42422
-975.446
5.35291
-975.547
4.21386
-975.658
3.00979
-975.781
1.74256
-975.918
0.418016
-976.072
-0.966237
-976.245
-2.38383
-976.437
-3.8731
-976.668
-5.32693
-976.879
-6.8776
-977.26
-8.53033
-977.384
-17.5623
-985.51
-960.312
22.2872
12.2711
11.8728
11.7459
11.4678
11.1159
10.6701
10.1229
9.46519
8.68423
7.76623
6.69463
5.44974
4.01334
2.3452
0.465995
-1.79367
-4.1775
-14.6878
-28892.9
-27964.8
-928.067
-27964.8
-27964.8
-27964.8
-28059.6
94.8018
-28059.6
-28059.7
-28059.7
-29603
1543.32
-29603
-29603
-32755.3
3152.27
-32755.3
-32755.3
-32755.3
-36758.4
4003.07
-36758.4
-36758.4
-40794
4035.69
-40564.7
-40238.3
-39839.4
-39367
-38819.3
-38192
-37479.3
-36675.1
-38140.8
2368.03
-37148.3
-36054.3
-34854.6
-33546.4
-32120.3
-30557.2
-28837.2
-26992.4
-25252.5
-22493.5
-1597.11
-22065.1
-22065.1
-22394.8
329.66
-22318.6
-76.1557
-22318.6
-22064.2
-254.421
-22064.2
-20900
-1164.25
-18477.1
-2422.89
-18477.1
-14815.1
-3662.05
-14815.1
-10037.8
-4777.33
-5160.06
-4877.77
-5160.09
-536.494
-4623.67
2184.71
-2721.27
2184.64
2258.76
-74.1783
2258.7
2258.69
-3546.93
3546.84
-8261.37
4714.38
-11195.6
2934.16
-9887.35
-1308.3
-7580.89
-2306.52
-3806.07
-3774.89
-37.7932
-3768.39
3286.5
-3324.4
6548.23
-3261.8
9270.57
-2722.4
10123.6
-853.068
8813.83
1309.71
6889.2
1924.58
5736.47
1152.69
6081.45
-345.036
7063.81
-982.4
5482.63
1581.13
1536.19
3946.41
3794.84
-6140.65
9687.43
-10068.3
8642.02
-11157.3
4023.03
-9118.77
-3346.88
-6773.14
-4652.22
-3063.89
-7484.21
484.431
-7316.79
3654.7
-6494.76
6726.62
-6333.79
9169.9
-5165.73
10391
-2074.23
10287.9
1412.73
9260.33
2952.15
8069.01
2343.97
7610.02
113.888
8366.77
-1739.2
8599.35
1348.5
5107.64
7438.09
8828.27
-6124.68
15812.1
-9321.94
11839.2
-10510.9
5211.92
-8651.29
-5206.51
-6273.29
-7030.26
-2786.91
-10970.6
424.074
-10527.8
3306.51
-9377.24
6263.54
-9290.84
8744.37
-7646.6
9854.57
-3184.46
9540.25
1727
8590.37
3902.01
7455.66
3478.65
7099.72
469.777
7660.19
-2299.7
8468.32
540.334
7104.04
8802.35
13211
-5586.61
21398.7
-8642.72
14895.3
-10127.5
6696.63
-8266.84
-7067.23
-5942.05
-9355.1
-2698.47
-14214.3
166.485
-13392.8
2782.06
-11992.9
5685.84
-12194.7
8224.22
-10185
9383.41
-4343.71
8876.15
2234.21
7713.23
5064.89
6594.29
4597.54
6390.46
673.53
6815.01
-2724.31
7500.19
-144.912
7561.29
8741.23
16148.6
-5177.52
26576.2
-8300.66
18018.4
-9971.56
8367.5
-7983.74
-9055.08
-5685.24
-11653.6
-2646.68
-17252.8
-59.778
-15979.8
2338.96
-14391.6
5223.5
-15079.2
7815.99
-12777.5
8994.07
-5521.82
8327.37
2900.88
7023.42
6368.81
5923.74
5697.2
5655.39
941.823
5793.91
-2862.88
6151.41
-502.463
7072.14
7820.48
18343
-4993.81
31570
-8227.69
21252.3
-9966.37
10106.1
-7754.67
-11266.8
-5405.66
-14002.7
-2509.31
-20149.2
-125.519
-18363.6
2039.05
-16556.3
4826.38
-17866.6
7492.4
-15443.6
8702.48
-6731.95
7847.2
3756.1
6464.25
7751.71
5387.22
6774.18
4865.02
1463.92
4505.87
-2503.79
4521.06
-517.756
6052.3
6289.2
19618
-4985.8
36555.8
-8344.37
24610.8
-10055.2
11816.9
-7480.43
-13841.6
-4985.16
-16498
-2196.05
-22938.3
4.77409
-20564.4
1841.48
-18393
4321.62
-20346.8
6990.68
-18112.7
8351.06
-8092.35
7397.24
4709.9
5979.47
9169.47
4921.03
7832.6
3996.58
2388.32
2982.58
-1489.85
2564.53
-99.8293
4849.97
4003.72
20805.9
-5102.09
41657.8
-8604.48
28113.2
-10218.5
13430.9
-7085.44
-16974.7
-4313.95
-19269.5
-1648.52
-25603.8
348.889
-22561.9
1767.12
-19811.3
3687.73
-22267.4
6182.39
-20607.4
7804.22
-9714.25
6949.16
5564.91
5586.45
10532.1
4502.94
8916.06
3042.85
3848.31
1441.56
111.229
278.765
1062.74
3759.78
522.625
22142.8
-5326.89
46984.7
-9003.6
31789.9
-10514.1
14941.3
-6627.57
-20861.2
-3378.54
-22518.5
-855.691
-28126.7
921.774
-24339.4
1893.29
-20782.8
3095.71
-23469.9
5288.64
-22800.3
7177.08
-11602.7
6497.39
6244.58
5057.7
11971.8
3699.79
10274
1829.72
5718.35
7.10217
1933.69
-1118.73
2188.52
2537.48
-3133.63
23516
-5673.55
52658.2
-9574.12
35690.4
-11066.4
16433.6
-6340.49
-25587.2
-2348.44
-26510.6
119.503
-30594.7
1707.02
-25926.9
2277.68
-21353.5
2766.96
-23959.2
4565.61
-24599
6570.21
-13607.4
5751
7063.75
3477.06
14245.7
980.199
12770.8
-895.13
7593.58
-1557.35
2595.71
-1994.28
2625.33
1136.01
-6263.98
24397.6
-6163.28
58821.5
-10359.7
39886.9
-11969.1
18043
-6460.38
-31095.9
-1493.87
-31477.2
1150.17
-33238.7
2650.79
-27427.6
2921.43
-21624.2
2814.08
-23851.8
3869.66
-25654.6
5438.51
-15176.2
3684.96
8817.29
-45.0011
17975.7
-2748.52
15474.3
-3471.96
8317.02
-2781.02
1904.76
-2702.47
2546.77
281.167
-9247.62
24602.6
-6806.47
65628
-11387.1
44467.5
-13218.7
19874.5
-7007.08
-37307.6
-963.906
-37520.4
2119.74
-36322.4
3696.26
-29004.1
3778.17
-21706.1
3212.3
-23286
3000.68
-25443
2905.64
-15081.2
-157.327
11880.2
-4043.6
21861.9
-5547.75
16978.4
-5373
8142.2
-4030.71
562.379
-3428.14
1944.12
-250.413
-12425.4
24681.8
-7598.6
73226.6
-12657.5
49526.4
-14752.2
21969.3
-7827.15
-44232.6
-693.328
-44654.2
2954.37
-39970.1
4737.46
-30787.2
4758.23
-21726.9
3901.24
-22429
2300.62
-23842.4
-408.99
-12371.6
-4125.95
15597.2
-6682.56
24418.5
-7166.14
17462
-6693.53
7669.59
-5121.41
-1009.74
-4198.28
1021
-706.139
-15917.5
22378.6
-8530.78
81757.3
-14151.6
55147.1
-16505.8
24323.5
-8789.47
-51949
-562.668
-52881
3644.21
-44177
5664.84
-32807.9
5733.03
-21795.1
4820.63
-21516.7
2221.26
-21243.1
-2592.95
-7557.51
-6486.07
19490.3
-7901.79
25834.2
-7927.81
17487.9
-7362.56
7104.26
-5820.45
-2551.91
-4716.26
-83.2688
-697.009
-19936.8
24049.6
-9602.11
91359.4
-15834.1
61379.2
-18433.6
26922.9
-9855.99
-60526.6
-507.158
-62229.8
4224.37
-48908.5
6421.24
-35004.7
6574.81
-21948.7
5818.37
-20760.3
2663.99
-18088.7
-3426.07
-1467.48
-7335.48
23399.7
-8272.32
26771.1
-7981.19
17196.8
-7239.27
6362.35
-5776.68
-4014.47
-4577.62
-1282.3
-392.131
-24122.3
27693.1
-10822.6
102182
-17658.5
68215.1
-20497
29761.4
-11027.3
-69996.4
-496.225
-72760.9
4757.17
-54161.9
7021.23
-37268.8
7217.83
-22145.3
6676.68
-20219.2
2974.85
-14387
-3801.81
5309.11
-7398.43
26996.3
-8145.83
27518.4
-7436.12
16487
-6512.54
5438.71
-5196.29
-5330.79
-3842.44
-2636.2
117.464
-28082.2
31813.6
-12198.2
114380
-19567.7
75584.5
-22642.4
32836.2
-12282.1
-80356.7
-486.163
-84556.8
5341.81
-59989.9
7559.9
-39486.9
7692.11
-22277.6
7262.64
-19789.7
3117.76
-10242.1
-3940.63
12367.5
-7123.82
30179.5
-7684.98
28079.6
-6535.04
15337.1
-5614.44
4518.11
-4667.73
-6277.49
-2861.28
-4442.62
988.725
-31932.2
35954.6
-13754.5
128135
-21499.7
83329.7
-24777.8
36114.3
-13537.3
-91597.2
-402.373
-97691.8
6110.66
-66503
8209.05
-41585.4
8123.96
-22192.5
7578.76
-19244.6
3232.47
-5895.94
-3839.23
19439.2
-6682.12
33022.3
-6998.23
28395.7
-5573.06
13911.9
-4968.6
3913.54
-4700.01
-6546.17
-2090.65
-7052.02
2148.58
-36171.4
39646.5
-15347.2
143482
-23361.8
91344.3
-26722
39474.5
-14610.4
-103709
-143.821
-112158
7177.7
-73824.5
9161.54
-43569.2
8704.85
-21735.8
7695.78
-18235.5
3218.43
-1418.59
-3652.56
26310.2
-6127.79
35497.6
-6182.94
28450.8
-4779.52
12508.5
-4803.52
3937.6
-5238.43
-6111.21
-1526.69
-10763.7
3431.01
-41129.1
43172.3
-17578.6
-25031.1
-28206
-15199
420.217
8586.7
10531
9615.24
7819.03
2822.23
-3387.38
-5489.55
-5352.58
-4348.34
-5267.37
-6117.57
-939.366
4860.73
-672.488
1647.49
-1091.57
1394.09
-1519.94
1403.37
-1864.54
1319.6
-2170.65
1281.12
-2427.03
1231.38
-2641.6
1189.57
-2813.87
1147.27
-2945.61
1106.74
-3037.34
1066.74
-3089.63
1027.29
-3101.6
986.975
-3068.77
942.161
-2979.42
885.653
-2812.48
808.061
-2539.99
702.509
-2133.81
568.826
-1574.99
416.177
-859.926
259.94
115.074
-216.286
1863.78
-481.284
1659.09
-761.355
1683.44
-1000.84
1559.08
-1231.72
1512
-1430.99
1430.64
-1608.23
1366.82
-1758.6
1297.65
-1885.04
1233.17
-1987.51
1169.21
-2066.9
1106.68
-2120.57
1040.64
-2139.51
961.11
-2103.73
849.871
-1978.08
682.414
-1708.68
433.107
-1270.36
130.508
-803.254
-50.9273
-368.137
-175.175
-253.064
-152.049
2015.83
-334.534
1841.58
-476.634
1825.54
-575.806
1658.26
-664.135
1600.33
-719.521
1486.03
-758.821
1406.12
-775.846
1314.68
-775.091
1232.42
-755.63
1149.75
-718.341
1069.39
-663.723
986.027
-593.779
891.168
-512.142
768.237
-423.862
594.137
-331.847
341.096
-248.631
47.2989
-192.758
-106.794
-148.831
-219.097
-401.895
31.3791
1984.45
-1.40077
1874.36
3.30205
1820.84
26.177
1635.38
52.2707
1574.24
95.5836
1442.72
146.346
1355.36
209.485
1251.54
283.395
1158.51
368.379
1064.77
463.807
973.968
566.394
883.441
667.576
789.988
748.947
686.867
777.471
565.614
700.283
418.286
482.793
264.791
259.978
116.023
98.8223
-57.9386
-303.072
83.8199
1900.63
96.7158
1861.47
140.415
1777.14
190.457
1585.34
241.187
1523.51
300.899
1383.01
362.412
1293.85
431.526
1182.43
504.057
1085.98
579.842
988.986
656.093
897.719
730.43
809.107
799.151
721.269
855.299
630.721
885.533
535.382
863.748
440.073
773.216
355.325
606.669
282.573
345.596
203.138
42.5235
51.4621
1849.17
82.5394
1830.39
120.774
1738.91
152.582
1553.54
184.46
1491.63
216.738
1350.73
243.162
1267.42
269.461
1156.13
293.856
1061.59
325.766
957.077
371.43
852.056
441.731
738.806
543.807
619.192
674.943
499.587
811.719
398.606
900.586
351.206
873.696
382.214
692.301
463.969
379.405
516.034
421.929
-55.0129
1904.19
-79.0518
1854.43
-116.092
1775.95
-176.964
1614.41
-236.167
1550.84
-312.146
1426.71
-400.211
1355.49
-500.09
1256.01
-600.08
1161.58
-682.098
1039.1
-731.386
901.345
-734.995
742.416
-689.288
573.486
-599.988
410.288
-478.085
276.704
-327.338
200.46
-151.938
206.815
11.3056
300.727
80.9135
446.427
502.842
-75.8141
1980
-188.035
1966.65
-278.497
1866.41
-385.91
1721.82
-494.296
1659.22
-614.815
1547.23
-744.917
1485.59
-884.07
1395.16
-1026.27
1303.77
-1160.27
1173.1
-1280.87
1021.95
-1385.88
847.417
-1477.73
665.339
-1551.95
484.506
-1584.19
308.94
-1524.28
140.559
-1331.28
13.8108
-971.084
-59.4709
-457.585
-67.0722
45.2572
94.6642
1885.34
-41.7399
2103.05
-114.477
1939.15
-167.411
1774.76
-211.517
1703.33
-253.515
1589.23
-287.873
1519.95
-318.567
1425.85
-349.137
1334.35
-385.948
1209.91
-432.083
1068.08
-490.736
906.072
-561.427
736.031
-638.455
561.537
-712.061
382.548
-770.265
198.764
-796.303
39.8509
-733.439
-122.334
-492.801
-307.709
-447.544
288.665
1596.67
248.342
2143.38
216.985
1970.51
234.292
1757.45
281.485
1656.14
332.333
1538.38
399.826
1452.46
472.949
1352.73
549.941
1257.35
612.879
1146.97
654.033
1026.93
664.085
896.02
640.925
759.191
584.135
618.326
491.87
474.813
365.567
325.066
235.061
170.355
127.868
-15.1427
10.7105
-190.553
-436.833
307.846
1288.82
360.706
2090.52
356.862
1974.35
388.836
1725.48
455.558
1589.42
524.876
1469.07
603.865
1373.47
684.701
1271.9
768.215
1173.84
843.045
1072.14
902.009
967.966
937.013
861.016
943.413
752.791
917.7
644.038
857.019
535.494
757.537
424.549
617.319
310.573
423.812
178.364
211.567
21.6933
-225.267
195.149
1093.67
261.207
2024.46
285.936
1949.62
321.655
1689.75
379.458
1531.61
439.915
1408.61
503.106
1310.27
564.294
1210.71
623.672
1114.46
676.243
1019.57
717.355
926.853
742.11
836.258
747.394
747.506
731.653
659.777
694.009
573.137
630.903
487.653
534.752
406.723
391.805
321.31
197.564
215.932
-27.7029
58.3696
1035.3
103.714
1979.11
159.8
1893.53
214.033
1635.52
277.628
1468.01
343.283
1342.95
408
1245.56
468.555
1150.15
524.508
1058.5
575.116
968.962
620.404
881.565
661.332
795.329
699.364
709.474
732.156
626.984
749.729
555.564
730.59
506.791
650.279
487.035
489.836
481.753
254.647
451.121
226.944
-78.922
1114.22
-32.2218
1932.41
65.2327
1796.08
137.687
1563.06
203.54
1402.16
269.758
1276.73
339.743
1175.57
416.831
1073.06
503.587
971.745
603.427
869.118
717.542
767.447
842.784
670.084
968.568
583.688
1071.19
524.359
1115.53
511.224
1068.41
553.906
912.86
642.587
653.987
740.626
338.61
766.497
565.554
-144.344
1258.56
-139.631
1927.69
-54.799
1711.24
3.56686
1504.69
23.3079
1382.42
26.5394
1273.49
36.5073
1165.6
63.5496
1046.01
113.032
922.259
188.496
793.65
290.096
665.844
413.211
546.966
545.991
450.906
669.106
401.24
753.539
426.79
763.664
543.779
669.294
736.956
470.6
939.319
217.914
1019.18
783.468
-32.9736
1291.53
-100.695
1995.41
-236.971
1847.52
-369.882
1637.6
-505.798
1518.33
-655.414
1423.11
-805.032
1315.21
-946.068
1187.05
-1075.03
1051.22
-1190.97
909.586
-1290.85
765.718
-1366.99
623.104
-1406.15
490.071
-1385.41
380.499
-1276.05
317.431
-1061.79
329.516
-758.771
433.932
-426.259
606.805
-157.403
750.324
626.065
329.215
962.318
570.452
1754.17
454.025
1963.94
183.918
1907.71
-77.9582
1780.2
-312.786
1657.94
-536.161
1538.59
-756.809
1407.69
-975.484
1269.9
-1193.13
1127.23
-1409.06
981.648
-1617.68
831.725
-1805.43
677.824
-1946.84
521.91
-1999.05
369.633
-1902.1
232.566
-1600.63
132.467
-1088.6
94.7771
-456.957
118.676
169.108
573.679
388.637
1115.02
1212.84
1150.6
1928.36
940.576
2117.73
714.161
2006.62
527.707
1844.39
364.065
1702.23
205.615
1566.14
49.9892
1425.52
-101.084
1278.3
-246.083
1126.65
-384.919
970.558
-518.035
810.938
-644.108
647.982
-757.549
483.071
-839.839
314.854
-852.027
144.653
-733.707
-23.5455
-442.489
-172.544
-273.381
317.912
70.72
437.543
1093.2
411.366
1954.54
384.672
2144.42
388.085
2003.2
419.866
1812.61
472.966
1649.13
533.625
1505.48
591.792
1367.35
641.01
1229.08
677.782
1089.87
693.923
954.415
685.718
819.141
649.759
683.939
582.131
550.697
479.991
416.993
344.218
280.421
189.215
131.449
49.0869
-32.4251
-224.295
-357.631
-426.383
-211.707
87.8479
371.048
620.619
843.572
1040.87
1208.58
1343.64
1440.93
1493.04
1507.96
1479.19
1402.61
1271.87
1079.96
812.471
453.593
)
;

boundaryField
{
    outletWallLeft
    {
        type            calculated;
        value           nonuniform List<scalar> 
40
(
-2410.76
-2793.35
-3159.9
-3520.6
-3887.2
-4253.46
-4619.73
-4980.58
-5351.23
-5715.79
-6135.81
-6466.47
-7048.87
-7065.08
-8434.95
-6657.79
-12489.7
-174.291
-28246.2
29806.4
358174
-173114
-160822
-17434.9
-38135.7
12645.1
35958.6
60345.9
76025.7
89154.8
87969.5
61265.6
-2034
-48257.6
-32386.8
-49152.1
-90663.2
-285971
-496138
745160
)
;
    }
    fineWallsLeft
    {
        type            calculated;
        value           uniform 0;
    }
    fineFrontAndBackLeft
    {
        type            calculated;
        value           nonuniform List<scalar> 
880
(
-8.91409e-10
5.00363e-11
-6.04842e-11
-7.17392e-14
-6.75727e-12
5.75267e-12
1.69364e-12
8.97617e-12
7.33088e-12
5.55611e-13
-1.02691e-11
-1.27494e-12
-4.2591e-12
-1.26691e-13
4.43654e-13
1.54019e-12
5.48799e-15
-2.75866e-12
-4.1912e-12
-6.64948e-13
5.59613e-13
-2.28595e-12
1.57689e-12
1.74353e-12
1.69926e-12
1.40266e-12
1.14608e-12
1.238e-12
1.08145e-12
9.63361e-13
8.02955e-13
-1.30682e-11
7.84966e-13
7.79007e-13
1.18295e-12
1.80975e-12
2.17241e-12
1.00992e-12
-1.0596e-12
-1.22404e-12
7.57118e-12
2.93767e-13
8.52478e-13
7.90791e-12
1.54408e-12
1.74862e-12
1.71133e-12
9.66437e-12
1.56236e-12
1.70506e-12
1.21853e-11
2.44798e-12
2.80103e-12
2.88974e-12
1.47049e-11
1.75092e-12
1.51489e-12
1.12818e-12
4.39354e-12
6.56711e-13
2.91257e-11
1.5124e-10
2.91086e-10
3.92161e-10
2.79783e-10
2.0291e-10
1.41058e-10
9.99778e-11
7.49562e-11
2.59138e-11
-8.69876e-12
-1.21006e-11
-1.07288e-11
-1.23448e-11
-1.07808e-11
-4.84133e-12
-1.63796e-12
-3.59708e-12
-9.03102e-13
3.59415e-11
1.83309e-10
3.6221e-10
4.94996e-10
3.6754e-10
2.66631e-10
1.87915e-10
1.3481e-10
9.89442e-11
2.40081e-11
-9.78091e-12
-1.18383e-11
-1.07024e-11
-1.33109e-11
-8.06427e-12
-7.40849e-13
2.65959e-12
1.16046e-12
4.6969e-14
4.27197e-11
2.19632e-10
4.46356e-10
6.05838e-10
4.67724e-10
3.43224e-10
2.47295e-10
1.8221e-10
1.31876e-10
2.4049e-11
-1.04233e-11
-1.12935e-11
-1.10105e-11
-1.36404e-11
-4.6746e-12
4.05039e-12
7.54413e-12
6.97236e-12
1.65946e-12
4.94284e-11
2.6041e-10
5.41535e-10
7.14699e-10
5.72657e-10
4.29211e-10
3.18664e-10
2.43766e-10
1.6874e-10
2.39216e-11
-1.07767e-11
-1.06228e-11
-1.15031e-11
-1.29237e-11
-7.94106e-13
9.59117e-12
1.32939e-11
1.38776e-11
3.60955e-12
5.59775e-11
3.05422e-10
6.46145e-10
8.14426e-10
6.73943e-10
5.18236e-10
3.98993e-10
3.19166e-10
1.95858e-10
2.12675e-11
-1.0989e-11
-9.91355e-12
-1.19781e-11
-1.12003e-11
3.5041e-12
1.58043e-11
1.95359e-11
2.14095e-11
6.07421e-12
6.21661e-11
3.54076e-10
7.62465e-10
9.04309e-10
7.65841e-10
6.01693e-10
4.81701e-10
4.01306e-10
2.16002e-10
1.76779e-11
-1.12366e-11
-9.21466e-12
-1.22861e-11
-8.70603e-12
8.13605e-12
2.20906e-11
2.51041e-11
2.85516e-11
8.89983e-12
6.75254e-11
4.07273e-10
9.08652e-10
9.90258e-10
8.46466e-10
6.68997e-10
5.55541e-10
4.65991e-10
2.2662e-10
1.39914e-11
-1.16e-11
-8.55323e-12
-1.24197e-11
-6.01871e-12
1.28253e-11
2.7041e-11
2.83116e-11
3.43354e-11
1.1895e-11
7.13666e-11
4.6409e-10
1.10856e-09
1.07388e-09
9.13945e-10
7.06222e-10
6.01892e-10
4.96687e-10
2.21379e-10
9.81201e-12
-1.20143e-11
-7.99307e-12
-1.22809e-11
-2.7551e-12
1.71238e-11
2.84678e-11
2.78103e-11
3.87501e-11
1.32777e-11
7.50949e-11
5.08888e-10
1.14433e-09
1.15443e-09
9.64409e-10
6.9531e-10
5.94233e-10
5.0124e-10
2.07358e-10
5.66329e-12
-1.24631e-11
-7.55995e-12
-1.18794e-11
9.04194e-13
2.02493e-11
2.40047e-11
2.36461e-11
4.28637e-11
1.21857e-11
7.83163e-11
5.34579e-10
1.03928e-09
1.2356e-09
9.9037e-10
6.20105e-10
5.04762e-10
4.77376e-10
1.91595e-10
2.61944e-12
-1.28628e-11
-7.30043e-12
-1.15951e-11
2.89786e-12
2.11183e-11
1.27216e-11
1.77274e-11
4.79884e-11
8.61415e-12
7.90486e-11
5.48154e-10
1.09333e-09
1.32342e-09
9.88992e-10
4.84102e-10
3.2866e-10
4.24998e-10
1.77594e-10
1.27162e-12
-1.30243e-11
-7.28089e-12
-1.15775e-11
2.29118e-12
1.99869e-11
-1.28768e-12
1.34364e-11
5.46361e-11
4.08882e-12
7.64062e-11
5.51167e-10
1.19655e-09
1.4187e-09
9.68607e-10
3.2689e-10
1.3875e-10
3.59107e-10
1.65202e-10
1.40134e-12
-1.28343e-11
-7.47274e-12
-1.15468e-11
1.25327e-12
1.87082e-11
-9.13307e-12
1.411e-11
6.2084e-11
9.20176e-13
7.14752e-11
5.45001e-10
1.33367e-09
1.52185e-09
9.41422e-10
2.07139e-10
5.74027e-11
3.02181e-10
1.52262e-10
2.29995e-12
-1.23715e-11
-7.6148e-12
-1.11663e-11
2.45656e-12
1.80005e-11
-8.5165e-12
1.91424e-11
6.92786e-11
6.06121e-13
6.25998e-11
5.19722e-10
1.50498e-09
1.63107e-09
9.11703e-10
1.43039e-10
6.64305e-11
2.59231e-10
1.36745e-10
3.30477e-12
-1.17071e-11
-7.39832e-12
-1.03285e-11
5.68729e-12
1.80999e-11
-5.31151e-12
2.28531e-11
7.5462e-11
3.85836e-12
6.247e-11
4.78666e-10
1.72041e-09
1.73769e-09
8.6055e-10
9.50833e-11
6.24355e-11
2.25797e-10
1.20217e-10
4.46883e-12
-1.05749e-11
-6.62752e-12
-9.33085e-12
8.81824e-12
1.84983e-11
-2.66221e-12
1.90673e-11
8.04257e-11
8.58756e-12
1.73544e-11
3.94672e-10
1.99874e-09
1.81717e-09
7.4837e-10
3.92964e-11
3.92762e-11
1.99443e-10
1.03621e-10
5.67479e-12
-8.72521e-12
-5.45922e-12
-8.91238e-12
9.8025e-12
1.93744e-11
-1.66034e-12
6.75789e-12
8.43813e-11
1.27926e-11
1.81427e-10
3.48146e-10
2.3699e-09
1.81225e-09
5.36551e-10
-2.12072e-12
2.33751e-11
1.76886e-10
9.01401e-11
7.87612e-12
-5.70275e-12
-3.61182e-12
-8.42019e-12
9.20133e-12
2.17376e-11
-3.97777e-12
-8.79368e-12
8.78285e-11
1.54027e-11
-6.61928e-10
-8.52562e-11
2.81793e-09
1.6126e-09
2.30495e-10
-6.89249e-12
1.82277e-11
1.55735e-10
7.43181e-11
7.76229e-12
-3.30006e-12
-3.30443e-12
-1.0825e-11
2.78592e-12
1.96411e-11
-1.12043e-11
-2.01256e-11
9.09136e-11
2.23485e-11
3.10094e-09
1.55609e-09
3.13783e-09
1.05435e-09
-2.81204e-11
7.63547e-13
1.65111e-11
1.20549e-10
6.36797e-11
1.25774e-11
1.87929e-12
2.44003e-12
-1.27871e-12
7.00229e-12
2.18274e-11
-2.01464e-11
-2.05321e-11
9.0076e-11
1.6183e-11
-2.54177e-08
3.62177e-09
2.62017e-09
2.69763e-10
-6.87256e-12
1.41948e-13
1.57829e-11
1.55989e-10
7.37095e-11
4.20986e-12
-2.25815e-12
-1.40834e-11
-4.50341e-11
-4.37913e-11
-6.51948e-11
-2.03752e-11
-5.3717e-12
6.67105e-11
1.50426e-10
8.91409e-10
-5.00363e-11
6.04842e-11
7.17392e-14
6.75727e-12
-5.75267e-12
-1.69364e-12
-8.97617e-12
-7.33088e-12
-5.55611e-13
1.02691e-11
1.27494e-12
4.2591e-12
1.26691e-13
-4.43654e-13
-1.54019e-12
-5.48799e-15
2.75866e-12
4.1912e-12
6.64948e-13
-5.59613e-13
2.28595e-12
-1.57689e-12
-1.74353e-12
-1.69926e-12
-1.40266e-12
-1.14608e-12
-1.238e-12
-1.08145e-12
-9.63361e-13
-8.02955e-13
1.30682e-11
-7.84966e-13
-7.79007e-13
-1.18295e-12
-1.80975e-12
-2.17241e-12
-1.00992e-12
1.0596e-12
1.22404e-12
-7.57118e-12
-2.93767e-13
-8.52478e-13
-7.90791e-12
-1.54408e-12
-1.74862e-12
-1.71133e-12
-9.66437e-12
-1.56236e-12
-1.70506e-12
-1.21853e-11
-2.44798e-12
-2.80103e-12
-2.88974e-12
-1.47049e-11
-1.75092e-12
-1.51489e-12
-1.12818e-12
-4.39354e-12
-6.56711e-13
-2.91257e-11
-1.5124e-10
-2.91086e-10
-3.92161e-10
-2.79783e-10
-2.0291e-10
-1.41058e-10
-9.99778e-11
-7.49562e-11
-2.59138e-11
8.69876e-12
1.21006e-11
1.07288e-11
1.23448e-11
1.07808e-11
4.84133e-12
1.63796e-12
3.59708e-12
9.03102e-13
-3.59415e-11
-1.83309e-10
-3.6221e-10
-4.94996e-10
-3.6754e-10
-2.66631e-10
-1.87915e-10
-1.3481e-10
-9.89442e-11
-2.40081e-11
9.78091e-12
1.18383e-11
1.07024e-11
1.33109e-11
8.06427e-12
7.40849e-13
-2.65959e-12
-1.16046e-12
-4.6969e-14
-4.27197e-11
-2.19632e-10
-4.46356e-10
-6.05838e-10
-4.67724e-10
-3.43224e-10
-2.47295e-10
-1.8221e-10
-1.31876e-10
-2.4049e-11
1.04233e-11
1.12935e-11
1.10105e-11
1.36404e-11
4.6746e-12
-4.05039e-12
-7.54413e-12
-6.97236e-12
-1.65946e-12
-4.94284e-11
-2.6041e-10
-5.41535e-10
-7.14699e-10
-5.72657e-10
-4.29211e-10
-3.18664e-10
-2.43766e-10
-1.6874e-10
-2.39216e-11
1.07767e-11
1.06228e-11
1.15031e-11
1.29237e-11
7.94106e-13
-9.59117e-12
-1.32939e-11
-1.38776e-11
-3.60955e-12
-5.59775e-11
-3.05422e-10
-6.46145e-10
-8.14426e-10
-6.73943e-10
-5.18236e-10
-3.98993e-10
-3.19166e-10
-1.95858e-10
-2.12675e-11
1.0989e-11
9.91355e-12
1.19781e-11
1.12003e-11
-3.5041e-12
-1.58043e-11
-1.95359e-11
-2.14095e-11
-6.07421e-12
-6.21661e-11
-3.54076e-10
-7.62465e-10
-9.04309e-10
-7.65841e-10
-6.01693e-10
-4.81701e-10
-4.01306e-10
-2.16002e-10
-1.76779e-11
1.12366e-11
9.21466e-12
1.22861e-11
8.70603e-12
-8.13605e-12
-2.20906e-11
-2.51041e-11
-2.85516e-11
-8.89983e-12
-6.75254e-11
-4.07273e-10
-9.08652e-10
-9.90258e-10
-8.46466e-10
-6.68997e-10
-5.55541e-10
-4.65991e-10
-2.2662e-10
-1.39914e-11
1.16e-11
8.55323e-12
1.24197e-11
6.01871e-12
-1.28253e-11
-2.7041e-11
-2.83116e-11
-3.43354e-11
-1.1895e-11
-7.13666e-11
-4.6409e-10
-1.10856e-09
-1.07388e-09
-9.13945e-10
-7.06222e-10
-6.01892e-10
-4.96687e-10
-2.21379e-10
-9.81201e-12
1.20143e-11
7.99307e-12
1.22809e-11
2.7551e-12
-1.71238e-11
-2.84678e-11
-2.78103e-11
-3.87501e-11
-1.32777e-11
-7.50949e-11
-5.08888e-10
-1.14433e-09
-1.15443e-09
-9.64409e-10
-6.9531e-10
-5.94233e-10
-5.0124e-10
-2.07358e-10
-5.66329e-12
1.24631e-11
7.55995e-12
1.18794e-11
-9.04194e-13
-2.02493e-11
-2.40047e-11
-2.36461e-11
-4.28637e-11
-1.21857e-11
-7.83163e-11
-5.34579e-10
-1.03928e-09
-1.2356e-09
-9.9037e-10
-6.20105e-10
-5.04762e-10
-4.77376e-10
-1.91595e-10
-2.61944e-12
1.28628e-11
7.30043e-12
1.15951e-11
-2.89786e-12
-2.11183e-11
-1.27216e-11
-1.77274e-11
-4.79884e-11
-8.61415e-12
-7.90486e-11
-5.48154e-10
-1.09333e-09
-1.32342e-09
-9.88992e-10
-4.84102e-10
-3.2866e-10
-4.24998e-10
-1.77594e-10
-1.27162e-12
1.30243e-11
7.28089e-12
1.15775e-11
-2.29118e-12
-1.99869e-11
1.28768e-12
-1.34364e-11
-5.46361e-11
-4.08882e-12
-7.64062e-11
-5.51167e-10
-1.19655e-09
-1.4187e-09
-9.68607e-10
-3.2689e-10
-1.3875e-10
-3.59107e-10
-1.65202e-10
-1.40134e-12
1.28343e-11
7.47274e-12
1.15468e-11
-1.25327e-12
-1.87082e-11
9.13307e-12
-1.411e-11
-6.2084e-11
-9.20176e-13
-7.14752e-11
-5.45001e-10
-1.33367e-09
-1.52185e-09
-9.41422e-10
-2.07139e-10
-5.74027e-11
-3.02181e-10
-1.52262e-10
-2.29995e-12
1.23715e-11
7.6148e-12
1.11663e-11
-2.45656e-12
-1.80005e-11
8.5165e-12
-1.91424e-11
-6.92786e-11
-6.06121e-13
-6.25998e-11
-5.19722e-10
-1.50498e-09
-1.63107e-09
-9.11703e-10
-1.43039e-10
-6.64305e-11
-2.59231e-10
-1.36745e-10
-3.30477e-12
1.17071e-11
7.39832e-12
1.03285e-11
-5.68729e-12
-1.80999e-11
5.31151e-12
-2.28531e-11
-7.5462e-11
-3.85836e-12
-6.247e-11
-4.78666e-10
-1.72041e-09
-1.73769e-09
-8.6055e-10
-9.50833e-11
-6.24355e-11
-2.25797e-10
-1.20217e-10
-4.46883e-12
1.05749e-11
6.62752e-12
9.33085e-12
-8.81824e-12
-1.84983e-11
2.66221e-12
-1.90673e-11
-8.04257e-11
-8.58756e-12
-1.73544e-11
-3.94672e-10
-1.99874e-09
-1.81717e-09
-7.4837e-10
-3.92964e-11
-3.92762e-11
-1.99443e-10
-1.03621e-10
-5.67479e-12
8.72521e-12
5.45922e-12
8.91238e-12
-9.8025e-12
-1.93744e-11
1.66034e-12
-6.75789e-12
-8.43813e-11
-1.27926e-11
-1.81427e-10
-3.48146e-10
-2.3699e-09
-1.81225e-09
-5.36551e-10
2.12072e-12
-2.33751e-11
-1.76886e-10
-9.01401e-11
-7.87612e-12
5.70275e-12
3.61182e-12
8.42019e-12
-9.20133e-12
-2.17376e-11
3.97777e-12
8.79368e-12
-8.78285e-11
-1.54027e-11
6.61928e-10
8.52562e-11
-2.81793e-09
-1.6126e-09
-2.30495e-10
6.89249e-12
-1.82277e-11
-1.55735e-10
-7.43181e-11
-7.76229e-12
3.30006e-12
3.30443e-12
1.0825e-11
-2.78592e-12
-1.96411e-11
1.12043e-11
2.01256e-11
-9.09136e-11
-2.23485e-11
-3.10094e-09
-1.55609e-09
-3.13783e-09
-1.05435e-09
2.81204e-11
-7.63547e-13
-1.65111e-11
-1.20549e-10
-6.36797e-11
-1.25774e-11
-1.87929e-12
-2.44003e-12
1.27871e-12
-7.00229e-12
-2.18274e-11
2.01464e-11
2.05321e-11
-9.0076e-11
-1.6183e-11
2.54177e-08
-3.62177e-09
-2.62017e-09
-2.69763e-10
6.87256e-12
-1.41948e-13
-1.57829e-11
-1.55989e-10
-7.37095e-11
-4.20986e-12
2.25815e-12
1.40834e-11
4.50341e-11
4.37913e-11
6.51948e-11
2.03752e-11
5.3717e-12
-6.67105e-11
-1.50426e-10
)
;
    }
    fineplugLeft
    {
        type            cyclicAMI;
        value           nonuniform List<scalar> 
20
(
-1509.94
-1463.86
-1522.22
-1460.48
-1429.54
-1391.39
-1356.76
-1318.6
-1279.91
-1234.15
-1168.2
-1102.92
-1123.8
-1117.31
-1135.04
-1058.67
-590.173
415.06
784.756
561.813
)
;
    }
    symmetryWallLeft
    {
        type            cyclicAMI;
        value           nonuniform List<scalar> 
20
(
-28892.8
-47105
46929.3
15942
5261.21
-4856.43
-11504.1
-28313.8
-37599.7
-32519.7
-3578.04
16439.4
20820.2
45513.5
81991
127778
116716
-42649.4
-98796.7
-161061
)
;
    }
    inletOutletLeft
    {
        type            cyclicAMI;
        value           nonuniform List<scalar> 
20
(
-561.813
-784.756
-415.06
590.173
1058.67
1135.04
1117.31
1123.8
1102.92
1168.2
1234.15
1279.91
1318.6
1356.76
1391.39
1429.54
1460.48
1522.22
1463.86
1509.94
)
;
    }
    inletLeft
    {
        type            calculated;
        value           uniform -975;
    }
    inletWallsLeft
    {
        type            calculated;
        value           uniform 0;
    }
    inletFacesLeft
    {
        type            calculated;
        value           nonuniform List<scalar> 
800
(
-1.21714e-12
-3.155e-12
-2.45698e-12
-2.82041e-12
-2.95671e-12
-2.67616e-12
-2.31907e-12
-2.43688e-12
-2.40133e-12
-2.37519e-12
-2.34594e-12
-2.35829e-12
-2.38425e-12
-2.37974e-12
-2.46595e-12
-2.69574e-12
-2.70226e-12
-1.22817e-12
8.50968e-13
1.19881e-12
-3.14138e-13
-2.27039e-12
-1.60638e-12
-1.85181e-12
-2.33082e-12
-2.51981e-12
-1.87239e-12
-2.01877e-12
-2.00002e-12
-1.98337e-12
-1.92974e-12
-2.00589e-12
-2.04033e-12
-2.00268e-12
-2.00272e-12
-2.13268e-12
-2.50507e-12
-2.78799e-12
-2.02137e-12
-6.9654e-13
3.57675e-14
-5.74087e-13
-3.91801e-13
-3.55103e-13
-6.22257e-13
-1.61822e-12
-8.467e-13
-8.44785e-13
-8.96644e-13
-8.89086e-13
-8.4024e-13
-9.08695e-13
-9.47145e-13
-9.71029e-13
-9.53312e-13
-8.96614e-13
-8.5164e-13
-1.07736e-12
-1.46652e-12
-1.1766e-12
-6.59683e-15
2.0784e-13
1.45002e-13
1.51599e-13
8.42656e-14
-8.65191e-13
-6.60456e-13
-6.2877e-13
-6.76594e-13
-6.66709e-13
-6.77348e-13
-6.91087e-13
-6.81738e-13
-6.85848e-13
-7.0238e-13
-6.85902e-13
-6.4453e-13
-6.83605e-13
-8.6969e-13
-1.07787e-12
1.81308e-15
-5.32834e-14
-3.75343e-14
-3.99279e-14
-1.73945e-14
2.71329e-13
2.08218e-13
1.98915e-13
2.08937e-13
2.10895e-13
1.99679e-13
2.10144e-13
2.10992e-13
2.16465e-13
2.19669e-13
2.13175e-13
2.01242e-13
2.10871e-13
2.55618e-13
2.65544e-13
-4.36883e-16
1.36603e-14
9.84467e-15
1.03708e-14
5.29926e-15
-6.65794e-14
-5.27271e-14
-5.25996e-14
-5.17145e-14
-5.55077e-14
-4.95013e-14
-5.15819e-14
-5.29976e-14
-5.67019e-14
-5.56054e-14
-5.47421e-14
-5.34703e-14
-5.3933e-14
-6.33268e-14
-6.43228e-14
9.68456e-17
-3.25241e-15
-2.42196e-15
-2.51504e-15
-1.57571e-15
1.64756e-14
1.342e-14
1.36593e-14
1.29721e-14
1.44161e-14
1.26864e-14
1.27365e-14
1.31485e-14
1.4507e-14
1.3555e-14
1.36159e-14
1.37927e-14
1.3761e-14
1.51727e-14
1.62725e-14
-2.0076e-17
7.01245e-16
5.39768e-16
5.48256e-16
4.09665e-16
-3.88618e-15
-3.21443e-15
-3.26558e-15
-3.12072e-15
-3.43902e-15
-3.08062e-15
-3.00548e-15
-3.07529e-15
-3.39482e-15
-3.06837e-15
-3.13702e-15
-3.27411e-15
-3.26791e-15
-3.39837e-15
-3.82031e-15
4.03668e-18
-1.38466e-16
-1.09772e-16
-1.08602e-16
-9.3572e-17
8.48757e-16
7.00908e-16
7.08347e-16
6.90323e-16
7.3696e-16
6.79778e-16
6.54016e-16
6.63899e-16
7.14441e-16
6.39319e-16
6.63226e-16
7.00756e-16
6.98885e-16
7.05331e-16
8.09795e-16
-8.17867e-19
2.57402e-17
2.10017e-17
2.03251e-17
1.95609e-17
-1.71474e-16
-1.40341e-16
-1.41237e-16
-1.39642e-16
-1.43757e-16
-1.36842e-16
-1.31271e-16
-1.33164e-16
-1.38152e-16
-1.24857e-16
-1.30619e-16
-1.36856e-16
-1.36231e-16
-1.37512e-16
-1.57208e-16
1.65481e-19
-4.59563e-18
-3.88056e-18
-3.71797e-18
-3.88645e-18
3.26917e-17
2.66268e-17
2.65868e-17
2.63554e-17
2.63527e-17
2.58236e-17
2.49136e-17
2.5356e-17
2.54906e-17
2.36404e-17
2.45446e-17
2.5216e-17
2.50761e-17
2.58198e-17
2.87606e-17
-3.10472e-20
7.73655e-19
6.82755e-19
6.57231e-19
7.31509e-19
-5.987e-18
-4.90202e-18
-4.80706e-18
-4.72512e-18
-4.6567e-18
-4.66849e-18
-4.56469e-18
-4.64116e-18
-4.59091e-18
-4.41653e-18
-4.44229e-18
-4.49639e-18
-4.46863e-18
-4.71832e-18
-5.03256e-18
4.68527e-21
-1.12025e-19
-1.05031e-19
-1.03388e-19
-1.21774e-19
1.03493e-18
8.58723e-19
8.15951e-19
7.89469e-19
7.80524e-19
7.92636e-19
7.9294e-19
7.96485e-19
7.85789e-19
7.87236e-19
7.47456e-19
7.59119e-19
7.51672e-19
8.09711e-19
8.17875e-19
-3.32376e-22
9.89552e-21
1.07009e-20
1.13615e-20
1.46221e-20
-1.54836e-19
-1.3057e-19
-1.17742e-19
-1.11254e-19
-1.13024e-19
-1.14144e-19
-1.19632e-19
-1.16531e-19
-1.15104e-19
-1.20476e-19
-1.03423e-19
-1.08906e-19
-1.06395e-19
-1.16234e-19
-1.10094e-19
-1.12195e-22
1.324e-21
7.78661e-22
4.31728e-22
1.16617e-22
1.47328e-20
1.2724e-20
9.75849e-21
8.556e-21
1.00237e-20
9.21758e-21
1.16336e-20
1.01624e-20
9.94094e-21
1.13846e-20
6.65445e-21
8.65184e-21
7.87843e-21
8.80767e-21
7.2644e-21
6.62783e-23
-1.0328e-21
-8.65863e-22
-7.62817e-22
-8.09284e-22
1.52503e-21
1.21726e-21
1.76944e-21
1.92089e-21
1.32634e-21
1.83849e-21
1.09203e-21
1.54333e-21
1.57893e-21
1.34462e-21
2.38712e-21
1.82774e-21
2.01356e-21
2.16607e-21
2.20543e-21
-2.26337e-23
3.64895e-22
3.23918e-22
3.01012e-22
3.35966e-22
-1.37702e-21
-1.15081e-21
-1.23101e-21
-1.2366e-21
-1.04335e-21
-1.22928e-21
-1.04662e-21
-1.16411e-21
-1.16137e-21
-1.14098e-21
-1.33258e-21
-1.2043e-21
-1.23257e-21
-1.35648e-21
-1.2397e-21
6.30839e-24
-1.02145e-22
-9.29825e-23
-8.91053e-23
-1.00887e-22
5.00578e-22
4.21064e-22
4.27501e-22
4.25062e-22
3.70227e-22
4.21488e-22
3.86119e-22
4.14442e-22
4.08967e-22
4.10242e-22
4.39695e-22
4.14815e-22
4.13756e-22
4.61977e-22
4.01902e-22
-1.57406e-24
2.54172e-23
2.33968e-23
2.30037e-23
2.60858e-23
-1.43527e-22
-1.21159e-22
-1.19785e-22
-1.19587e-22
-1.05512e-22
-1.17033e-22
-1.12225e-22
-1.18873e-22
-1.16094e-22
-1.16892e-22
-1.20533e-22
-1.16319e-22
-1.13497e-22
-1.28682e-22
-1.07617e-22
3.00827e-25
-4.809e-24
-4.44313e-24
-4.45779e-24
-5.05979e-24
2.94764e-23
2.51808e-23
2.4342e-23
2.45471e-23
2.19483e-23
2.36737e-23
2.34921e-23
2.47657e-23
2.39737e-23
2.40726e-23
2.44181e-23
2.38442e-23
2.27867e-23
2.62567e-23
2.12336e-23
1.21714e-12
3.155e-12
2.45698e-12
2.82041e-12
2.95671e-12
2.67616e-12
2.31907e-12
2.43688e-12
2.40133e-12
2.37519e-12
2.34594e-12
2.35829e-12
2.38425e-12
2.37974e-12
2.46595e-12
2.69574e-12
2.70226e-12
1.22817e-12
-8.50968e-13
-1.19881e-12
3.14138e-13
2.27039e-12
1.60638e-12
1.85181e-12
2.33082e-12
2.51981e-12
1.87239e-12
2.01877e-12
2.00002e-12
1.98337e-12
1.92974e-12
2.00589e-12
2.04033e-12
2.00268e-12
2.00272e-12
2.13268e-12
2.50507e-12
2.78799e-12
2.02137e-12
6.9654e-13
-3.57675e-14
5.74087e-13
3.91801e-13
3.55103e-13
6.22257e-13
1.61822e-12
8.467e-13
8.44785e-13
8.96644e-13
8.89086e-13
8.4024e-13
9.08695e-13
9.47145e-13
9.71029e-13
9.53312e-13
8.96614e-13
8.5164e-13
1.07736e-12
1.46652e-12
1.1766e-12
6.59683e-15
-2.0784e-13
-1.45002e-13
-1.51599e-13
-8.42656e-14
8.65191e-13
6.60456e-13
6.2877e-13
6.76594e-13
6.66709e-13
6.77348e-13
6.91087e-13
6.81738e-13
6.85848e-13
7.0238e-13
6.85902e-13
6.4453e-13
6.83605e-13
8.6969e-13
1.07787e-12
-1.81308e-15
5.32834e-14
3.75343e-14
3.99279e-14
1.73945e-14
-2.71329e-13
-2.08218e-13
-1.98915e-13
-2.08937e-13
-2.10895e-13
-1.99679e-13
-2.10144e-13
-2.10992e-13
-2.16465e-13
-2.19669e-13
-2.13175e-13
-2.01242e-13
-2.10871e-13
-2.55618e-13
-2.65544e-13
4.36883e-16
-1.36603e-14
-9.84467e-15
-1.03708e-14
-5.29926e-15
6.65794e-14
5.27271e-14
5.25996e-14
5.17145e-14
5.55077e-14
4.95013e-14
5.15819e-14
5.29976e-14
5.67019e-14
5.56054e-14
5.47421e-14
5.34703e-14
5.3933e-14
6.33268e-14
6.43228e-14
-9.68456e-17
3.25241e-15
2.42196e-15
2.51504e-15
1.57571e-15
-1.64756e-14
-1.342e-14
-1.36593e-14
-1.29721e-14
-1.44161e-14
-1.26864e-14
-1.27365e-14
-1.31485e-14
-1.4507e-14
-1.3555e-14
-1.36159e-14
-1.37927e-14
-1.3761e-14
-1.51727e-14
-1.62725e-14
2.0076e-17
-7.01245e-16
-5.39768e-16
-5.48256e-16
-4.09665e-16
3.88618e-15
3.21443e-15
3.26558e-15
3.12072e-15
3.43902e-15
3.08062e-15
3.00548e-15
3.07529e-15
3.39482e-15
3.06837e-15
3.13702e-15
3.27411e-15
3.26791e-15
3.39837e-15
3.82031e-15
-4.03668e-18
1.38466e-16
1.09772e-16
1.08602e-16
9.3572e-17
-8.48757e-16
-7.00908e-16
-7.08347e-16
-6.90323e-16
-7.3696e-16
-6.79778e-16
-6.54016e-16
-6.63899e-16
-7.14441e-16
-6.39319e-16
-6.63226e-16
-7.00756e-16
-6.98885e-16
-7.05331e-16
-8.09795e-16
8.17867e-19
-2.57402e-17
-2.10017e-17
-2.03251e-17
-1.95609e-17
1.71474e-16
1.40341e-16
1.41237e-16
1.39642e-16
1.43757e-16
1.36842e-16
1.31271e-16
1.33164e-16
1.38152e-16
1.24857e-16
1.30619e-16
1.36856e-16
1.36231e-16
1.37512e-16
1.57208e-16
-1.65481e-19
4.59563e-18
3.88056e-18
3.71797e-18
3.88645e-18
-3.26917e-17
-2.66268e-17
-2.65868e-17
-2.63554e-17
-2.63527e-17
-2.58236e-17
-2.49136e-17
-2.5356e-17
-2.54906e-17
-2.36404e-17
-2.45446e-17
-2.5216e-17
-2.50761e-17
-2.58198e-17
-2.87606e-17
3.10472e-20
-7.73655e-19
-6.82755e-19
-6.57231e-19
-7.31509e-19
5.987e-18
4.90202e-18
4.80706e-18
4.72512e-18
4.6567e-18
4.66849e-18
4.56469e-18
4.64116e-18
4.59091e-18
4.41653e-18
4.44229e-18
4.49639e-18
4.46863e-18
4.71832e-18
5.03256e-18
-4.68527e-21
1.12025e-19
1.05031e-19
1.03388e-19
1.21774e-19
-1.03493e-18
-8.58723e-19
-8.15951e-19
-7.89469e-19
-7.80524e-19
-7.92636e-19
-7.9294e-19
-7.96485e-19
-7.85789e-19
-7.87236e-19
-7.47456e-19
-7.59119e-19
-7.51672e-19
-8.09711e-19
-8.17875e-19
3.32376e-22
-9.89552e-21
-1.07009e-20
-1.13615e-20
-1.46221e-20
1.54836e-19
1.3057e-19
1.17742e-19
1.11254e-19
1.13024e-19
1.14144e-19
1.19632e-19
1.16531e-19
1.15104e-19
1.20476e-19
1.03423e-19
1.08906e-19
1.06395e-19
1.16234e-19
1.10094e-19
1.12195e-22
-1.324e-21
-7.78661e-22
-4.31728e-22
-1.16617e-22
-1.47328e-20
-1.2724e-20
-9.75849e-21
-8.556e-21
-1.00237e-20
-9.21758e-21
-1.16336e-20
-1.01624e-20
-9.94094e-21
-1.13846e-20
-6.65445e-21
-8.65184e-21
-7.87843e-21
-8.80767e-21
-7.2644e-21
-6.62783e-23
1.0328e-21
8.65863e-22
7.62817e-22
8.09284e-22
-1.52503e-21
-1.21726e-21
-1.76944e-21
-1.92089e-21
-1.32634e-21
-1.83849e-21
-1.09203e-21
-1.54333e-21
-1.57893e-21
-1.34462e-21
-2.38712e-21
-1.82774e-21
-2.01356e-21
-2.16607e-21
-2.20543e-21
2.26337e-23
-3.64895e-22
-3.23918e-22
-3.01012e-22
-3.35966e-22
1.37702e-21
1.15081e-21
1.23101e-21
1.2366e-21
1.04335e-21
1.22928e-21
1.04662e-21
1.16411e-21
1.16137e-21
1.14098e-21
1.33258e-21
1.2043e-21
1.23257e-21
1.35648e-21
1.2397e-21
-6.30839e-24
1.02145e-22
9.29825e-23
8.91053e-23
1.00887e-22
-5.00578e-22
-4.21064e-22
-4.27501e-22
-4.25062e-22
-3.70227e-22
-4.21488e-22
-3.86119e-22
-4.14442e-22
-4.08967e-22
-4.10242e-22
-4.39695e-22
-4.14815e-22
-4.13756e-22
-4.61977e-22
-4.01902e-22
1.57406e-24
-2.54172e-23
-2.33968e-23
-2.30037e-23
-2.60858e-23
1.43527e-22
1.21159e-22
1.19785e-22
1.19587e-22
1.05512e-22
1.17033e-22
1.12225e-22
1.18873e-22
1.16094e-22
1.16892e-22
1.20533e-22
1.16319e-22
1.13497e-22
1.28682e-22
1.07617e-22
-3.00827e-25
4.809e-24
4.44313e-24
4.45779e-24
5.05979e-24
-2.94764e-23
-2.51808e-23
-2.4342e-23
-2.45471e-23
-2.19483e-23
-2.36737e-23
-2.34921e-23
-2.47657e-23
-2.39737e-23
-2.40726e-23
-2.44181e-23
-2.38442e-23
-2.27867e-23
-2.62567e-23
-2.12336e-23
)
;
    }
    fineWallsRight
    {
        type            calculated;
        value           uniform 0;
    }
    outletWallRight
    {
        type            calculated;
        value           uniform 0;
    }
    fineplugRight
    {
        type            cyclicAMI;
        value           nonuniform List<scalar> 
20
(
-229.298
-326.435
-398.93
-472.316
-547.73
-627.265
-712.712
-804.211
-902.302
-992.577
-1094.01
-1199.64
-1308.18
-1426.17
-1563.03
-1720
-1844.86
-1739.85
-1161.95
-428.331
)
;
    }
    fineFrontAndBackRight
    {
        type            calculated;
        value           nonuniform List<scalar> 
880
(
-7.48684e-13
-5.91937e-12
-1.18017e-12
-1.39245e-12
-1.51096e-12
-9.77653e-12
-1.67111e-12
-1.73189e-12
-1.51015e-12
-1.73475e-12
1.04114e-12
1.24498e-12
1.03187e-11
1.90313e-12
2.19241e-12
2.27045e-12
1.28194e-11
1.74278e-12
1.43077e-12
-2.4927e-12
-1.21084e-12
-1.0871e-12
-1.24604e-12
-1.2165e-12
-1.20074e-12
-1.12266e-12
-1.0085e-12
-9.10943e-13
-3.22966e-12
-7.50645e-13
-6.88012e-13
-6.78041e-13
-6.40752e-13
-6.12082e-13
-5.78571e-13
-5.09622e-13
-6.87914e-13
-9.77925e-13
-1.81043e-11
-2.14159e-12
-1.01136e-11
-2.33664e-11
3.42527e-12
5.94795e-12
2.89488e-11
7.42552e-12
2.03453e-11
1.08138e-11
2.54182e-12
4.02302e-12
-2.79755e-14
-2.14197e-11
-3.71167e-11
-1.69541e-11
-8.11297e-11
-1.12882e-10
-2.41327e-11
-1.10127e-10
-7.11029e-12
-2.64664e-10
-7.67814e-14
-7.32218e-13
-2.05911e-12
-3.26684e-12
-3.78363e-12
-4.17036e-12
-4.45412e-12
-4.48665e-12
-3.99636e-12
-3.0402e-12
-1.6678e-12
-1.59213e-13
8.16458e-13
1.37921e-12
1.94421e-12
3.03341e-12
5.20929e-13
1.41415e-11
-2.65331e-10
3.7351e-13
-9.51402e-13
-3.13161e-12
-4.24167e-12
-4.48663e-12
-4.63048e-12
-5.17712e-12
-5.28582e-12
-5.25448e-12
-4.88709e-12
-4.07717e-12
-2.09273e-12
1.3677e-13
1.82709e-12
2.72462e-12
3.53135e-12
-3.35176e-12
2.54289e-11
-2.11102e-10
9.47329e-13
-6.82348e-13
-2.92204e-12
-3.5009e-12
-3.73239e-12
-4.02392e-12
-5.01951e-12
-4.97501e-12
-5.15261e-12
-5.30158e-12
-5.22287e-12
-3.8125e-12
-1.15819e-12
1.36875e-12
2.37172e-12
1.52717e-12
-7.12324e-12
2.09759e-11
-1.1174e-10
1.37661e-12
-3.97628e-13
-2.40014e-12
-2.47393e-12
-2.67007e-12
-3.27103e-12
-4.65547e-12
-4.17036e-12
-4.2936e-12
-4.76659e-12
-5.3752e-12
-4.78453e-12
-2.19003e-12
8.05626e-13
1.6021e-12
-9.18979e-13
-8.26072e-12
1.11272e-11
-4.90444e-11
1.60189e-12
-2.98058e-13
-1.88719e-12
-1.32987e-12
-1.50711e-12
-2.53956e-12
-4.14519e-12
-3.14612e-12
-3.02321e-12
-3.50364e-12
-4.56799e-12
-4.9891e-12
-2.81749e-12
2.46986e-13
7.62836e-13
-3.24193e-12
-8.1565e-12
1.97946e-12
-2.19969e-11
1.66943e-12
-4.3311e-13
-1.4412e-12
-1.48382e-13
-5.35772e-13
-2.39249e-12
-3.86813e-12
-2.32686e-12
-1.72701e-12
-1.95508e-12
-3.07617e-12
-4.55735e-12
-3.1742e-12
-3.46408e-13
-3.05586e-14
-5.56087e-12
-8.95147e-12
-5.02568e-12
-1.19485e-11
1.64301e-12
-7.80474e-13
-1.07427e-12
8.40296e-13
-3.98493e-14
-3.75289e-12
-4.5118e-12
-2.07895e-12
-6.03271e-13
-5.67093e-13
-1.40788e-12
-3.75873e-12
-3.39639e-12
-8.60602e-13
-8.1068e-13
-7.72717e-12
-1.06277e-11
-9.81035e-12
-8.56672e-12
1.56114e-12
-1.29987e-12
-9.10507e-13
1.03269e-12
-2.68153e-14
-7.47941e-12
-6.96174e-12
-2.88306e-12
1.54382e-13
3.04517e-13
-1.54395e-13
-2.84348e-12
-3.32977e-12
-1.14998e-12
-1.78905e-12
-9.4491e-12
-1.17933e-11
-1.2729e-11
-7.13728e-12
1.42751e-12
-1.98409e-12
-1.4403e-12
-1.21776e-12
-7.08816e-13
-1.35838e-11
-1.1877e-11
-5.40182e-12
1.66882e-13
5.7253e-13
2.62457e-13
-1.96895e-12
-2.82704e-12
-1.53986e-12
-4.27027e-12
-1.10304e-11
-1.30738e-11
-1.34267e-11
-6.50334e-12
1.21773e-12
-2.91339e-12
-3.76009e-12
-8.61789e-12
-3.86268e-12
-2.10037e-11
-1.90456e-11
-1.0197e-11
-1.13946e-12
4.85175e-13
-1.07165e-13
-1.45149e-12
-2.48497e-12
-3.0208e-12
-8.24154e-12
-1.26742e-11
-1.35843e-11
-8.70732e-12
-6.2361e-12
8.95108e-13
-4.32736e-12
-9.35131e-12
-2.27145e-11
-1.21303e-11
-2.86765e-11
-2.7266e-11
-1.72402e-11
-4.43391e-12
1.68343e-13
-8.51531e-13
-1.67395e-12
-2.95092e-12
-4.67139e-12
-8.26986e-12
-1.05321e-11
-1.1618e-11
-4.54634e-12
-6.07849e-12
4.2619e-13
-6.70336e-12
-1.93204e-11
-4.16293e-11
-2.52394e-11
-3.65911e-11
-3.52618e-11
-2.56649e-11
-1.01637e-11
-8.27872e-13
-1.47717e-12
-2.44826e-12
-3.26416e-12
-3.92786e-12
-5.19502e-12
-6.16743e-12
-7.09317e-12
-3.22572e-12
-5.55185e-12
-2.22134e-13
-1.07663e-11
-3.37584e-11
-6.13494e-11
-3.92054e-11
-4.43031e-11
-4.21069e-11
-3.40388e-11
-1.80452e-11
-3.37272e-12
-1.51451e-12
-2.64846e-12
-2.02106e-12
-1.25757e-12
-1.90222e-12
-3.49309e-12
-5.09551e-12
-2.45679e-12
-3.51361e-12
-1.11522e-12
-1.73555e-11
-5.18465e-11
-7.94638e-11
-5.08117e-11
-5.08971e-11
-4.72873e-11
-4.09813e-11
-2.68453e-11
-8.18423e-12
-1.01633e-12
-1.37865e-12
6.24856e-13
2.17063e-12
1.39413e-12
-3.75428e-13
-3.34847e-12
-5.20043e-13
-2.03221e-12
-2.39281e-12
-2.71518e-11
-7.26071e-11
-9.72759e-11
-6.08318e-11
-5.64886e-11
-5.08199e-11
-4.57007e-11
-3.48328e-11
-1.50663e-11
-5.65219e-13
9.92514e-13
3.92723e-12
5.48052e-12
4.69087e-12
4.02406e-12
1.07101e-12
2.95684e-12
-2.19203e-12
-4.28614e-12
-4.04125e-11
-9.56508e-11
-1.1845e-10
-7.27704e-11
-6.29787e-11
-5.36894e-11
-4.83397e-11
-4.06875e-11
-2.25206e-11
7.27417e-14
3.86385e-12
7.12257e-12
7.92501e-12
7.57922e-12
8.17334e-12
6.30978e-12
7.02249e-12
3.34691e-13
-7.05814e-12
-5.69034e-11
-1.21449e-10
-1.46595e-10
-9.03428e-11
-7.32388e-11
-5.79827e-11
-5.01779e-11
-4.43031e-11
-2.85218e-11
1.40483e-12
6.73343e-12
9.55389e-12
9.33816e-12
1.01334e-11
1.08956e-11
1.03974e-11
1.01419e-11
2.19193e-12
-1.09597e-11
-7.61962e-11
-1.51363e-10
-1.84785e-10
-1.16722e-10
-9.00382e-11
-6.64052e-11
-5.35315e-11
-4.70137e-11
-3.19162e-11
2.99104e-12
9.18404e-12
1.08936e-11
1.00933e-11
1.21756e-11
1.15257e-11
1.12056e-11
1.11734e-11
2.15098e-12
-1.59538e-11
-9.79544e-11
-1.87701e-10
-2.36435e-10
-1.55133e-10
-1.15878e-10
-8.1679e-11
-6.12523e-11
-5.12135e-11
-3.2702e-11
4.97786e-12
1.09257e-11
1.1245e-11
1.06519e-11
1.30948e-11
1.04307e-11
9.08489e-12
1.00972e-11
1.94682e-12
-2.23562e-11
-1.22905e-10
-2.33382e-10
-3.05047e-10
-2.08788e-10
-1.52929e-10
-1.06037e-10
-7.60312e-11
-5.96858e-11
-3.0041e-11
7.05801e-12
1.18653e-11
1.1024e-11
1.13612e-11
1.25731e-11
8.12734e-12
5.60564e-12
7.39804e-12
1.66873e-12
7.48684e-13
5.91937e-12
1.18017e-12
1.39245e-12
1.51096e-12
9.77653e-12
1.67111e-12
1.73189e-12
1.51015e-12
1.73475e-12
-1.04114e-12
-1.24498e-12
-1.03187e-11
-1.90313e-12
-2.19241e-12
-2.27045e-12
-1.28194e-11
-1.74278e-12
-1.43077e-12
2.4927e-12
1.21084e-12
1.0871e-12
1.24604e-12
1.2165e-12
1.20074e-12
1.12266e-12
1.0085e-12
9.10943e-13
3.22966e-12
7.50645e-13
6.88012e-13
6.78041e-13
6.40752e-13
6.12082e-13
5.78571e-13
5.09622e-13
6.87914e-13
9.77925e-13
1.81043e-11
2.14159e-12
1.01136e-11
2.33664e-11
-3.42527e-12
-5.94795e-12
-2.89488e-11
-7.42552e-12
-2.03453e-11
-1.08138e-11
-2.54182e-12
-4.02302e-12
2.79755e-14
2.14197e-11
3.71167e-11
1.69541e-11
8.11297e-11
1.12882e-10
2.41327e-11
1.10127e-10
7.11029e-12
2.64664e-10
7.67814e-14
7.32218e-13
2.05911e-12
3.26684e-12
3.78363e-12
4.17036e-12
4.45412e-12
4.48665e-12
3.99636e-12
3.0402e-12
1.6678e-12
1.59213e-13
-8.16458e-13
-1.37921e-12
-1.94421e-12
-3.03341e-12
-5.20929e-13
-1.41415e-11
2.65331e-10
-3.7351e-13
9.51402e-13
3.13161e-12
4.24167e-12
4.48663e-12
4.63048e-12
5.17712e-12
5.28582e-12
5.25448e-12
4.88709e-12
4.07717e-12
2.09273e-12
-1.3677e-13
-1.82709e-12
-2.72462e-12
-3.53135e-12
3.35176e-12
-2.54289e-11
2.11102e-10
-9.47329e-13
6.82348e-13
2.92204e-12
3.5009e-12
3.73239e-12
4.02392e-12
5.01951e-12
4.97501e-12
5.15261e-12
5.30158e-12
5.22287e-12
3.8125e-12
1.15819e-12
-1.36875e-12
-2.37172e-12
-1.52717e-12
7.12324e-12
-2.09759e-11
1.1174e-10
-1.37661e-12
3.97628e-13
2.40014e-12
2.47393e-12
2.67007e-12
3.27103e-12
4.65547e-12
4.17036e-12
4.2936e-12
4.76659e-12
5.3752e-12
4.78453e-12
2.19003e-12
-8.05626e-13
-1.6021e-12
9.18979e-13
8.26072e-12
-1.11272e-11
4.90444e-11
-1.60189e-12
2.98058e-13
1.88719e-12
1.32987e-12
1.50711e-12
2.53956e-12
4.14519e-12
3.14612e-12
3.02321e-12
3.50364e-12
4.56799e-12
4.9891e-12
2.81749e-12
-2.46986e-13
-7.62836e-13
3.24193e-12
8.1565e-12
-1.97946e-12
2.19969e-11
-1.66943e-12
4.3311e-13
1.4412e-12
1.48382e-13
5.35772e-13
2.39249e-12
3.86813e-12
2.32686e-12
1.72701e-12
1.95508e-12
3.07617e-12
4.55735e-12
3.1742e-12
3.46408e-13
3.05586e-14
5.56087e-12
8.95147e-12
5.02568e-12
1.19485e-11
-1.64301e-12
7.80474e-13
1.07427e-12
-8.40296e-13
3.98493e-14
3.75289e-12
4.5118e-12
2.07895e-12
6.03271e-13
5.67093e-13
1.40788e-12
3.75873e-12
3.39639e-12
8.60602e-13
8.1068e-13
7.72717e-12
1.06277e-11
9.81035e-12
8.56672e-12
-1.56114e-12
1.29987e-12
9.10507e-13
-1.03269e-12
2.68153e-14
7.47941e-12
6.96174e-12
2.88306e-12
-1.54382e-13
-3.04517e-13
1.54395e-13
2.84348e-12
3.32977e-12
1.14998e-12
1.78905e-12
9.4491e-12
1.17933e-11
1.2729e-11
7.13728e-12
-1.42751e-12
1.98409e-12
1.4403e-12
1.21776e-12
7.08816e-13
1.35838e-11
1.1877e-11
5.40182e-12
-1.66882e-13
-5.7253e-13
-2.62457e-13
1.96895e-12
2.82704e-12
1.53986e-12
4.27027e-12
1.10304e-11
1.30738e-11
1.34267e-11
6.50334e-12
-1.21773e-12
2.91339e-12
3.76009e-12
8.61789e-12
3.86268e-12
2.10037e-11
1.90456e-11
1.0197e-11
1.13946e-12
-4.85175e-13
1.07165e-13
1.45149e-12
2.48497e-12
3.0208e-12
8.24154e-12
1.26742e-11
1.35843e-11
8.70732e-12
6.2361e-12
-8.95108e-13
4.32736e-12
9.35131e-12
2.27145e-11
1.21303e-11
2.86765e-11
2.7266e-11
1.72402e-11
4.43391e-12
-1.68343e-13
8.51531e-13
1.67395e-12
2.95092e-12
4.67139e-12
8.26986e-12
1.05321e-11
1.1618e-11
4.54634e-12
6.07849e-12
-4.2619e-13
6.70336e-12
1.93204e-11
4.16293e-11
2.52394e-11
3.65911e-11
3.52618e-11
2.56649e-11
1.01637e-11
8.27872e-13
1.47717e-12
2.44826e-12
3.26416e-12
3.92786e-12
5.19502e-12
6.16743e-12
7.09317e-12
3.22572e-12
5.55185e-12
2.22134e-13
1.07663e-11
3.37584e-11
6.13494e-11
3.92054e-11
4.43031e-11
4.21069e-11
3.40388e-11
1.80452e-11
3.37272e-12
1.51451e-12
2.64846e-12
2.02106e-12
1.25757e-12
1.90222e-12
3.49309e-12
5.09551e-12
2.45679e-12
3.51361e-12
1.11522e-12
1.73555e-11
5.18465e-11
7.94638e-11
5.08117e-11
5.08971e-11
4.72873e-11
4.09813e-11
2.68453e-11
8.18423e-12
1.01633e-12
1.37865e-12
-6.24856e-13
-2.17063e-12
-1.39413e-12
3.75428e-13
3.34847e-12
5.20043e-13
2.03221e-12
2.39281e-12
2.71518e-11
7.26071e-11
9.72759e-11
6.08318e-11
5.64886e-11
5.08199e-11
4.57007e-11
3.48328e-11
1.50663e-11
5.65219e-13
-9.92514e-13
-3.92723e-12
-5.48052e-12
-4.69087e-12
-4.02406e-12
-1.07101e-12
-2.95684e-12
2.19203e-12
4.28614e-12
4.04125e-11
9.56508e-11
1.1845e-10
7.27704e-11
6.29787e-11
5.36894e-11
4.83397e-11
4.06875e-11
2.25206e-11
-7.27417e-14
-3.86385e-12
-7.12257e-12
-7.92501e-12
-7.57922e-12
-8.17334e-12
-6.30978e-12
-7.02249e-12
-3.34691e-13
7.05814e-12
5.69034e-11
1.21449e-10
1.46595e-10
9.03428e-11
7.32388e-11
5.79827e-11
5.01779e-11
4.43031e-11
2.85218e-11
-1.40483e-12
-6.73343e-12
-9.55389e-12
-9.33816e-12
-1.01334e-11
-1.08956e-11
-1.03974e-11
-1.01419e-11
-2.19193e-12
1.09597e-11
7.61962e-11
1.51363e-10
1.84785e-10
1.16722e-10
9.00382e-11
6.64052e-11
5.35315e-11
4.70137e-11
3.19162e-11
-2.99104e-12
-9.18404e-12
-1.08936e-11
-1.00933e-11
-1.21756e-11
-1.15257e-11
-1.12056e-11
-1.11734e-11
-2.15098e-12
1.59538e-11
9.79544e-11
1.87701e-10
2.36435e-10
1.55133e-10
1.15878e-10
8.1679e-11
6.12523e-11
5.12135e-11
3.2702e-11
-4.97786e-12
-1.09257e-11
-1.1245e-11
-1.06519e-11
-1.30948e-11
-1.04307e-11
-9.08489e-12
-1.00972e-11
-1.94682e-12
2.23562e-11
1.22905e-10
2.33382e-10
3.05047e-10
2.08788e-10
1.52929e-10
1.06037e-10
7.60312e-11
5.96858e-11
3.0041e-11
-7.05801e-12
-1.18653e-11
-1.1024e-11
-1.13612e-11
-1.25731e-11
-8.12734e-12
-5.60564e-12
-7.39804e-12
-1.66873e-12
)
;
    }
    symmetryWallRight
    {
        type            cyclicAMI;
        value           nonuniform List<scalar> 
20
(
28892.8
47105
-46929.3
-15942
-5261.21
4856.43
11504.1
28313.8
37599.7
32519.7
3578.04
-16439.4
-20820.2
-45513.5
-81991
-127778
-116716
42649.4
98796.7
161061
)
;
    }
    inletOutletRight
    {
        type            cyclicAMI;
        value           nonuniform List<scalar> 
20
(
229.298
326.435
398.93
472.316
547.73
627.265
712.712
804.211
902.302
992.577
1094.01
1199.64
1308.18
1426.17
1563.03
1720
1844.86
1739.85
1161.95
428.331
)
;
    }
    inletRight
    {
        type            calculated;
        value           uniform -975;
    }
    inletWallsRight
    {
        type            calculated;
        value           uniform 0;
    }
    inletFacesRight
    {
        type            calculated;
        value           nonuniform List<scalar> 
800
(
1.06076e-24
-1.52394e-24
-2.22526e-23
-6.61225e-23
-1.0534e-22
-1.17019e-22
-1.61554e-22
-3.6183e-22
-5.84904e-22
1.74755e-22
4.26156e-21
1.4778e-20
3.33311e-20
5.70563e-20
7.77115e-20
8.51551e-20
7.4056e-20
4.93878e-20
2.42148e-20
5.89864e-21
2.88817e-24
4.2966e-25
-3.49686e-23
-5.41146e-23
2.39691e-23
1.38038e-22
8.78716e-23
6.83471e-23
1.297e-21
5.28409e-21
1.0227e-20
5.2748e-21
-3.23523e-20
-1.29906e-19
-2.97481e-19
-4.98417e-19
-6.33497e-19
-5.9493e-19
-4.23878e-19
-1.57632e-19
-1.99685e-25
-4.19763e-23
-5.62456e-23
1.33462e-22
7.18334e-22
1.4047e-21
1.39537e-21
7.28273e-22
1.38943e-21
6.21707e-21
1.30795e-20
5.34683e-21
-5.42844e-20
-2.18133e-19
-5.24783e-19
-8.5544e-19
-6.43495e-19
1.1383e-19
2.0777e-19
4.51581e-19
-1.69007e-24
1.04042e-22
1.41631e-22
3.99354e-22
1.06936e-21
1.86365e-21
2.35105e-21
1.77037e-21
9.59405e-22
3.11016e-21
9.313e-21
1.10518e-20
-1.26603e-20
-8.77205e-20
-2.28465e-19
-3.91702e-19
-4.28735e-19
-3.07249e-19
-1.49976e-20
1.0818e-18
6.55818e-24
-5.81447e-22
-8.60969e-22
-7.03602e-22
1.02364e-21
5.09703e-21
8.26381e-21
9.20556e-21
8.88181e-21
7.143e-21
2.72172e-21
-6.18018e-22
9.16709e-21
4.50071e-20
1.02984e-19
1.67471e-19
1.87174e-19
1.68992e-19
6.33053e-19
-4.4805e-19
-2.53018e-23
2.338e-21
3.49984e-21
4.09924e-21
8.39839e-22
-9.86917e-21
-1.45972e-20
-1.01988e-20
-4.41542e-21
2.72979e-22
2.01768e-20
7.63706e-20
1.38136e-19
4.16013e-20
-4.65271e-19
-1.42469e-18
-2.8224e-18
-4.95791e-18
-7.81756e-18
-8.58935e-18
6.3051e-23
-9.16453e-21
-1.40785e-20
-1.59832e-20
1.79628e-21
5.6868e-20
9.62397e-20
1.06397e-19
1.12805e-19
1.03206e-19
-9.44091e-20
-7.59982e-19
-1.56268e-18
-1.86489e-19
6.91137e-18
1.8402e-17
2.42287e-17
1.62839e-17
2.62599e-19
-9.77871e-18
-8.9464e-22
3.23511e-20
4.78965e-20
5.77777e-20
3.03834e-20
-1.40053e-19
-3.07013e-19
-4.00172e-19
-4.05952e-19
-3.92458e-19
-5.77231e-19
-1.15946e-18
-1.86451e-18
-1.36841e-18
4.04155e-18
2.02308e-17
4.38964e-17
5.1823e-17
2.64931e-17
-7.06545e-19
4.90033e-21
-1.22493e-19
-1.77244e-19
-1.89174e-19
-1.27763e-19
4.79646e-19
1.01617e-18
1.30564e-18
1.47416e-18
1.61332e-18
1.62408e-18
1.35121e-18
8.21885e-19
1.51045e-19
-3.40346e-19
-2.20795e-20
3.60035e-18
1.29321e-17
-5.12908e-17
-4.79988e-16
-2.43855e-20
5.39173e-19
7.69564e-19
8.02065e-19
4.8254e-19
-2.18635e-18
-4.27824e-18
-5.2156e-18
-5.80133e-18
-6.44704e-18
-7.09129e-18
-7.59475e-18
-7.99866e-18
-8.50036e-18
-8.97958e-18
-9.01161e-18
-7.04995e-18
-2.09497e-17
4.57226e-16
-1.94573e-15
1.30111e-19
-2.70037e-18
-3.69688e-18
-3.84079e-18
-1.62578e-18
1.28742e-17
2.15424e-17
2.33304e-17
2.44787e-17
2.73228e-17
3.06325e-17
3.24708e-17
3.31726e-17
3.62847e-17
4.49977e-17
6.04524e-17
9.237e-17
1.52956e-16
3.86507e-16
-3.57359e-15
-7.60482e-19
1.36054e-17
1.78646e-17
1.89783e-17
5.34383e-18
-7.43744e-17
-1.10348e-16
-1.1181e-16
-1.14203e-16
-1.27077e-16
-1.39878e-16
-1.37208e-16
-1.19415e-16
-1.17663e-16
-1.75189e-16
-3.40555e-16
-7.40733e-16
-1.68968e-15
-4.01105e-15
-2.44506e-15
4.60123e-18
-6.36613e-17
-8.1807e-17
-8.80798e-17
-1.6313e-17
3.96001e-16
5.34771e-16
5.37824e-16
5.53775e-16
6.16861e-16
6.63167e-16
5.9687e-16
4.1336e-16
3.23134e-16
6.68149e-16
1.91415e-15
4.9367e-15
1.0551e-14
1.5872e-14
1.47308e-14
-2.36159e-17
2.82363e-16
3.6656e-16
3.86469e-16
1.28108e-17
-2.1152e-15
-2.51797e-15
-2.578e-15
-2.73073e-15
-3.0813e-15
-3.28219e-15
-2.8572e-15
-1.90542e-15
-1.71225e-15
-4.06367e-15
-1.06227e-14
-2.01591e-14
-2.34975e-14
-7.55502e-15
1.29228e-14
1.51702e-16
-1.29987e-15
-1.70824e-15
-1.68933e-15
3.58358e-16
1.21431e-14
1.22627e-14
1.30652e-14
1.44613e-14
1.64335e-14
1.81899e-14
1.75639e-14
1.36762e-14
1.00026e-14
-1.67004e-15
-4.35801e-14
-1.22051e-13
-1.7868e-13
-1.35489e-13
-9.0491e-15
-1.03959e-15
6.48814e-15
8.32953e-15
7.85781e-15
-1.6974e-15
-6.83357e-14
-6.38291e-14
-6.80762e-14
-7.44541e-14
-8.31846e-14
-1.08959e-13
-1.20901e-13
-2.29334e-14
2.82619e-13
7.0067e-13
9.21833e-13
7.26786e-13
2.51139e-13
-1.61254e-13
-2.26467e-13
6.18995e-15
-3.61957e-14
-4.31514e-14
-3.36938e-14
-4.36142e-14
3.09283e-13
2.61595e-13
2.94655e-13
3.42207e-13
3.55018e-13
4.3793e-13
5.36524e-13
8.18492e-13
1.44671e-12
2.48777e-12
3.35767e-12
3.26358e-12
2.59309e-12
1.97858e-12
9.60324e-13
-4.09919e-14
1.91862e-13
2.04813e-13
1.5513e-13
1.25672e-13
3.45747e-13
2.974e-13
2.81415e-13
3.11526e-13
3.13565e-13
3.64988e-13
4.27795e-13
5.69907e-13
9.42257e-13
1.59575e-12
2.07494e-12
1.7837e-12
2.05751e-12
3.5988e-12
3.25498e-12
6.74541e-16
7.38328e-13
4.56707e-13
3.18582e-13
3.1931e-13
4.97812e-13
4.6989e-13
4.57935e-13
4.93602e-13
5.52956e-13
6.21794e-13
6.47208e-13
7.53984e-13
8.7305e-13
1.0993e-12
1.39147e-12
1.7211e-12
2.13125e-12
3.04028e-12
3.75356e-12
5.73262e-13
7.04969e-13
4.24534e-13
3.76279e-13
3.92527e-13
5.60776e-13
5.59245e-13
5.42604e-13
5.59868e-13
5.92084e-13
6.31815e-13
6.59688e-13
7.25551e-13
7.73868e-13
8.55227e-13
9.61419e-13
1.10443e-12
1.29795e-12
1.50899e-12
1.85456e-12
-1.06076e-24
1.52394e-24
2.22526e-23
6.61225e-23
1.0534e-22
1.17019e-22
1.61554e-22
3.6183e-22
5.84904e-22
-1.74755e-22
-4.26156e-21
-1.4778e-20
-3.33311e-20
-5.70563e-20
-7.77115e-20
-8.51551e-20
-7.4056e-20
-4.93878e-20
-2.42148e-20
-5.89864e-21
-2.88817e-24
-4.2966e-25
3.49686e-23
5.41146e-23
-2.39691e-23
-1.38038e-22
-8.78716e-23
-6.83471e-23
-1.297e-21
-5.28409e-21
-1.0227e-20
-5.2748e-21
3.23523e-20
1.29906e-19
2.97481e-19
4.98417e-19
6.33497e-19
5.9493e-19
4.23878e-19
1.57632e-19
1.99685e-25
4.19763e-23
5.62456e-23
-1.33462e-22
-7.18334e-22
-1.4047e-21
-1.39537e-21
-7.28273e-22
-1.38943e-21
-6.21707e-21
-1.30795e-20
-5.34683e-21
5.42844e-20
2.18133e-19
5.24783e-19
8.5544e-19
6.43495e-19
-1.1383e-19
-2.0777e-19
-4.51581e-19
1.69007e-24
-1.04042e-22
-1.41631e-22
-3.99354e-22
-1.06936e-21
-1.86365e-21
-2.35105e-21
-1.77037e-21
-9.59405e-22
-3.11016e-21
-9.313e-21
-1.10518e-20
1.26603e-20
8.77205e-20
2.28465e-19
3.91702e-19
4.28735e-19
3.07249e-19
1.49976e-20
-1.0818e-18
-6.55818e-24
5.81447e-22
8.60969e-22
7.03602e-22
-1.02364e-21
-5.09703e-21
-8.26381e-21
-9.20556e-21
-8.88181e-21
-7.143e-21
-2.72172e-21
6.18018e-22
-9.16709e-21
-4.50071e-20
-1.02984e-19
-1.67471e-19
-1.87174e-19
-1.68992e-19
-6.33053e-19
4.4805e-19
2.53018e-23
-2.338e-21
-3.49984e-21
-4.09924e-21
-8.39839e-22
9.86917e-21
1.45972e-20
1.01988e-20
4.41542e-21
-2.72979e-22
-2.01768e-20
-7.63706e-20
-1.38136e-19
-4.16013e-20
4.65271e-19
1.42469e-18
2.8224e-18
4.95791e-18
7.81756e-18
8.58935e-18
-6.3051e-23
9.16453e-21
1.40785e-20
1.59832e-20
-1.79628e-21
-5.6868e-20
-9.62397e-20
-1.06397e-19
-1.12805e-19
-1.03206e-19
9.44091e-20
7.59982e-19
1.56268e-18
1.86489e-19
-6.91137e-18
-1.8402e-17
-2.42287e-17
-1.62839e-17
-2.62599e-19
9.77871e-18
8.9464e-22
-3.23511e-20
-4.78965e-20
-5.77777e-20
-3.03834e-20
1.40053e-19
3.07013e-19
4.00172e-19
4.05952e-19
3.92458e-19
5.77231e-19
1.15946e-18
1.86451e-18
1.36841e-18
-4.04155e-18
-2.02308e-17
-4.38964e-17
-5.1823e-17
-2.64931e-17
7.06545e-19
-4.90033e-21
1.22493e-19
1.77244e-19
1.89174e-19
1.27763e-19
-4.79646e-19
-1.01617e-18
-1.30564e-18
-1.47416e-18
-1.61332e-18
-1.62408e-18
-1.35121e-18
-8.21885e-19
-1.51045e-19
3.40346e-19
2.20795e-20
-3.60035e-18
-1.29321e-17
5.12908e-17
4.79988e-16
2.43855e-20
-5.39173e-19
-7.69564e-19
-8.02065e-19
-4.8254e-19
2.18635e-18
4.27824e-18
5.2156e-18
5.80133e-18
6.44704e-18
7.09129e-18
7.59475e-18
7.99866e-18
8.50036e-18
8.97958e-18
9.01161e-18
7.04995e-18
2.09497e-17
-4.57226e-16
1.94573e-15
-1.30111e-19
2.70037e-18
3.69688e-18
3.84079e-18
1.62578e-18
-1.28742e-17
-2.15424e-17
-2.33304e-17
-2.44787e-17
-2.73228e-17
-3.06325e-17
-3.24708e-17
-3.31726e-17
-3.62847e-17
-4.49977e-17
-6.04524e-17
-9.237e-17
-1.52956e-16
-3.86507e-16
3.57359e-15
7.60482e-19
-1.36054e-17
-1.78646e-17
-1.89783e-17
-5.34383e-18
7.43744e-17
1.10348e-16
1.1181e-16
1.14203e-16
1.27077e-16
1.39878e-16
1.37208e-16
1.19415e-16
1.17663e-16
1.75189e-16
3.40555e-16
7.40733e-16
1.68968e-15
4.01105e-15
2.44506e-15
-4.60123e-18
6.36613e-17
8.1807e-17
8.80798e-17
1.6313e-17
-3.96001e-16
-5.34771e-16
-5.37824e-16
-5.53775e-16
-6.16861e-16
-6.63167e-16
-5.9687e-16
-4.1336e-16
-3.23134e-16
-6.68149e-16
-1.91415e-15
-4.9367e-15
-1.0551e-14
-1.5872e-14
-1.47308e-14
2.36159e-17
-2.82363e-16
-3.6656e-16
-3.86469e-16
-1.28108e-17
2.1152e-15
2.51797e-15
2.578e-15
2.73073e-15
3.0813e-15
3.28219e-15
2.8572e-15
1.90542e-15
1.71225e-15
4.06367e-15
1.06227e-14
2.01591e-14
2.34975e-14
7.55502e-15
-1.29228e-14
-1.51702e-16
1.29987e-15
1.70824e-15
1.68933e-15
-3.58358e-16
-1.21431e-14
-1.22627e-14
-1.30652e-14
-1.44613e-14
-1.64335e-14
-1.81899e-14
-1.75639e-14
-1.36762e-14
-1.00026e-14
1.67004e-15
4.35801e-14
1.22051e-13
1.7868e-13
1.35489e-13
9.0491e-15
1.03959e-15
-6.48814e-15
-8.32953e-15
-7.85781e-15
1.6974e-15
6.83357e-14
6.38291e-14
6.80762e-14
7.44541e-14
8.31846e-14
1.08959e-13
1.20901e-13
2.29334e-14
-2.82619e-13
-7.0067e-13
-9.21833e-13
-7.26786e-13
-2.51139e-13
1.61254e-13
2.26467e-13
-6.18995e-15
3.61957e-14
4.31514e-14
3.36938e-14
4.36142e-14
-3.09283e-13
-2.61595e-13
-2.94655e-13
-3.42207e-13
-3.55018e-13
-4.3793e-13
-5.36524e-13
-8.18492e-13
-1.44671e-12
-2.48777e-12
-3.35767e-12
-3.26358e-12
-2.59309e-12
-1.97858e-12
-9.60324e-13
4.09919e-14
-1.91862e-13
-2.04813e-13
-1.5513e-13
-1.25672e-13
-3.45747e-13
-2.974e-13
-2.81415e-13
-3.11526e-13
-3.13565e-13
-3.64988e-13
-4.27795e-13
-5.69907e-13
-9.42257e-13
-1.59575e-12
-2.07494e-12
-1.7837e-12
-2.05751e-12
-3.5988e-12
-3.25498e-12
-6.74541e-16
-7.38328e-13
-4.56707e-13
-3.18582e-13
-3.1931e-13
-4.97812e-13
-4.6989e-13
-4.57935e-13
-4.93602e-13
-5.52956e-13
-6.21794e-13
-6.47208e-13
-7.53984e-13
-8.7305e-13
-1.0993e-12
-1.39147e-12
-1.7211e-12
-2.13125e-12
-3.04028e-12
-3.75356e-12
-5.73262e-13
-7.04969e-13
-4.24534e-13
-3.76279e-13
-3.92527e-13
-5.60776e-13
-5.59245e-13
-5.42604e-13
-5.59868e-13
-5.92084e-13
-6.31815e-13
-6.59688e-13
-7.25551e-13
-7.73868e-13
-8.55227e-13
-9.61419e-13
-1.10443e-12
-1.29795e-12
-1.50899e-12
-1.85456e-12
)
;
    }
}


// ************************************************************************* //
