/*--------------------------------*- C++ -*----------------------------------*\
| =========                 |                                                 |
| \\      /  F ield         | OpenFOAM: The Open Source CFD Toolbox           |
|  \\    /   O peration     | Version:  4.1                                   |
|   \\  /    A nd           | Web:      www.OpenFOAM.org                      |
|    \\/     M anipulation  |                                                 |
\*---------------------------------------------------------------------------*/
FoamFile
{
    version     2.0;
    format      ascii;
    class       labelList;
    note        "nPoints:2806  nCells:1280  nFaces:5240  nInternalFaces:2360";
    location    "constant/polyMesh";
    object      neighbour;
}
// * * * * * * * * * * * * * * * * * * * * * * * * * * * * * * * * * * * * * //


2360
(
1
2
479
3
4
5
460
6
7
8
9
441
10
11
12
422
13
14
15
403
16
17
18
384
19
20
21
22
23
24
25
26
27
365
28
29
30
31
32
33
34
35
36
37
38
39
40
41
346
42
43
44
45
327
46
47
48
49
308
50
51
52
289
53
54
55
56
270
57
58
59
60
251
61
62
63
64
65
66
67
68
69
70
71
72
73
74
232
75
76
77
78
79
80
81
82
83
213
84
85
86
194
87
88
89
175
90
91
92
156
93
94
95
96
137
97
98
99
118
101
119
102
120
103
121
104
122
105
123
106
124
107
125
108
126
109
127
110
128
111
129
112
130
113
131
114
132
115
133
116
134
117
135
118
136
137
120
138
121
139
122
140
123
141
124
142
125
143
126
144
127
145
128
146
129
147
130
148
131
149
132
150
133
151
134
152
135
153
136
154
137
155
156
139
157
140
158
141
159
142
160
143
161
144
162
145
163
146
164
147
165
148
166
149
167
150
168
151
169
152
170
153
171
154
172
155
173
156
174
175
158
176
159
177
160
178
161
179
162
180
163
181
164
182
165
183
166
184
167
185
168
186
169
187
170
188
171
189
172
190
173
191
174
192
175
193
194
177
195
178
196
179
197
180
198
181
199
182
200
183
201
184
202
185
203
186
204
187
205
188
206
189
207
190
208
191
209
192
210
193
211
194
212
213
196
214
197
215
198
216
199
217
200
218
201
219
202
220
203
221
204
222
205
223
206
224
207
225
208
226
209
227
210
228
211
229
212
230
213
231
232
215
233
216
234
217
235
218
236
219
237
220
238
221
239
222
240
223
241
224
242
225
243
226
244
227
245
228
246
229
247
230
248
231
249
232
250
251
234
252
235
253
236
254
237
255
238
256
239
257
240
258
241
259
242
260
243
261
244
262
245
263
246
264
247
265
248
266
249
267
250
268
251
269
270
253
271
254
272
255
273
256
274
257
275
258
276
259
277
260
278
261
279
262
280
263
281
264
282
265
283
266
284
267
285
268
286
269
287
270
288
289
272
290
273
291
274
292
275
293
276
294
277
295
278
296
279
297
280
298
281
299
282
300
283
301
284
302
285
303
286
304
287
305
288
306
289
307
308
291
309
292
310
293
311
294
312
295
313
296
314
297
315
298
316
299
317
300
318
301
319
302
320
303
321
304
322
305
323
306
324
307
325
308
326
327
310
328
311
329
312
330
313
331
314
332
315
333
316
334
317
335
318
336
319
337
320
338
321
339
322
340
323
341
324
342
325
343
326
344
327
345
346
329
347
330
348
331
349
332
350
333
351
334
352
335
353
336
354
337
355
338
356
339
357
340
358
341
359
342
360
343
361
344
362
345
363
346
364
365
348
366
349
367
350
368
351
369
352
370
353
371
354
372
355
373
356
374
357
375
358
376
359
377
360
378
361
379
362
380
363
381
364
382
365
383
384
367
385
368
386
369
387
370
388
371
389
372
390
373
391
374
392
375
393
376
394
377
395
378
396
379
397
380
398
381
399
382
400
383
401
384
402
403
386
404
387
405
388
406
389
407
390
408
391
409
392
410
393
411
394
412
395
413
396
414
397
415
398
416
399
417
400
418
401
419
402
420
403
421
422
405
423
406
424
407
425
408
426
409
427
410
428
411
429
412
430
413
431
414
432
415
433
416
434
417
435
418
436
419
437
420
438
421
439
422
440
441
424
442
425
443
426
444
427
445
428
446
429
447
430
448
431
449
432
450
433
451
434
452
435
453
436
454
437
455
438
456
439
457
440
458
441
459
460
443
461
444
462
445
463
446
464
447
465
448
466
449
467
450
468
451
469
452
470
453
471
454
472
455
473
456
474
457
475
458
476
459
477
460
478
479
462
463
464
465
466
467
468
469
470
471
472
473
474
475
476
477
478
479
481
500
482
501
483
502
484
503
485
504
486
505
487
506
488
507
489
508
490
509
491
510
492
511
493
512
494
513
495
514
496
515
497
516
498
517
499
518
519
501
520
502
521
503
522
504
523
505
524
506
525
507
526
508
527
509
528
510
529
511
530
512
531
513
532
514
533
515
534
516
535
517
536
518
537
519
538
539
521
540
522
541
523
542
524
543
525
544
526
545
527
546
528
547
529
548
530
549
531
550
532
551
533
552
534
553
535
554
536
555
537
556
538
557
539
558
559
541
560
542
561
543
562
544
563
545
564
546
565
547
566
548
567
549
568
550
569
551
570
552
571
553
572
554
573
555
574
556
575
557
576
558
577
559
578
579
561
580
562
581
563
582
564
583
565
584
566
585
567
586
568
587
569
588
570
589
571
590
572
591
573
592
574
593
575
594
576
595
577
596
578
597
579
598
599
581
600
582
601
583
602
584
603
585
604
586
605
587
606
588
607
589
608
590
609
591
610
592
611
593
612
594
613
595
614
596
615
597
616
598
617
599
618
619
601
620
602
621
603
622
604
623
605
624
606
625
607
626
608
627
609
628
610
629
611
630
612
631
613
632
614
633
615
634
616
635
617
636
618
637
619
638
639
621
640
622
641
623
642
624
643
625
644
626
645
627
646
628
647
629
648
630
649
631
650
632
651
633
652
634
653
635
654
636
655
637
656
638
657
639
658
659
641
660
642
661
643
662
644
663
645
664
646
665
647
666
648
667
649
668
650
669
651
670
652
671
653
672
654
673
655
674
656
675
657
676
658
677
659
678
679
661
680
662
681
663
682
664
683
665
684
666
685
667
686
668
687
669
688
670
689
671
690
672
691
673
692
674
693
675
694
676
695
677
696
678
697
679
698
699
681
700
682
701
683
702
684
703
685
704
686
705
687
706
688
707
689
708
690
709
691
710
692
711
693
712
694
713
695
714
696
715
697
716
698
717
699
718
719
701
720
702
721
703
722
704
723
705
724
706
725
707
726
708
727
709
728
710
729
711
730
712
731
713
732
714
733
715
734
716
735
717
736
718
737
719
738
739
721
740
722
741
723
742
724
743
725
744
726
745
727
746
728
747
729
748
730
749
731
750
732
751
733
752
734
753
735
754
736
755
737
756
738
757
739
758
759
741
760
742
761
743
762
744
763
745
764
746
765
747
766
748
767
749
768
750
769
751
770
752
771
753
772
754
773
755
774
756
775
757
776
758
777
759
778
779
761
780
762
781
763
782
764
783
765
784
766
785
767
786
768
787
769
788
770
789
771
790
772
791
773
792
774
793
775
794
776
795
777
796
778
797
779
798
799
781
800
782
801
783
802
784
803
785
804
786
805
787
806
788
807
789
808
790
809
791
810
792
811
793
812
794
813
795
814
796
815
797
816
798
817
799
818
819
801
820
802
821
803
822
804
823
805
824
806
825
807
826
808
827
809
828
810
829
811
830
812
831
813
832
814
833
815
834
816
835
817
836
818
837
819
838
839
821
840
822
841
823
842
824
843
825
844
826
845
827
846
828
847
829
848
830
849
831
850
832
851
833
852
834
853
835
854
836
855
837
856
838
857
839
858
859
841
860
842
861
843
862
844
863
845
864
846
865
847
866
848
867
849
868
850
869
851
870
852
871
853
872
854
873
855
874
856
875
857
876
858
877
859
878
879
861
862
863
864
865
866
867
868
869
870
871
872
873
874
875
876
877
878
879
881
900
882
901
883
902
884
903
885
904
886
905
887
906
888
907
889
908
890
909
891
910
892
911
893
912
894
913
895
914
896
915
897
916
898
917
899
918
919
901
920
902
921
903
922
904
923
905
924
906
925
907
926
908
927
909
928
910
929
911
930
912
931
913
932
914
933
915
934
916
935
917
936
918
937
919
938
939
921
940
922
941
923
942
924
943
925
944
926
945
927
946
928
947
929
948
930
949
931
950
932
951
933
952
934
953
935
954
936
955
937
956
938
957
939
958
959
941
960
942
961
943
962
944
963
945
964
946
965
947
966
948
967
949
968
950
969
951
970
952
971
953
972
954
973
955
974
956
975
957
976
958
977
959
978
979
961
980
962
981
963
982
964
983
965
984
966
985
967
986
968
987
969
988
970
989
971
990
972
991
973
992
974
993
975
994
976
995
977
996
978
997
979
998
999
981
1000
982
1001
983
1002
984
1003
985
1004
986
1005
987
1006
988
1007
989
1008
990
1009
991
1010
992
1011
993
1012
994
1013
995
1014
996
1015
997
1016
998
1017
999
1018
1019
1001
1020
1002
1021
1003
1022
1004
1023
1005
1024
1006
1025
1007
1026
1008
1027
1009
1028
1010
1029
1011
1030
1012
1031
1013
1032
1014
1033
1015
1034
1016
1035
1017
1036
1018
1037
1019
1038
1039
1021
1040
1022
1041
1023
1042
1024
1043
1025
1044
1026
1045
1027
1046
1028
1047
1029
1048
1030
1049
1031
1050
1032
1051
1033
1052
1034
1053
1035
1054
1036
1055
1037
1056
1038
1057
1039
1058
1059
1041
1060
1042
1061
1043
1062
1044
1063
1045
1064
1046
1065
1047
1066
1048
1067
1049
1068
1050
1069
1051
1070
1052
1071
1053
1072
1054
1073
1055
1074
1056
1075
1057
1076
1058
1077
1059
1078
1079
1061
1080
1062
1081
1063
1082
1064
1083
1065
1084
1066
1085
1067
1086
1068
1087
1069
1088
1070
1089
1071
1090
1072
1091
1073
1092
1074
1093
1075
1094
1076
1095
1077
1096
1078
1097
1079
1098
1099
1081
1100
1082
1101
1083
1102
1084
1103
1085
1104
1086
1105
1087
1106
1088
1107
1089
1108
1090
1109
1091
1110
1092
1111
1093
1112
1094
1113
1095
1114
1096
1115
1097
1116
1098
1117
1099
1118
1119
1101
1120
1102
1121
1103
1122
1104
1123
1105
1124
1106
1125
1107
1126
1108
1127
1109
1128
1110
1129
1111
1130
1112
1131
1113
1132
1114
1133
1115
1134
1116
1135
1117
1136
1118
1137
1119
1138
1139
1121
1140
1122
1141
1123
1142
1124
1143
1125
1144
1126
1145
1127
1146
1128
1147
1129
1148
1130
1149
1131
1150
1132
1151
1133
1152
1134
1153
1135
1154
1136
1155
1137
1156
1138
1157
1139
1158
1159
1141
1160
1142
1161
1143
1162
1144
1163
1145
1164
1146
1165
1147
1166
1148
1167
1149
1168
1150
1169
1151
1170
1152
1171
1153
1172
1154
1173
1155
1174
1156
1175
1157
1176
1158
1177
1159
1178
1179
1161
1180
1162
1181
1163
1182
1164
1183
1165
1184
1166
1185
1167
1186
1168
1187
1169
1188
1170
1189
1171
1190
1172
1191
1173
1192
1174
1193
1175
1194
1176
1195
1177
1196
1178
1197
1179
1198
1199
1181
1200
1182
1201
1183
1202
1184
1203
1185
1204
1186
1205
1187
1206
1188
1207
1189
1208
1190
1209
1191
1210
1192
1211
1193
1212
1194
1213
1195
1214
1196
1215
1197
1216
1198
1217
1199
1218
1219
1201
1220
1202
1221
1203
1222
1204
1223
1205
1224
1206
1225
1207
1226
1208
1227
1209
1228
1210
1229
1211
1230
1212
1231
1213
1232
1214
1233
1215
1234
1216
1235
1217
1236
1218
1237
1219
1238
1239
1221
1240
1222
1241
1223
1242
1224
1243
1225
1244
1226
1245
1227
1246
1228
1247
1229
1248
1230
1249
1231
1250
1232
1251
1233
1252
1234
1253
1235
1254
1236
1255
1237
1256
1238
1257
1239
1258
1259
1241
1260
1242
1261
1243
1262
1244
1263
1245
1264
1246
1265
1247
1266
1248
1267
1249
1268
1250
1269
1251
1270
1252
1271
1253
1272
1254
1273
1255
1274
1256
1275
1257
1276
1258
1277
1259
1278
1279
1261
1262
1263
1264
1265
1266
1267
1268
1269
1270
1271
1272
1273
1274
1275
1276
1277
1278
1279
)


// ************************************************************************* //
