/*--------------------------------*- C++ -*----------------------------------*\
| =========                 |                                                 |
| \\      /  F ield         | OpenFOAM: The Open Source CFD Toolbox           |
|  \\    /   O peration     | Version:  4.1                                   |
|   \\  /    A nd           | Web:      www.OpenFOAM.org                      |
|    \\/     M anipulation  |                                                 |
\*---------------------------------------------------------------------------*/
FoamFile
{
    version     2.0;
    format      ascii;
    class       surfaceScalarField;
    location    "24";
    object      phi;
}
// * * * * * * * * * * * * * * * * * * * * * * * * * * * * * * * * * * * * * //

dimensions      [0 3 -1 0 0 0 0];

internalField   nonuniform List<scalar> 
2360
(
2.94741e+06
2.69573e+06
251677
2.69575e+06
2.69574e+06
2.44523e+06
250537
2.44522e+06
2.44523e+06
2.44523e+06
2.44905e+06
-3806.88
2.44906e+06
2.44909e+06
2.49191e+06
-42819.9
2.49193e+06
2.49194e+06
2.51273e+06
-20766.6
2.51275e+06
2.51277e+06
2.45667e+06
56100.8
2.45665e+06
2.45663e+06
2.4271e+06
2.39876e+06
2.37432e+06
2.35277e+06
2.33423e+06
2.318e+06
2.33406e+06
-25518.9
2.32702e+06
2.32066e+06
2.31629e+06
2.31457e+06
2.31607e+06
2.32121e+06
2.33045e+06
2.34395e+06
2.36228e+06
2.38574e+06
2.41586e+06
2.4529e+06
2.5027e+06
3.01451e+06
-511790
3.01451e+06
3.01452e+06
3.01453e+06
3.55774e+06
-543202
3.55775e+06
3.55777e+06
3.55777e+06
4.11996e+06
-562163
4.11997e+06
4.11999e+06
4.66877e+06
-548771
4.66879e+06
4.66881e+06
4.66883e+06
5.21998e+06
-551135
5.22e+06
5.22001e+06
5.22002e+06
5.62482e+06
-404802
5.52478e+06
5.42518e+06
5.34112e+06
5.2709e+06
5.21288e+06
5.16625e+06
5.13059e+06
5.10551e+06
5.09087e+06
5.08713e+06
5.09457e+06
5.11247e+06
5.13931e+06
6.47519e+06
-1.3003e+06
6.51901e+06
6.57266e+06
6.63765e+06
6.71668e+06
6.81241e+06
6.94521e+06
6.94523e+06
6.94526e+06
9.31116e+06
-2.3659e+06
9.31117e+06
9.31117e+06
1.20714e+07
-2.76024e+06
1.20714e+07
1.20714e+07
1.53112e+07
-3.23976e+06
1.53112e+07
1.53112e+07
2.32971e+07
-7.98595e+06
2.32972e+07
2.32972e+07
2.32972e+07
-4.77361e+07
7.10333e+07
-4.77361e+07
-4.77361e+07
1.85378e+07
-6.62739e+07
-128896
-458417
-377836
24595.9
-1.00695e+06
172162
-1.50748e+06
114311
-1.94243e+06
7047.32
-2.32537e+06
-244223
-2.8513e+06
-485981
-3.9402e+06
81507.8
-5.21653e+06
201595
-6.56084e+06
121756
-8.34117e+06
261100
-1.08436e+07
468814
-1.42919e+07
823431
-1.9074e+07
1.52458e+06
-2.53253e+07
2.17665e+06
-3.24422e+07
1.92796e+06
-3.96361e+07
-2.35595e+06
-3.3148e+07
-2.2137e+07
-5.71891e+07
-63195.2
-347385
-209981
171380
-347083
309264
-458499
225726
-190512
-260942
68024.7
-502762
-24892.8
-393066
-189506
246116
-1.16543e+06
1.17751e+06
-2.30384e+06
1.26017e+06
-3.24175e+06
1.19901e+06
-4.59802e+06
1.82508e+06
-6.54729e+06
2.7727e+06
-8.56564e+06
3.54293e+06
-9.56957e+06
3.18059e+06
-9.86858e+06
2.22699e+06
-1.58704e+07
3.64583e+06
-3.49718e+07
-3.03553e+06
-2.11276e+07
-55931.8
-303106
-66599.1
182047
-98882.1
341547
-119734
246577
-75213.7
-305462
-91858.8
-486117
-88041.9
-396882
-80102.7
238178
-209462
1.30688e+06
-812514
1.86322e+06
-1.48988e+06
1.87639e+06
-2.09191e+06
2.42711e+06
-2.58294e+06
3.26375e+06
-2.29855e+06
3.25856e+06
-487529
1.36959e+06
2.11847e+06
-378979
6.63865e+06
-874331
1.16748e+07
-8.07166e+06
-1.74388e+07
-44865.4
-241849
-15699.3
152879
9685.61
316161
71330.3
184931
70092.1
-304225
-25651.2
-390374
-277566
-144966
-437730
398342
-206734
1.07588e+06
-161904
1.81839e+06
-438326
2.15281e+06
-580751
2.56954e+06
-303060
2.98607e+06
874728
2.08078e+06
2.47359e+06
-229254
3.83321e+06
-1.73858e+06
5.25504e+06
-2.29614e+06
4.7807e+06
-7.59731e+06
-1.58978e+07
-35117.1
-204142
4594.45
113166
42459.8
278295
56738.3
170652
168.964
-247654
-92592.2
-297611
-265821
28265.6
-355915
488439
-216835
936805
41621.1
1.55994e+06
187946
2.0065e+06
414150
2.34335e+06
966975
2.43325e+06
1.93328e+06
1.11449e+06
2.77124e+06
-1.06719e+06
3.50961e+06
-2.47694e+06
4.76196e+06
-3.54847e+06
4.81112e+06
-7.64644e+06
-1.38469e+07
-38170.7
-157471
229.32
74763
47119
231405
64091.2
153679
8884.78
-192447
-81364.5
-207361
-192791
139697
-227417
523067
-147286
856680
96031.8
1.31663e+06
422244
1.68029e+06
852142
1.91346e+06
1.51288e+06
1.77254e+06
2.25112e+06
376274
2.72313e+06
-1.53919e+06
3.11435e+06
-2.86813e+06
3.65371e+06
-4.0878e+06
3.50799e+06
-7.5007e+06
-1.27048e+07
-36302.9
-115176
-8639.04
47097.3
47242.1
175523
74290
126631
11206.3
-129361
-79925.3
-116226
-137073
196849
-118146
504143
-39942.2
778482
168641
1.10805e+06
508404
1.34054e+06
984647
1.43723e+06
1.67915e+06
1.07804e+06
2.30969e+06
-254248
2.55345e+06
-1.78294e+06
2.75471e+06
-3.06937e+06
3.07606e+06
-4.40913e+06
2.72796e+06
-7.15258e+06
-1.12772e+07
-42906.5
-65201.6
-22860.9
27048.4
47056.6
105605
86407.8
87277.9
35823.6
-78776
-44255
-36144.6
-71319.8
223918
-18024.9
450853
86070
674395
282659
911475
592990
1.03022e+06
1.04126e+06
988970
1.66164e+06
457692
2.15297e+06
-745559
2.33207e+06
-1.96202e+06
2.42983e+06
-3.16711e+06
2.51991e+06
-4.49918e+06
1.98471e+06
-6.61734e+06
-9.69722e+06
-50050
-7348.71
-36085.6
13082.9
49788.1
19730.2
99168.7
37898
68744.2
-48349.2
19570.7
13032.8
22886.1
220607
80950.1
392794
198651
556701
396897
713237
687233
739896
1.12572e+06
550491
1.6458e+06
-62370.7
1.96318e+06
-1.06293e+06
2.0936e+06
-2.09243e+06
2.13794e+06
-3.21143e+06
2.12896e+06
-4.49019e+06
1.7228e+06
-6.21116e+06
-8.52555e+06
-53442.9
55775.1
-44741
4378
49594
-74604.6
102597
-15105.7
85705.3
-31453.9
65343.7
33401.3
89521.9
196432
157013
325309
281527
432197
484233
510543
771276
452871
1.18534e+06
136451
1.58411e+06
-461119
1.77873e+06
-1.25753e+06
1.8592e+06
-2.17288e+06
1.86905e+06
-3.22125e+06
1.79263e+06
-4.41374e+06
1.44226e+06
-5.86076e+06
-7.63203e+06
-48439.9
113780
-44550.5
488.195
41807.8
-160963
89126.7
-62422
74319.2
-16642
73770.8
33954.1
118564
151642
203637
240240
338291
297549
544001
304841
837363
159519
1.17688e+06
-203054
1.43459e+06
-718828
1.5782e+06
-1.40113e+06
1.63804e+06
-2.23271e+06
1.62818e+06
-3.21137e+06
1.52046e+06
-4.306e+06
1.23784e+06
-5.57813e+06
-6.95634e+06
-40920.4
165957
-41046.9
613.111
31738.9
-233748
66960
-97640.2
49775.4
555.277
70002.1
13742.1
136739
84912.6
237745
139243
381532
153774
592023
94365.5
853777
-102218
1.09157e+06
-440825
1.26693e+06
-894173
1.38136e+06
-1.51555e+06
1.4316e+06
-2.28292e+06
1.4072e+06
-3.18695e+06
1.28341e+06
-4.18218e+06
1.04446e+06
-5.33914e+06
-6.45506e+06
-37880.2
218297
-41043.6
3776.57
22776.4
-297568
46882.6
-121743
36404.7
11040.1
73501.4
-23348.4
154014
4406.63
263578
29684.9
408723
8635.32
595210
-92114.4
787338
-294341
953160
-606643
1.09761e+06
-1.03862e+06
1.19968e+06
-1.61762e+06
1.24149e+06
-2.32473e+06
1.20375e+06
-3.1492e+06
1.07196e+06
-4.05037e+06
829455
-5.09663e+06
-6.1374e+06
-31981
265562
-38391
10188.2
17356.7
-353315
32055.8
-136436
33582.2
9534.55
74340.3
-64094.4
150270
-71509.4
254186
-74217.1
382298
-119461
525789
-235591
672821
-441358
815933
-749739
943631
-1.1663e+06
1.03251e+06
-1.70648e+06
1.06553e+06
-2.35772e+06
1.01874e+06
-3.10238e+06
878611
-3.91021e+06
548210
-4.76619e+06
-5.61467e+06
-40818.9
326933
-45752.5
15122.3
10674.1
-409740
18158.1
-143916
31596.9
-3895.93
72168
-104663
133222
-132560
217565
-158556
322709
-224601
443015
-355894
569937
-568277
693561
-873360
802968
-1.2757e+06
878126
-1.78163e+06
903614
-2.3832e+06
855576
-3.05434e+06
720850
-3.77548e+06
436335
-4.48167e+06
-5.12225e+06
-10846.2
355444
-29440.3
33720.2
-1824.44
-437355
5416.84
-151148
35746.6
-34200
69784.3
-138690
118012
-180776
185291
-225823
271317
-310614
371220
-455785
477651
-674696
581286
-976981
672651
-1.36705e+06
734575
-1.84354e+06
753355
-2.40196e+06
706699
-3.00766e+06
584651
-3.6534e+06
370104
-4.26708e+06
-4.77286e+06
-56965.8
446124
-56767
33521.2
-14907.9
-479213
-9525.71
-156528
43248.9
-86973.3
66319.1
-161759
101993
-216447
154840
-278666
223697
-379469
304178
-536264
390640
-761155
475051
-1.06139e+06
549169
-1.44116e+06
598656
-1.89302e+06
611803
-2.4151e+06
567750
-2.9636e+06
462140
-3.54778e+06
276869
-4.0818e+06
-4.53882e+06
38511.1
411543
-2765.76
74798.4
-14019.7
-467959
-26490.9
-144055
43750.6
-157214
58439.1
-176446
85928.8
-243935
127148
-319883
181534
-433853
245554
-600283
314850
-830449
382668
-1.12921e+06
441952
-1.50045e+06
481035
-1.9321e+06
490033
-2.4241e+06
449587
-2.92315e+06
356808
-3.45499e+06
162287
-3.88728e+06
-4.38033e+06
-94779.7
591433
-83627.6
63646.3
-40605.7
-510980
-49459.7
-135201
24727
-231400
44312.6
-196030
70943.5
-270565
104097
-353036
147117
-476872
197632
-650797
251894
-884711
304594
-1.1819e+06
349492
-1.54534e+06
378570
-1.96118e+06
382000
-2.42752e+06
347615
-2.88876e+06
260987
-3.36836e+06
51723.8
-3.67801e+06
-4.07807e+06
-126794
176692
-29472.6
-16711.3
-3109.82
20311.9
33702.9
49531.9
69232
91875.9
115365
137737
155431
166796
164311
150035
102254
26817.9
40347.4
-10848.7
64152.1
4467.75
73656
14929.6
79840.3
15276.7
84400.1
13935.6
87409
13206.4
87342.3
9566.38
87323.8
7186.83
88213
5622.89
88626
4081.43
88044.2
2403.41
86166.7
493.359
82781
-1688.13
77718.8
-4084.06
70913
-6650.6
62180.5
-9533.68
51341.3
-12606.4
37882.9
-16636.1
21083.9
-20218.8
-28713.2
-2405.16
-8483.91
-1471.42
3483.99
5062.38
8386.08
12231.7
8089.83
19648.8
6516.17
27542.3
5302.37
33589.9
3518.47
38777.4
1992.1
43518.6
882.679
47519.1
76.1947
50524
-599.933
52272.7
-1258.02
52542.7
-1955.79
51203.1
-2745.54
48204.9
-3649.73
43400
-4728.41
36728.8
-5931.55
27623.7
-7526.87
16447.4
-9037.14
-12265.8
-11528.6
3020.04
-9749.22
1681.81
-4828.14
3434.04
48.9421
3163.92
4328.01
2201.85
8493.19
1102.91
11690.8
303.446
13929.6
-270.151
15445.5
-643.622
16419.8
-915.464
16982.3
-1168.5
17171
-1458.99
17017.1
-1804.9
16478
-2214.17
15509.4
-2682.99
14012
-3234.67
11914.6
-3834.34
9017.06
-4628.88
5306.23
-5325.66
-6959.52
-452.787
3460.52
128.575
1082.2
3150.61
406.95
6488.84
-183.1
9212.8
-523.113
10990.6
-681.164
12038
-743.687
12561
-797.544
12791.5
-872.777
12843.1
-969.763
12761
-1084.77
12518
-1217.1
12083.7
-1368.82
11414
-1544.28
10478.5
-1745.94
9231.89
-1986.75
7653.91
-2255.75
5643.08
-2616.84
3280.62
-2961.78
-3678.92
1669.84
1762.9
2103.54
612.276
2980.57
-490.829
3620.38
-847.119
3959.53
-875.197
4132.49
-873.692
4279.75
-901.418
4412.16
-946.152
4529.28
-997.964
4602.2
-1055.52
4631.15
-1119.84
4596.25
-1192.11
4495.87
-1273.01
4308.39
-1364.02
4023.7
-1465.27
3614.2
-1582.12
3063.4
-1706.95
2317.93
-1873.39
1387.36
-2033.45
-2291.55
1698.26
66.9915
2906.66
-595.926
3280.78
-863.327
3324.16
-890.28
3342.83
-891.641
3376.09
-906.146
3404.71
-927.431
3410.81
-950.867
3392.07
-976.49
3343.24
-1004.84
3262.2
-1036.35
3143.72
-1071.46
2983.32
-1110.48
2775.74
-1154.26
2515.09
-1202.78
2193.16
-1258.41
1804.67
-1317.46
1328.83
-1396.53
792.368
-1495.84
-1499.18
573.065
-505.245
960.646
-983.997
1077.69
-979.087
1135.04
-946.94
1194.59
-949.463
1249.92
-959.948
1295.6
-971.372
1330.07
-983.242
1351.58
-996.468
1359.99
-1010.87
1351.58
-1026.72
1326.53
-1044
1279.53
-1062.77
1210.71
-1083.37
1113.9
-1105.43
986.857
-1130.17
824.407
-1154.8
620.181
-1192.25
382.644
-1258.17
-1116.46
232.029
-716.877
321.188
-1057.89
375.458
-1017.03
438.899
-994.098
499.419
-994.04
550.956
-995.376
592.472
-997.793
625.402
-1000.7
647.467
-1004.77
660.552
-1009.56
661.118
-1015.36
652.204
-1021.98
629.18
-1029.47
595.013
-1037.93
545.814
-1046.98
481.959
-1057.37
399.972
-1067.02
300.206
-1087.13
190.528
-1142.44
-925.892
63.653
-772.902
82.7157
-1070.42
94.579
-1022.12
114.791
-1007.1
135.749
-1008.19
156.361
-1008.49
174.728
-1009.48
191.917
-1010.36
205.229
-1011.87
216.376
-1013.51
222.212
-1015.67
224.912
-1018.08
221.145
-1020.89
212.935
-1024.09
197.895
-1027.45
176.232
-1031.5
147.099
-1034.59
109.95
-1047.2
67.8925
-1097.18
-857.945
31.4505
-795.138
35.1622
-1065.8
38.3073
-1016.9
45.5201
-1005.47
52.4005
-1006.72
59.6997
-1006.89
66.0353
-1007.56
72.3759
-1007.96
77.0765
-1008.75
81.2818
-1009.47
83.1493
-1010.48
84.1496
-1011.51
82.3629
-1012.76
78.9698
-1014.13
72.9402
-1015.57
64.0359
-1017.35
51.8131
-1018.31
35.7073
-1027.53
18.2258
-1075.72
-839.673
23.243
-811.195
21.9221
-1057.86
21.0689
-1009.41
23.0105
-1000.4
24.5989
-1001.68
26.6519
-1001.87
28.1698
-1002.5
29.9929
-1002.83
30.9893
-1003.45
32.0706
-1003.94
31.9818
-1004.64
31.862
-1005.27
30.3929
-1006.06
28.4786
-1006.84
25.4882
-1007.69
21.2252
-1008.69
15.3606
-1009.03
7.1444
-1016.27
-2.30115
-1062.92
-841.928
20.8302
-826.811
17.3453
-1049.66
15.4953
-1002.64
15.5284
-995.536
15.5631
-996.722
15.501
-996.916
15.5617
-997.478
15.3417
-997.778
15.2273
-998.288
14.6417
-998.684
14.0468
-999.223
12.9223
-999.691
11.8072
-1000.29
9.90184
-1000.82
8.18705
-1001.46
5.28764
-1002.13
2.03666
-1002.34
-3.1453
-1008.03
-10.3362
-1052.42
-852.223
20.3802
-841.588
16.1255
-1040.19
14.2667
-995.44
14.1059
-989.947
13.7501
-991.011
13.4611
-991.202
13.0786
-991.725
12.6487
-992.027
12.095
-992.502
11.3802
-992.889
10.4117
-993.391
9.32272
-993.826
7.9765
-994.387
6.32209
-994.856
4.64171
-995.469
2.25145
-996.014
-0.731792
-996.313
-5.2888
-1000.71
-12.5679
-1042.18
-864.76
20.2352
-858.52
14.8303
-1031.76
12.8631
-990.27
12.211
-986.176
11.5443
-987.093
10.7123
-987.262
10.0298
-987.718
9.07245
-987.996
8.30427
-988.402
7.15232
-988.749
6.14855
-989.178
4.7614
-989.559
3.56106
-990.049
1.85237
-990.437
0.453878
-991.003
-1.6657
-991.421
-3.83793
-991.794
-7.40348
-995.018
-14.5973
-1032.72
-879.331
20.169
-875.609
13.9981
-1022.71
12.1984
-985.452
11.5075
-982.538
10.7739
-983.318
9.91008
-983.473
9.14931
-983.874
8.16477
-984.142
7.31902
-984.502
6.16026
-984.833
5.09751
-985.219
3.74248
-985.578
2.5149
-986.027
0.894908
-986.382
-0.488283
-986.928
-2.45072
-987.274
-4.48357
-987.75
-7.67154
-989.99
-15.2895
-1023.18
-894.604
20.2476
-894.322
13.1778
-1014.25
11.5073
-982.247
10.6685
-980.286
9.83768
-980.916
8.80475
-981.042
7.92314
-981.365
6.7649
-981.598
5.8141
-981.888
4.51348
-982.171
3.41732
-982.484
1.97092
-982.792
0.760227
-983.163
-0.853496
-983.465
-2.19366
-983.944
-4.01776
-984.202
-5.71674
-984.725
-8.3694
-986.123
-16.305
-1013.98
-910.898
20.1951
-913.191
12.3141
-1005.1
10.8008
-979.409
10.0026
-978.196
9.11516
-978.695
8.17367
-978.816
7.2382
-979.076
6.19221
-979.289
5.18213
-979.533
4.01211
-979.783
2.85778
-980.052
1.55859
-980.327
0.272685
-980.645
-1.18296
-980.925
-2.59522
-981.344
-4.25254
-981.566
-5.96388
-982.129
-8.39083
-982.869
-16.9002
-1004.62
-927.79
20.2838
-932.681
11.5223
-995.58
10.2345
-977.318
9.45076
-976.649
8.56612
-976.996
7.62425
-977.116
6.68857
-977.306
5.63631
-977.487
4.62664
-977.681
3.46376
-977.888
2.3374
-978.109
1.06456
-978.345
-0.171984
-978.604
-1.56369
-978.858
-2.92595
-979.193
-4.46068
-979.405
-6.05079
-979.922
-8.15463
-980.191
-17.0333
-995.158
-944.817
20.9799
-952.963
11.4135
-985.338
10.4949
-975.69
9.94482
-975.418
9.23863
-975.575
8.45222
-975.654
7.62796
-975.753
6.66606
-975.86
5.68995
-975.977
4.55156
-976.107
3.39207
-976.252
2.08098
-976.416
0.757818
-976.6
-0.715274
-976.805
-2.19524
-977.052
-3.79121
-977.281
-5.51998
-977.685
-7.39754
-977.837
-16.4199
-985.657
-961.233
22.4372
12.4858
12.2077
12.1743
12.0166
11.7436
11.4192
10.9349
10.3911
9.65005
8.81622
7.7552
6.5687
5.1018
3.45666
1.4916
-0.87322
-3.41037
-13.7671
-661.253
1641.8
-1068.99
1387.41
-1486.49
1396.62
-1820.05
1312.24
-2114.86
1273.3
-2359.67
1223.04
-2562.24
1180.8
-2722.44
1138.16
-2841.98
1097.61
-2922.1
1057.88
-2962.81
1018.56
-2962.5
977.313
-2915.05
930.327
-2810.35
872.792
-2632.68
800.258
-2367.24
712.069
-2001.65
611.812
-1512.5
488.569
-852.254
318.843
122.866
-207.398
1855.51
-467.987
1653.92
-743.651
1677.6
-981.839
1555.39
-1212.76
1508.82
-1414.58
1429.24
-1596.15
1366.63
-1753.6
1299.62
-1889.53
1237.48
-2003.91
1175.86
-2094.92
1113.06
-2154.94
1040.58
-2165.91
944.538
-2094.07
803.932
-1892.85
602.766
-1546.65
369.265
-1114.22
182.945
-670.396
49.8397
-251.669
-88.8273
-128.583
-170.786
2031.39
-364.635
1852.69
-523.159
1840.91
-642.349
1679.29
-752.52
1623.7
-831.709
1513.15
-898.009
1437.87
-944.392
1350.79
-976.464
1274.6
-993.593
1197.77
-996.532
1120.92
-984.058
1032.96
-951.867
917.724
-890.619
747.99
-782.944
502.654
-627.861
222.545
-469.26
35.56
-366.012
-40.6659
-225.034
-215.971
-353.45
3.70961
2033.17
-53.2959
1915.44
-74.0317
1867.66
-77.3958
1689.13
-78.4473
1631.46
-61.3534
1503.54
-38.0571
1422.6
-1.66996
1322.68
44.6029
1236.83
101.445
1148.8
167.17
1062.6
236.414
970.585
296.157
864.933
318.554
732.322
267.523
562.147
138.773
364.441
25.2793
189.402
37.363
-9.02477
-20.6145
-138.947
-373.897
102.101
1937.64
86.1326
1938.08
121.941
1838.96
164.917
1653.45
214.546
1589.31
268.833
1456.87
329.464
1369.82
395.347
1264.46
468.908
1171.09
548.464
1076.42
633.85
984.24
718.921
891.897
792.958
797.208
834.917
696.103
818.536
585.281
726.414
462.683
584.805
338.485
385.681
200.827
210.309
49.4345
-163.443
108.037
1835.5
124.438
1927.78
172.669
1796.94
226.192
1606.74
284.261
1537.73
344.826
1403.51
408.827
1312.6
476.961
1203.65
547.157
1107.61
618.066
1012.55
685.753
922.758
747.87
836.328
799.252
751.533
834.366
666.842
843.709
581.865
810.753
500.983
722.739
431.02
558.679
370.483
317.038
300.715
153.741
57.7641
1784.96
100.697
1892.23
148.675
1756.57
191.925
1571.79
235.811
1501.99
280.841
1367.49
322.85
1279.32
367.38
1168.68
412.528
1071.41
468.323
966.408
539.138
860.36
633.548
750.724
747.874
644.475
868.636
552.762
962.317
494.42
978.743
489.404
884.591
529.508
665.699
593.736
354.571
618.733
508.405
-48.7142
1838.33
-39.34
1887.63
-49.353
1771.69
-84.3056
1612.33
-119.864
1543.11
-169.854
1423.65
-231.111
1346.42
-298.178
1242.33
-359.283
1138.3
-393.451
1007.61
-389.151
862.26
-336.159
705.973
-240.696
556.973
-109.314
432.2
41.3493
356.329
189.525
354.456
298.61
429.379
316.837
581.493
198.552
743.107
707.051
-113.22
1964.52
-208.88
1996.58
-301.325
1876.65
-418.615
1743.05
-541.795
1678.01
-681.21
1575.8
-834.883
1510.74
-996.726
1415.57
-1157.9
1308.86
-1303.94
1163.7
-1432.78
999.051
-1539.24
821.649
-1624.34
648.779
-1666.81
483.069
-1634.22
330.011
-1479.71
206.949
-1192.15
145.365
-772.506
166.074
-304.906
281.506
402.097
44.8435
1922.11
-102.042
2147.62
-204.025
1980.42
-287.111
1830.94
-370.232
1762.24
-449.591
1660.37
-532.656
1594.27
-611.656
1499.95
-700.81
1397.34
-791.311
1259.31
-898.359
1104.66
-1009.93
936.865
-1133.37
769.76
-1251.98
602.162
-1357.13
432.38
-1413.63
261.312
-1364.2
94.2971
-1113.12
-87.2566
-614.026
-220.697
-211.914
251.875
1674.64
178.52
2225.95
96.1331
2067.46
65.9688
1867.69
61.7407
1771.48
66.6291
1663.1
80.8229
1585.13
99.7198
1489.27
109.941
1391.52
105.755
1272.35
73.3306
1141.44
20.8692
999.232
-56.5749
852.536
-144.432
700.991
-247.571
542.054
-346.976
368.943
-417.75
169.041
-404.585
-98.8444
-280.258
-343.908
-492.343
252.75
1411.16
259.189
2208.45
205.396
2112.45
182.498
1877.61
193.633
1751.34
203.401
1639.45
226.451
1552.81
245.964
1455.82
269.621
1359.22
276.635
1251.89
271.116
1138.5
238.098
1019.36
181.465
897.883
96.0597
772.818
-21.0082
641.625
-168.126
490.629
-290.59
264.375
-281.876
-129.011
-147.44
-491.604
-639.76
-27.4147
1436.58
-85.6507
2261.53
-174.656
2202.79
-266.478
1965.39
-343.852
1832.15
-433.893
1726.72
-519.951
1643.48
-619.424
1553.36
-718.201
1463.67
-832.344
1364.66
-944.153
1255.49
-1055.17
1130.4
-1140.89
988.264
-1193.96
828.659
-1205.06
656.546
-1156.13
447.158
-1004.13
112.626
-748.468
-383.144
-375.146
-863.72
-1015.07
-305.121
1702.17
-503.388
2422.8
-667.749
2339.99
-894.784
2156.18
-1135.92
2049.99
-1399.36
1958.52
-1641.25
1866.06
-1869.94
1755.45
-2055.65
1633.59
-2216.26
1502.71
-2348.35
1374.53
-2491.11
1254.12
-2648.27
1134.37
-2818.19
984.022
-2919.78
747.986
-2820.66
336.514
-2389.79
-325.87
-1655.09
-1124.83
-747.146
-1780
-1762.37
-1220.51
2907.63
-2038
3224.99
-2823.29
3117.82
-3655.43
2977.84
-4496.78
2887.11
-5324.36
2779.43
-6109.06
2647.68
-6842.82
2485.08
-7507.79
2295.72
-8091.12
2083.45
-8574.96
1855.17
-8930.51
1607.78
-9113.55
1313.39
-9033.18
901.801
-8551.96
261.811
-7513.09
-705.704
-5845.66
-1997.78
-3626.23
-3348.95
-1311.33
-4102.07
-3073.75
-2263.97
5157.63
-4358.19
5307.61
-6529.97
5281.61
-8805.68
5245.46
-11092.8
5168.63
-13357.3
5037.69
-15557.6
4843.64
-17653.8
4576.07
-19581.6
4219.87
-21259.7
3756.66
-22571.9
3164.59
-23380
2411
-23516.3
1447.65
-22829
209.658
-21171.3
-1397.95
-18375
-3506.95
-14278.9
-6092.88
-8930.79
-8698.2
-3185.44
-9849.71
-6259.61
-6740.19
11909.9
-11995.3
10576.3
-16950
10242.7
-21444.2
9751.75
-25601
9328.73
-29394.1
8841.86
-32867.4
8317.77
-36017.7
7735.49
-38875.9
7076.41
-41410.6
6297.88
-43566.4
5316.4
-45155.2
4003.58
-45942.9
2228.67
-45610.2
-122.154
-43730.3
-3285.64
-39613.8
-7625.09
-32548.8
-13167.4
-22039.1
-19216.3
-9131.3
-22771.9
-15391.3
-4717.62
16616.3
-12566.3
18425.8
-20933.8
18598.3
-29739.9
18558.5
-38750
18325.7
-47832.7
17923.6
-56863.2
17334.5
-65634.8
16504
-73978.4
15405.5
-81525.9
13839.9
-87732.1
11508.9
-91917
8180.39
-93383.2
3681.25
-91717.2
-1798.25
-86454.4
-8561.46
-77154.5
-16935.7
-63260.9
-27069.5
-44036.3
-38450.2
-19760.6
-47062.4
-35152.2
-33403.1
50032
-61696.5
46738.9
-87849.9
44753.4
-110736
41459
-130415
38001
-146585
34105.4
-158677
29419.9
-166999
24832.3
-171832
20229.8
-172305
14314.9
-168130
7323.35
-159715
-237.477
-147614
-8431.93
-132221
-17197.6
-114079
-26716.6
-93939.8
-37085.6
-72390
-48627.8
-49156
-61692.8
-22479.1
-73751.4
-57631.1
-82732.4
-131685
-165912
-189411
-205017
-214694
-220848
-222853
-220505
-213616
-202543
-188130
-171490
-153023
-133126
-112201
-90616.9
-68237.6
-42403.2
)
;

boundaryField
{
    outletWall
    {
        type            calculated;
        value           nonuniform List<scalar> 
60
(
1.85378e+07
-4.22328e+07
1.56489e+07
9.5498e+06
5.18897e+06
4.07471e+06
3.25751e+06
2.62487e+06
2.0336e+06
1.51922e+06
1.22256e+06
1.07473e+06
1.00739e+06
1.01191e+06
627164
427905
386221
456947
224343
506304
99065.9
-85110.8
-3929.45
-33714.5
-17664.4
-20552.2
-15283.3
-14460.4
-11257
-9565.57
-9682.33
-7804.57
-7069.65
-5992.92
-8501.01
-2590.71
-16392.3
11652.6
-47837
81008.7
-2.9474e+06
-3.79957e+06
-3.60258e+06
-3.32058e+06
-2.87448e+06
-2.42504e+06
-1.97254e+06
-1.56304e+06
-1.20428e+06
-908200
-673440
-496572
-368865
-283956
-219452
-245001
-147962
-304816
-239839
619162
)
;
    }
    fineWalls
    {
        type            calculated;
        value           uniform 0;
    }
    fineFrontAndBack
    {
        type            calculated;
        value           nonuniform List<scalar> 
960
(
-1.72795e-12
7.70826e-11
-2.8376e-11
-4.81337e-11
-2.73996e-10
-8.22304e-11
-6.11564e-12
-3.3875e-10
2.26062e-09
6.37837e-10
9.55097e-10
-7.38176e-09
-2.27398e-09
-1.4732e-09
-1.8744e-08
-3.67453e-09
-2.57919e-09
-1.11729e-08
-1.38577e-09
-1.49429e-09
5.06215e-11
-5.6398e-11
-1.47635e-10
-1.54898e-10
-1.15516e-10
-5.57446e-11
5.72921e-11
4.3331e-12
1.64346e-11
2.09912e-11
2.03341e-11
2.19856e-11
2.90025e-11
3.43364e-11
3.89289e-11
4.34099e-11
5.06787e-11
6.93975e-11
9.81359e-11
2.90157e-10
-1.26421e-09
-6.26607e-10
-3.51961e-10
-5.29715e-10
-1.66876e-08
-2.95958e-09
-2.19784e-09
-1.07557e-09
-2.42136e-08
-1.38293e-09
4.11633e-09
2.75553e-08
3.17781e-09
2.34651e-09
1.63002e-09
8.11423e-09
2.28869e-10
-1.12267e-10
2.80236e-10
-1.11873e-08
-5.8196e-10
-4.42043e-10
-3.09509e-10
-2.09246e-10
-1.43019e-10
-1.00755e-10
-7.71157e-11
-6.28731e-11
-5.49717e-11
-6.63828e-11
-9.16684e-11
-1.11637e-10
-1.12865e-10
1.0628e-09
-1.09007e-10
-8.52927e-11
-1.18446e-10
-1.16524e-10
-4.22414e-10
-3.65078e-10
1.32111e-09
1.47475e-09
5.29968e-09
4.61793e-10
9.02837e-10
-1.7159e-08
-5.58616e-09
-4.22987e-09
-3.4519e-08
-5.83717e-09
-2.47591e-09
-2.96662e-08
-9.20999e-09
-8.26802e-09
-4.86935e-09
-8.22771e-08
-3.26314e-08
-3.92419e-08
1.30132e-07
2.65617e-07
-1.03543e-08
-1.08955e-09
2.40294e-09
5.89551e-09
9.92122e-09
1.26052e-08
1.22151e-08
8.35557e-09
9.40473e-10
-6.31324e-09
-1.04877e-08
-1.34009e-08
-1.77928e-08
-2.47788e-08
-3.48474e-08
-4.81893e-08
-6.34102e-08
-7.3408e-08
-5.05953e-08
3.25016e-09
-2.45975e-10
1.66644e-09
3.44918e-09
3.92636e-09
1.50475e-09
-4.99726e-10
8.94194e-10
1.27774e-09
-2.75638e-09
-6.32028e-09
-8.88167e-09
-1.14954e-08
-1.42445e-08
-1.56033e-08
-1.42631e-08
-1.38915e-08
-2.99217e-08
-7.2949e-08
-3.60665e-11
1.58041e-10
9.36982e-10
1.65009e-09
1.47947e-09
5.00221e-10
2.44897e-10
-1.65396e-10
2.48616e-10
-9.56416e-10
-3.3403e-09
-5.42363e-09
-6.79746e-09
-7.35129e-09
-6.30557e-09
-3.17532e-09
-7.22187e-10
-1.24702e-09
1.41048e-08
7.24266e-10
4.99562e-10
6.37068e-10
5.84948e-10
4.00749e-10
2.21583e-10
2.43804e-10
1.49351e-10
-2.04483e-10
-4.8889e-10
-1.60434e-09
-3.24533e-09
-4.33498e-09
-4.32666e-09
-3.09264e-09
-1.72396e-09
-9.62849e-10
-1.94427e-10
8.22954e-10
5.40757e-10
6.96197e-10
5.67846e-10
1.45362e-10
1.54619e-11
8.05943e-11
2.38252e-10
1.51736e-10
-1.48562e-10
-3.75073e-10
-7.77263e-10
-1.69114e-09
-2.51614e-09
-2.5227e-09
-1.69541e-09
-8.00375e-10
-2.22077e-10
1.45432e-10
1.22849e-09
5.4502e-10
7.22884e-10
5.68909e-10
1.2133e-10
1.44984e-10
2.1558e-10
3.07494e-10
1.94717e-10
-5.22289e-11
-2.54562e-10
-4.38046e-10
-8.03654e-10
-1.2092e-09
-1.20375e-09
-7.61608e-10
-1.47444e-10
4.05417e-10
5.50267e-10
1.87798e-12
4.80773e-10
7.07025e-10
5.84826e-10
2.51509e-10
2.71637e-10
2.98289e-10
3.50453e-10
2.44173e-10
3.10197e-11
-1.41558e-10
-2.47043e-10
-3.84204e-10
-5.09779e-10
-4.31226e-10
-2.44004e-10
9.24705e-10
1.2832e-09
6.85697e-10
3.18368e-10
4.08361e-10
6.90512e-10
5.85168e-10
3.67261e-10
3.64032e-10
3.2344e-10
3.8424e-10
2.90004e-10
1.23888e-10
-3.86887e-11
-1.20814e-10
-1.17362e-10
-1.06904e-10
-5.05659e-10
1.39522e-09
3.28508e-09
2.00436e-09
5.07333e-10
2.0688e-10
3.03602e-10
6.31138e-10
5.98399e-10
4.9668e-10
4.15752e-10
2.82543e-10
4.06688e-10
3.26823e-10
1.90515e-10
3.78205e-11
6.79254e-11
-4.9708e-10
-1.55573e-10
-1.01205e-09
6.92545e-09
5.77186e-09
1.64852e-09
1.1904e-10
-1.828e-11
1.01223e-10
1.03567e-10
1.3973e-10
2.49786e-10
1.73089e-10
1.21726e-10
-4.02999e-11
2.7152e-10
1.29734e-10
8.48861e-11
-7.31018e-10
5.26563e-09
5.75934e-09
5.62456e-10
1.17616e-08
4.57618e-09
3.1499e-10
-6.89265e-11
3.45101e-10
1.90591e-11
-7.37436e-11
-4.17608e-11
-3.04682e-11
-6.53004e-11
7.08757e-11
-3.95002e-10
-4.04595e-10
-2.10528e-10
4.06638e-12
-4.67869e-10
8.41701e-10
5.6715e-10
3.92285e-10
-1.44626e-09
-1.02882e-09
-1.51635e-10
2.87589e-11
1.08293e-09
6.52359e-12
-3.9989e-11
-2.68331e-11
-2.85452e-11
-1.97385e-11
-2.48979e-11
-7.60781e-11
-1.70684e-10
-1.24146e-10
-2.51013e-11
-5.52242e-11
-4.7065e-11
-5.13757e-11
-6.50422e-11
1.41443e-10
1.87729e-10
9.52885e-11
-1.50221e-11
4.88836e-10
6.04625e-12
-5.30696e-11
-3.66826e-11
-3.47383e-11
-2.69543e-11
-4.44114e-12
-1.32871e-12
-8.78999e-12
-1.20348e-11
-5.55478e-12
-1.42978e-12
1.15683e-12
2.22408e-12
5.78827e-12
-1.19391e-11
-2.3413e-11
-9.49431e-12
-2.61656e-11
1.02254e-10
1.03597e-11
-5.8696e-11
-4.19337e-11
-3.39218e-11
-2.45515e-11
-5.78537e-12
7.56465e-13
2.22901e-12
1.77868e-12
1.06931e-12
4.89917e-13
1.44332e-13
-9.33535e-14
-9.06889e-13
-8.33771e-14
-7.00746e-13
-2.33053e-12
-1.21648e-11
2.38071e-11
1.09074e-11
-6.74778e-11
-4.81796e-11
-2.53186e-11
-2.29478e-11
-4.6628e-12
-6.66542e-14
1.68648e-14
-2.14915e-13
-1.93155e-13
-1.10275e-13
1.64041e-14
1.39515e-13
-9.14387e-14
-8.42358e-13
-1.61333e-12
-2.06754e-12
-1.62e-12
-4.64733e-11
2.82457e-11
-6.07264e-11
-5.43391e-11
-7.7889e-12
-1.20807e-11
-2.66231e-12
-1.29826e-13
2.04834e-13
1.16991e-13
4.72031e-14
4.38314e-15
-8.53022e-15
5.05984e-14
7.11162e-14
8.12019e-14
4.09837e-13
2.63112e-13
6.52829e-13
5.56027e-11
1.50917e-11
-9.58338e-11
-6.08755e-11
7.95742e-12
-1.64926e-12
-1.60958e-12
-4.19535e-13
-4.2728e-15
1.97082e-14
7.30418e-16
8.46726e-16
-1.21251e-14
-1.7298e-14
5.07092e-14
1.46903e-13
2.56511e-13
2.76367e-13
6.18242e-13
-6.59185e-12
9.0835e-11
2.62114e-11
-7.07045e-11
1.34515e-11
-1.09427e-12
-1.486e-12
-2.75654e-13
2.18548e-14
1.77635e-14
2.14381e-15
1.15487e-15
1.22801e-16
-8.21718e-15
-2.09638e-15
1.76221e-15
-3.98687e-14
1.19255e-14
-9.91119e-14
-2.4686e-11
-2.22672e-10
1.65569e-11
-7.49128e-11
9.97735e-12
-9.81108e-13
-5.44295e-13
-2.70133e-14
1.6335e-14
2.12581e-15
-4.97578e-16
-4.00793e-16
1.80354e-15
1.30989e-15
-9.17046e-15
-1.9233e-14
-2.71161e-14
-2.62409e-14
-6.13433e-14
-5.59998e-12
1.21656e-09
4.42226e-11
-5.88491e-11
1.45769e-12
1.65884e-13
1.47722e-13
1.41912e-14
-4.10996e-15
-8.42299e-16
7.40907e-17
-3.83625e-17
-1.90714e-16
4.19365e-16
1.07414e-15
2.27569e-15
5.6947e-15
4.81069e-16
1.56237e-14
1.2437e-11
1.72795e-12
-7.70826e-11
2.8376e-11
4.81337e-11
2.73996e-10
8.22304e-11
6.11564e-12
3.3875e-10
-2.26062e-09
-6.37837e-10
-9.55097e-10
7.38176e-09
2.27398e-09
1.4732e-09
1.8744e-08
3.67453e-09
2.57919e-09
1.11729e-08
1.38577e-09
1.49429e-09
-5.06215e-11
5.6398e-11
1.47635e-10
1.54898e-10
1.15516e-10
5.57446e-11
-5.72921e-11
-4.3331e-12
-1.64346e-11
-2.09912e-11
-2.03341e-11
-2.19856e-11
-2.90025e-11
-3.43364e-11
-3.89289e-11
-4.34099e-11
-5.06787e-11
-6.93975e-11
-9.81359e-11
-2.90157e-10
1.26421e-09
6.26607e-10
3.51961e-10
5.29715e-10
1.66876e-08
2.95958e-09
2.19784e-09
1.07557e-09
2.42136e-08
1.38293e-09
-4.11633e-09
-2.75553e-08
-3.17781e-09
-2.34651e-09
-1.63002e-09
-8.11423e-09
-2.28869e-10
1.12267e-10
-2.80236e-10
1.11873e-08
5.8196e-10
4.42043e-10
3.09509e-10
2.09246e-10
1.43019e-10
1.00755e-10
7.71157e-11
6.28731e-11
5.49717e-11
6.63828e-11
9.16684e-11
1.11637e-10
1.12865e-10
-1.0628e-09
1.09007e-10
8.52927e-11
1.18446e-10
1.16524e-10
4.22414e-10
3.65078e-10
-1.32111e-09
-1.47475e-09
-5.29968e-09
-4.61793e-10
-9.02837e-10
1.7159e-08
5.58616e-09
4.22987e-09
3.4519e-08
5.83717e-09
2.47591e-09
2.96662e-08
9.20999e-09
8.26802e-09
4.86935e-09
8.22771e-08
3.26314e-08
3.92419e-08
-1.30132e-07
-2.65617e-07
1.03543e-08
1.08955e-09
-2.40294e-09
-5.89551e-09
-9.92122e-09
-1.26052e-08
-1.22151e-08
-8.35557e-09
-9.40473e-10
6.31324e-09
1.04877e-08
1.34009e-08
1.77928e-08
2.47788e-08
3.48474e-08
4.81893e-08
6.34102e-08
7.3408e-08
5.05953e-08
-3.25016e-09
2.45975e-10
-1.66644e-09
-3.44918e-09
-3.92636e-09
-1.50475e-09
4.99726e-10
-8.94194e-10
-1.27774e-09
2.75638e-09
6.32028e-09
8.88167e-09
1.14954e-08
1.42445e-08
1.56033e-08
1.42631e-08
1.38915e-08
2.99217e-08
7.2949e-08
3.60665e-11
-1.58041e-10
-9.36982e-10
-1.65009e-09
-1.47947e-09
-5.00221e-10
-2.44897e-10
1.65396e-10
-2.48616e-10
9.56416e-10
3.3403e-09
5.42363e-09
6.79746e-09
7.35129e-09
6.30557e-09
3.17532e-09
7.22187e-10
1.24702e-09
-1.41048e-08
-7.24266e-10
-4.99562e-10
-6.37068e-10
-5.84948e-10
-4.00749e-10
-2.21583e-10
-2.43804e-10
-1.49351e-10
2.04483e-10
4.8889e-10
1.60434e-09
3.24533e-09
4.33498e-09
4.32666e-09
3.09264e-09
1.72396e-09
9.62849e-10
1.94427e-10
-8.22954e-10
-5.40757e-10
-6.96197e-10
-5.67846e-10
-1.45362e-10
-1.54619e-11
-8.05943e-11
-2.38252e-10
-1.51736e-10
1.48562e-10
3.75073e-10
7.77263e-10
1.69114e-09
2.51614e-09
2.5227e-09
1.69541e-09
8.00375e-10
2.22077e-10
-1.45432e-10
-1.22849e-09
-5.4502e-10
-7.22884e-10
-5.68909e-10
-1.2133e-10
-1.44984e-10
-2.1558e-10
-3.07494e-10
-1.94717e-10
5.22289e-11
2.54562e-10
4.38046e-10
8.03654e-10
1.2092e-09
1.20375e-09
7.61608e-10
1.47444e-10
-4.05417e-10
-5.50267e-10
-1.87798e-12
-4.80773e-10
-7.07025e-10
-5.84826e-10
-2.51509e-10
-2.71637e-10
-2.98289e-10
-3.50453e-10
-2.44173e-10
-3.10197e-11
1.41558e-10
2.47043e-10
3.84204e-10
5.09779e-10
4.31226e-10
2.44004e-10
-9.24705e-10
-1.2832e-09
-6.85697e-10
-3.18368e-10
-4.08361e-10
-6.90512e-10
-5.85168e-10
-3.67261e-10
-3.64032e-10
-3.2344e-10
-3.8424e-10
-2.90004e-10
-1.23888e-10
3.86887e-11
1.20814e-10
1.17362e-10
1.06904e-10
5.05659e-10
-1.39522e-09
-3.28508e-09
-2.00436e-09
-5.07333e-10
-2.0688e-10
-3.03602e-10
-6.31138e-10
-5.98399e-10
-4.9668e-10
-4.15752e-10
-2.82543e-10
-4.06688e-10
-3.26823e-10
-1.90515e-10
-3.78205e-11
-6.79254e-11
4.9708e-10
1.55573e-10
1.01205e-09
-6.92545e-09
-5.77186e-09
-1.64852e-09
-1.1904e-10
1.828e-11
-1.01223e-10
-1.03567e-10
-1.3973e-10
-2.49786e-10
-1.73089e-10
-1.21726e-10
4.02999e-11
-2.7152e-10
-1.29734e-10
-8.48861e-11
7.31018e-10
-5.26563e-09
-5.75934e-09
-5.62456e-10
-1.17616e-08
-4.57618e-09
-3.1499e-10
6.89265e-11
-3.45101e-10
-1.90591e-11
7.37436e-11
4.17608e-11
3.04682e-11
6.53004e-11
-7.08757e-11
3.95002e-10
4.04595e-10
2.10528e-10
-4.06638e-12
4.67869e-10
-8.41701e-10
-5.6715e-10
-3.92285e-10
1.44626e-09
1.02882e-09
1.51635e-10
-2.87589e-11
-1.08293e-09
-6.52359e-12
3.9989e-11
2.68331e-11
2.85452e-11
1.97385e-11
2.48979e-11
7.60781e-11
1.70684e-10
1.24146e-10
2.51013e-11
5.52242e-11
4.7065e-11
5.13757e-11
6.50422e-11
-1.41443e-10
-1.87729e-10
-9.52885e-11
1.50221e-11
-4.88836e-10
-6.04625e-12
5.30696e-11
3.66826e-11
3.47383e-11
2.69543e-11
4.44114e-12
1.32871e-12
8.78999e-12
1.20348e-11
5.55478e-12
1.42978e-12
-1.15683e-12
-2.22408e-12
-5.78827e-12
1.19391e-11
2.3413e-11
9.49431e-12
2.61656e-11
-1.02254e-10
-1.03597e-11
5.8696e-11
4.19337e-11
3.39218e-11
2.45515e-11
5.78537e-12
-7.56465e-13
-2.22901e-12
-1.77868e-12
-1.06931e-12
-4.89917e-13
-1.44332e-13
9.33535e-14
9.06889e-13
8.33771e-14
7.00746e-13
2.33053e-12
1.21648e-11
-2.38071e-11
-1.09074e-11
6.74778e-11
4.81796e-11
2.53186e-11
2.29478e-11
4.6628e-12
6.66542e-14
-1.68648e-14
2.14915e-13
1.93155e-13
1.10275e-13
-1.64041e-14
-1.39515e-13
9.14387e-14
8.42358e-13
1.61333e-12
2.06754e-12
1.62e-12
4.64733e-11
-2.82457e-11
6.07264e-11
5.43391e-11
7.7889e-12
1.20807e-11
2.66231e-12
1.29826e-13
-2.04834e-13
-1.16991e-13
-4.72031e-14
-4.38314e-15
8.53022e-15
-5.05984e-14
-7.11162e-14
-8.12019e-14
-4.09837e-13
-2.63112e-13
-6.52829e-13
-5.56027e-11
-1.50917e-11
9.58338e-11
6.08755e-11
-7.95742e-12
1.64926e-12
1.60958e-12
4.19535e-13
4.2728e-15
-1.97082e-14
-7.30418e-16
-8.46726e-16
1.21251e-14
1.7298e-14
-5.07092e-14
-1.46903e-13
-2.56511e-13
-2.76367e-13
-6.18242e-13
6.59185e-12
-9.0835e-11
-2.62114e-11
7.07045e-11
-1.34515e-11
1.09427e-12
1.486e-12
2.75654e-13
-2.18548e-14
-1.77635e-14
-2.14381e-15
-1.15487e-15
-1.22801e-16
8.21718e-15
2.09638e-15
-1.76221e-15
3.98687e-14
-1.19255e-14
9.91119e-14
2.4686e-11
2.22672e-10
-1.65569e-11
7.49128e-11
-9.97735e-12
9.81108e-13
5.44295e-13
2.70133e-14
-1.6335e-14
-2.12581e-15
4.97578e-16
4.00793e-16
-1.80354e-15
-1.30989e-15
9.17046e-15
1.9233e-14
2.71161e-14
2.62409e-14
6.13433e-14
5.59998e-12
-1.21656e-09
-4.42226e-11
5.88491e-11
-1.45769e-12
-1.65884e-13
-1.47722e-13
-1.41912e-14
4.10996e-15
8.42299e-16
-7.40907e-17
3.83625e-17
1.90714e-16
-4.19365e-16
-1.07414e-15
-2.27569e-15
-5.6947e-15
-4.81069e-16
-1.56237e-14
-1.2437e-11
)
;
    }
    fineplugLeft
    {
        type            cyclicAMI;
        value           nonuniform List<scalar> 
20
(
-49797.2
-37038.7
-30112.4
-23466.7
-18272.9
-13473.9
-9153.34
-5090.71
-1389.95
1806.66
4491.37
6499.66
7169.67
9492.86
16223.1
18493.5
21470.2
24434.5
28281.4
29504.4
)
;
    }
    fineplugRight
    {
        type            cyclicAMI;
        value           nonuniform List<scalar> 
20
(
100035
99577.3
84065.5
70198.6
58024
46614.1
35676.3
25076
14658.5
3756.1
-7422.51
-17874.2
-26839.3
-35568.7
-43790.9
-53604.6
-64974
-78984.8
-95715.3
-132780
)
;
    }
    inletOutletLeft
    {
        type            cyclicAMI;
        value           nonuniform List<scalar> 
20
(
49797.2
37038.7
30112.4
23466.7
18272.9
13473.9
9153.34
5090.71
1389.95
-1806.66
-4491.37
-6499.66
-7169.67
-9492.86
-16223.1
-18493.5
-21470.2
-24434.5
-28281.4
-29504.4
)
;
    }
    inletLeft
    {
        type            calculated;
        value           uniform -975;
    }
    inletWallsLeft
    {
        type            calculated;
        value           uniform 0;
    }
    inletFacesLeft
    {
        type            calculated;
        value           nonuniform List<scalar> 
800
(
-4.21337e-10
-2.30336e-10
-4.06809e-11
4.47694e-11
7.18592e-11
7.16724e-11
5.66584e-11
3.95619e-11
2.38181e-11
1.2035e-11
3.36489e-12
-9.07871e-12
-3.81561e-11
-7.35674e-11
-1.14387e-10
-1.62281e-10
-2.20875e-10
-3.02977e-10
-4.63512e-10
-9.03843e-10
-2.97785e-09
-3.26305e-09
-1.04438e-09
-5.4329e-10
-6.40616e-10
-7.88105e-10
-8.93137e-10
-9.50766e-10
-8.64512e-10
-8.59852e-10
-8.71682e-10
-8.64539e-10
-8.63307e-10
-7.6266e-10
-7.48568e-10
-7.88067e-10
-8.34818e-10
-9.07499e-10
-1.11778e-09
-1.52654e-09
-3.37204e-09
-4.4868e-09
-2.90542e-09
-3.08147e-09
-3.48272e-09
-2.94024e-09
-1.8637e-09
-1.15845e-09
-8.03862e-10
-6.11794e-10
-5.3543e-10
-5.35524e-10
-5.68793e-10
-6.19115e-10
-6.92394e-10
-8.20101e-10
-9.2485e-10
-1.11459e-09
-1.46315e-09
-1.98232e-09
-2.45483e-09
-3.09443e-09
-1.97449e-09
-1.34198e-09
-4.19736e-10
-1.61834e-09
-2.61248e-09
-2.92051e-09
-2.94983e-09
-2.7911e-09
-2.54326e-09
-2.60302e-09
-2.58373e-09
-2.44876e-09
-2.37853e-09
-2.47211e-09
-2.4215e-09
-2.39201e-09
-2.54674e-09
-2.46647e-09
-1.10295e-09
-8.26125e-10
-2.20661e-10
-7.27903e-12
-1.26454e-11
4.22042e-11
1.40202e-10
2.06321e-10
2.27321e-10
2.23225e-10
2.22291e-10
2.25852e-10
2.29214e-10
2.3453e-10
2.48288e-10
2.78485e-10
2.95378e-10
3.41591e-10
4.28849e-10
5.63903e-10
-2.05817e-10
-6.28211e-11
-5.3807e-12
9.64178e-13
3.87044e-12
-5.34734e-13
-1.24092e-11
-2.14111e-11
-2.40369e-11
-2.36158e-11
-2.34152e-11
-2.35502e-11
-2.41688e-11
-2.53841e-11
-2.75241e-11
-3.1112e-11
-3.46265e-11
-4.28497e-11
-5.59518e-11
-9.04368e-11
2.14384e-12
1.24858e-12
-1.22643e-13
-2.81893e-13
-7.32463e-13
3.37507e-13
2.3206e-12
3.36027e-12
3.4152e-12
3.2526e-12
3.19714e-12
3.20115e-12
3.27683e-12
3.41918e-12
3.66662e-12
4.08302e-12
4.61732e-12
5.73022e-12
7.28149e-12
1.30067e-11
-1.16588e-13
-3.45291e-15
6.10975e-14
5.61782e-14
1.2483e-13
-1.47478e-13
-4.6216e-13
-5.45643e-13
-5.10205e-13
-4.84011e-13
-4.77932e-13
-4.78267e-13
-4.87957e-13
-5.01089e-13
-5.28461e-13
-5.82844e-13
-6.54744e-13
-7.90417e-13
-9.52675e-13
-1.69691e-12
4.44316e-15
-5.97249e-15
-1.11049e-14
-9.00602e-15
-1.86917e-14
4.14167e-14
8.32217e-14
8.33455e-14
7.51807e-14
7.29848e-14
7.22902e-14
7.23343e-14
7.33076e-14
7.37343e-14
7.6952e-14
8.46348e-14
9.29314e-14
1.07777e-13
1.23442e-13
2.05261e-13
-2.88006e-16
1.11927e-15
1.61008e-15
1.25804e-15
2.49799e-15
-8.3345e-15
-1.29448e-14
-1.17731e-14
-1.06918e-14
-1.06663e-14
-1.05376e-14
-1.05575e-14
-1.05967e-14
-1.04635e-14
-1.09243e-14
-1.19822e-14
-1.28134e-14
-1.42148e-14
-1.56763e-14
-2.394e-14
2.70594e-17
-1.64135e-16
-2.06847e-16
-1.6192e-16
-3.08037e-16
1.37238e-15
1.79146e-15
1.56225e-15
1.46013e-15
1.48238e-15
1.45647e-15
1.45991e-15
1.44934e-15
1.4167e-15
1.49108e-15
1.62374e-15
1.69784e-15
1.79578e-15
1.94682e-15
2.70524e-15
-2.41595e-18
2.16777e-17
2.51341e-17
2.00918e-17
3.63522e-17
-1.99994e-16
-2.2946e-16
-1.99937e-16
-1.93532e-16
-1.97257e-16
-1.92896e-16
-1.9255e-16
-1.89689e-16
-1.8511e-16
-1.96719e-16
-2.11445e-16
-2.17e-16
-2.18762e-16
-2.3785e-16
-3.00577e-16
2.15367e-19
-2.7312e-18
-2.9954e-18
-2.46167e-18
-4.19745e-18
2.70387e-17
2.80311e-17
2.5092e-17
2.50634e-17
2.53949e-17
2.47676e-17
2.44852e-17
2.41081e-17
2.36139e-17
2.52438e-17
2.67093e-17
2.69315e-17
2.61721e-17
2.89205e-17
3.32971e-17
-2.05051e-20
3.37755e-19
3.54876e-19
3.00387e-19
4.79656e-19
-3.49785e-18
-3.34163e-18
-3.11175e-18
-3.18107e-18
-3.19115e-18
-3.10986e-18
-3.03579e-18
-3.01039e-18
-2.96513e-18
-3.16758e-18
-3.30286e-18
-3.27521e-18
-3.12034e-18
-3.51553e-18
-3.69587e-18
2.07969e-21
-4.13914e-20
-4.1905e-20
-3.65537e-20
-5.46365e-20
4.40992e-19
3.95139e-19
3.81688e-19
3.95705e-19
3.93181e-19
3.83315e-19
3.70019e-19
3.70982e-19
3.67577e-19
3.89439e-19
4.01965e-19
3.933e-19
3.72583e-19
4.26008e-19
4.11973e-19
-2.19438e-22
5.02949e-21
4.92822e-21
4.42912e-21
6.22682e-21
-5.47415e-20
-4.67637e-20
-4.62066e-20
-4.8272e-20
-4.76085e-20
-4.6501e-20
-4.46e-20
-4.51603e-20
-4.50048e-20
-4.69638e-20
-4.8176e-20
-4.67819e-20
-4.44269e-20
-5.11706e-20
-4.61045e-20
2.28774e-23
-6.00504e-22
-5.73134e-22
-5.31096e-22
-7.09036e-22
6.72221e-21
5.55527e-21
5.51276e-21
5.79179e-21
5.67713e-21
5.56952e-21
5.33153e-21
5.42791e-21
5.4369e-21
5.5641e-21
5.68534e-21
5.51383e-21
5.25736e-21
6.05807e-21
5.16781e-21
-1.88434e-24
6.6711e-23
6.26962e-23
6.05237e-23
7.80881e-23
-8.09079e-22
-6.54638e-22
-6.42042e-22
-6.79815e-22
-6.61322e-22
-6.54446e-22
-6.24743e-22
-6.37133e-22
-6.4024e-22
-6.42874e-22
-6.5434e-22
-6.35526e-22
-6.05856e-22
-6.92942e-22
-5.7144e-22
-8.39011e-26
-5.11405e-24
-4.86849e-24
-5.2802e-24
-6.92704e-24
8.93612e-23
7.1283e-23
6.83879e-23
7.32879e-23
7.03484e-23
7.07591e-23
6.63397e-23
6.78668e-23
6.8226e-23
6.75222e-23
6.82217e-23
6.59791e-23
6.20293e-23
6.85605e-23
5.72281e-23
9.40887e-26
-3.91595e-25
-3.28314e-25
-1.43357e-25
-5.84771e-26
-5.6728e-24
-4.29698e-24
-4.01426e-24
-4.41301e-24
-4.05181e-24
-4.24141e-24
-3.55465e-24
-3.70748e-24
-3.73202e-24
-3.6595e-24
-3.60815e-24
-3.37889e-24
-2.90378e-24
-2.28517e-24
-2.81909e-24
4.21337e-10
2.30336e-10
4.06809e-11
-4.47694e-11
-7.18592e-11
-7.16724e-11
-5.66584e-11
-3.95619e-11
-2.38181e-11
-1.2035e-11
-3.36489e-12
9.07871e-12
3.81561e-11
7.35674e-11
1.14387e-10
1.62281e-10
2.20875e-10
3.02977e-10
4.63512e-10
9.03843e-10
2.97785e-09
3.26305e-09
1.04438e-09
5.4329e-10
6.40616e-10
7.88105e-10
8.93137e-10
9.50766e-10
8.64512e-10
8.59852e-10
8.71682e-10
8.64539e-10
8.63307e-10
7.6266e-10
7.48568e-10
7.88067e-10
8.34818e-10
9.07499e-10
1.11778e-09
1.52654e-09
3.37204e-09
4.4868e-09
2.90542e-09
3.08147e-09
3.48272e-09
2.94024e-09
1.8637e-09
1.15845e-09
8.03862e-10
6.11794e-10
5.3543e-10
5.35524e-10
5.68793e-10
6.19115e-10
6.92394e-10
8.20101e-10
9.2485e-10
1.11459e-09
1.46315e-09
1.98232e-09
2.45483e-09
3.09443e-09
1.97449e-09
1.34198e-09
4.19736e-10
1.61834e-09
2.61248e-09
2.92051e-09
2.94983e-09
2.7911e-09
2.54326e-09
2.60302e-09
2.58373e-09
2.44876e-09
2.37853e-09
2.47211e-09
2.4215e-09
2.39201e-09
2.54674e-09
2.46647e-09
1.10295e-09
8.26125e-10
2.20661e-10
7.27903e-12
1.26454e-11
-4.22042e-11
-1.40202e-10
-2.06321e-10
-2.27321e-10
-2.23225e-10
-2.22291e-10
-2.25852e-10
-2.29214e-10
-2.3453e-10
-2.48288e-10
-2.78485e-10
-2.95378e-10
-3.41591e-10
-4.28849e-10
-5.63903e-10
2.05817e-10
6.28211e-11
5.3807e-12
-9.64178e-13
-3.87044e-12
5.34734e-13
1.24092e-11
2.14111e-11
2.40369e-11
2.36158e-11
2.34152e-11
2.35502e-11
2.41688e-11
2.53841e-11
2.75241e-11
3.1112e-11
3.46265e-11
4.28497e-11
5.59518e-11
9.04368e-11
-2.14384e-12
-1.24858e-12
1.22643e-13
2.81893e-13
7.32463e-13
-3.37507e-13
-2.3206e-12
-3.36027e-12
-3.4152e-12
-3.2526e-12
-3.19714e-12
-3.20115e-12
-3.27683e-12
-3.41918e-12
-3.66662e-12
-4.08302e-12
-4.61732e-12
-5.73022e-12
-7.28149e-12
-1.30067e-11
1.16588e-13
3.45291e-15
-6.10975e-14
-5.61782e-14
-1.2483e-13
1.47478e-13
4.6216e-13
5.45643e-13
5.10205e-13
4.84011e-13
4.77932e-13
4.78267e-13
4.87957e-13
5.01089e-13
5.28461e-13
5.82844e-13
6.54744e-13
7.90417e-13
9.52675e-13
1.69691e-12
-4.44316e-15
5.97249e-15
1.11049e-14
9.00602e-15
1.86917e-14
-4.14167e-14
-8.32217e-14
-8.33455e-14
-7.51807e-14
-7.29848e-14
-7.22902e-14
-7.23343e-14
-7.33076e-14
-7.37343e-14
-7.6952e-14
-8.46348e-14
-9.29314e-14
-1.07777e-13
-1.23442e-13
-2.05261e-13
2.88006e-16
-1.11927e-15
-1.61008e-15
-1.25804e-15
-2.49799e-15
8.3345e-15
1.29448e-14
1.17731e-14
1.06918e-14
1.06663e-14
1.05376e-14
1.05575e-14
1.05967e-14
1.04635e-14
1.09243e-14
1.19822e-14
1.28134e-14
1.42148e-14
1.56763e-14
2.394e-14
-2.70594e-17
1.64135e-16
2.06847e-16
1.6192e-16
3.08037e-16
-1.37238e-15
-1.79146e-15
-1.56225e-15
-1.46013e-15
-1.48238e-15
-1.45647e-15
-1.45991e-15
-1.44934e-15
-1.4167e-15
-1.49108e-15
-1.62374e-15
-1.69784e-15
-1.79578e-15
-1.94682e-15
-2.70524e-15
2.41595e-18
-2.16777e-17
-2.51341e-17
-2.00918e-17
-3.63522e-17
1.99994e-16
2.2946e-16
1.99937e-16
1.93532e-16
1.97257e-16
1.92896e-16
1.9255e-16
1.89689e-16
1.8511e-16
1.96719e-16
2.11445e-16
2.17e-16
2.18762e-16
2.3785e-16
3.00577e-16
-2.15367e-19
2.7312e-18
2.9954e-18
2.46167e-18
4.19745e-18
-2.70387e-17
-2.80311e-17
-2.5092e-17
-2.50634e-17
-2.53949e-17
-2.47676e-17
-2.44852e-17
-2.41081e-17
-2.36139e-17
-2.52438e-17
-2.67093e-17
-2.69315e-17
-2.61721e-17
-2.89205e-17
-3.32971e-17
2.05051e-20
-3.37755e-19
-3.54876e-19
-3.00387e-19
-4.79656e-19
3.49785e-18
3.34163e-18
3.11175e-18
3.18107e-18
3.19115e-18
3.10986e-18
3.03579e-18
3.01039e-18
2.96513e-18
3.16758e-18
3.30286e-18
3.27521e-18
3.12034e-18
3.51553e-18
3.69587e-18
-2.07969e-21
4.13914e-20
4.1905e-20
3.65537e-20
5.46365e-20
-4.40992e-19
-3.95139e-19
-3.81688e-19
-3.95705e-19
-3.93181e-19
-3.83315e-19
-3.70019e-19
-3.70982e-19
-3.67577e-19
-3.89439e-19
-4.01965e-19
-3.933e-19
-3.72583e-19
-4.26008e-19
-4.11973e-19
2.19438e-22
-5.02949e-21
-4.92822e-21
-4.42912e-21
-6.22682e-21
5.47415e-20
4.67637e-20
4.62066e-20
4.8272e-20
4.76085e-20
4.6501e-20
4.46e-20
4.51603e-20
4.50048e-20
4.69638e-20
4.8176e-20
4.67819e-20
4.44269e-20
5.11706e-20
4.61045e-20
-2.28774e-23
6.00504e-22
5.73134e-22
5.31096e-22
7.09036e-22
-6.72221e-21
-5.55527e-21
-5.51276e-21
-5.79179e-21
-5.67713e-21
-5.56952e-21
-5.33153e-21
-5.42791e-21
-5.4369e-21
-5.5641e-21
-5.68534e-21
-5.51383e-21
-5.25736e-21
-6.05807e-21
-5.16781e-21
1.88434e-24
-6.6711e-23
-6.26962e-23
-6.05237e-23
-7.80881e-23
8.09079e-22
6.54638e-22
6.42042e-22
6.79815e-22
6.61322e-22
6.54446e-22
6.24743e-22
6.37133e-22
6.4024e-22
6.42874e-22
6.5434e-22
6.35526e-22
6.05856e-22
6.92942e-22
5.7144e-22
8.39011e-26
5.11405e-24
4.86849e-24
5.2802e-24
6.92704e-24
-8.93612e-23
-7.1283e-23
-6.83879e-23
-7.32879e-23
-7.03484e-23
-7.07591e-23
-6.63397e-23
-6.78668e-23
-6.8226e-23
-6.75222e-23
-6.82217e-23
-6.59791e-23
-6.20293e-23
-6.85605e-23
-5.72281e-23
-9.40887e-26
3.91595e-25
3.28314e-25
1.43357e-25
5.84771e-26
5.6728e-24
4.29698e-24
4.01426e-24
4.41301e-24
4.05181e-24
4.24141e-24
3.55465e-24
3.70748e-24
3.73202e-24
3.6595e-24
3.60815e-24
3.37889e-24
2.90378e-24
2.28517e-24
2.81909e-24
)
;
    }
    inletOutletRight
    {
        type            cyclicAMI;
        value           nonuniform List<scalar> 
20
(
-100035
-99577.3
-84065.5
-70198.6
-58024
-46614.1
-35676.3
-25076
-14658.5
-3756.1
7422.51
17874.2
26839.3
35568.7
43790.9
53604.6
64974
78984.8
95715.3
132780
)
;
    }
    inletRight
    {
        type            calculated;
        value           uniform -975;
    }
    inletWallsRight
    {
        type            calculated;
        value           uniform 0;
    }
    inletFacesRight
    {
        type            calculated;
        value           nonuniform List<scalar> 
800
(
3.72783e-25
-2.05709e-24
-1.15509e-23
-3.37037e-23
-9.57775e-23
-2.66072e-22
-5.4379e-22
-5.00365e-22
1.2005e-21
6.86263e-21
1.87685e-20
3.70982e-20
5.79427e-20
7.37965e-20
7.87689e-20
7.69503e-20
8.37032e-20
1.05074e-19
1.07464e-19
4.49879e-20
-4.57848e-25
-2.51616e-23
-7.56804e-23
-1.59635e-22
-2.81836e-22
-4.62201e-22
-2.47272e-22
1.80643e-21
7.15608e-21
1.39922e-20
1.33532e-20
-1.01586e-20
-6.88977e-20
-1.59832e-19
-2.6998e-19
-4.2782e-19
-7.96518e-19
-1.61336e-18
-2.64044e-18
-2.20022e-18
1.59252e-23
1.17725e-22
4.79181e-23
-1.66312e-23
-2.50486e-22
-6.62078e-22
-1.25043e-22
3.29935e-21
1.11261e-20
1.81742e-20
3.98475e-21
-7.09297e-20
-2.46092e-19
-4.79877e-19
-5.77006e-19
-5.92488e-19
-1.53211e-18
-3.917e-18
-6.39583e-18
-6.95375e-18
-8.36826e-23
-1.2852e-21
-1.35515e-21
-9.98178e-22
1.50374e-21
6.0402e-21
6.91689e-21
7.4782e-21
1.16134e-20
1.77741e-20
1.34723e-20
-2.88922e-20
-1.45275e-19
-3.41605e-19
-5.27695e-19
-5.88215e-19
-6.43009e-19
-2.46094e-19
-2.98862e-18
-1.39592e-17
8.88959e-22
1.07556e-20
1.08844e-20
8.47792e-21
-1.05306e-20
-4.4944e-20
-4.88792e-20
-3.71309e-20
-2.27363e-20
-8.60156e-21
1.22384e-21
-2.15427e-21
-3.32907e-20
-1.1553e-19
-2.7594e-19
-5.17502e-19
-8.64981e-19
-1.41791e-18
-9.97648e-19
-2.90393e-17
-1.00677e-20
-9.72782e-20
-9.5609e-20
-6.19624e-20
1.4004e-19
4.54094e-19
4.68977e-19
3.65819e-19
2.6251e-19
1.78732e-19
1.14066e-19
5.56986e-20
1.10844e-20
1.1873e-19
7.19292e-19
2.16899e-18
4.56187e-18
7.28484e-18
3.07188e-18
-7.7632e-19
1.16033e-19
8.87239e-19
8.27946e-19
3.72211e-19
-1.72845e-18
-4.36852e-18
-4.10578e-18
-3.13406e-18
-2.2719e-18
-1.54707e-18
-9.22578e-19
-2.52238e-19
5.75418e-19
8.59353e-19
-1.47475e-18
-7.98959e-18
-1.27458e-17
2.77051e-17
2.88375e-16
7.84195e-16
-1.28533e-18
-7.99516e-18
-6.9889e-18
-1.02251e-18
2.01097e-17
4.06966e-17
3.45661e-17
2.60474e-17
1.91752e-17
1.33977e-17
8.17235e-18
1.98767e-18
-5.27706e-18
-3.72005e-18
1.85107e-17
4.88204e-18
-3.31327e-16
-1.68077e-15
-4.10992e-15
-4.71356e-16
1.27138e-17
6.91002e-17
5.55823e-17
-7.69502e-18
-1.89658e-16
-3.47287e-16
-2.92924e-16
-2.28776e-16
-1.7932e-16
-1.35827e-16
-9.51579e-17
-6.28234e-17
-7.67679e-17
-2.41358e-16
-4.73315e-16
5.51906e-16
5.98829e-15
1.28658e-14
-1.49143e-14
-1.20587e-13
-1.2347e-16
-5.7011e-16
-4.18995e-16
1.998e-16
1.72425e-15
2.9626e-15
2.49649e-15
2.02794e-15
1.68439e-15
1.37726e-15
1.06204e-15
7.63492e-16
5.50348e-16
1.19199e-16
-2.27024e-15
3.50616e-15
1.37696e-13
8.7746e-13
2.90862e-12
4.2598e-12
1.38099e-15
4.503e-15
2.65136e-15
-3.69642e-15
-1.60347e-14
-2.37777e-14
-1.9275e-14
-1.59834e-14
-1.35383e-14
-1.11847e-14
-8.70784e-15
-6.36033e-15
-4.8571e-15
-4.905e-15
-7.74718e-15
-2.14152e-14
1.18177e-13
2.29327e-12
8.9807e-12
8.30334e-12
-1.689e-14
-3.65698e-14
-9.79333e-15
5.74854e-14
1.53453e-13
1.84164e-13
1.37517e-13
1.18345e-13
1.00328e-13
7.92485e-14
5.63236e-14
3.66371e-14
2.85324e-14
3.36394e-14
4.97899e-14
7.93485e-14
2.03112e-13
4.16675e-13
-8.25873e-12
-4.21953e-11
1.99612e-13
2.74134e-13
-6.84706e-14
-7.10783e-13
-1.3241e-12
-1.26624e-12
-8.84814e-13
-7.95179e-13
-6.29147e-13
-4.32685e-13
-2.37775e-13
-1.11314e-13
-1.01639e-13
-1.66505e-13
-2.42265e-13
-3.68555e-13
-5.85939e-12
-5.0283e-11
-1.74225e-10
-2.40437e-10
-1.75411e-12
-1.67454e-12
1.4849e-12
6.0462e-12
8.84543e-12
7.48139e-12
5.2854e-12
4.54208e-12
3.27093e-12
1.89968e-12
6.29645e-13
-2.12186e-13
-5.08503e-13
-7.6259e-15
2.11459e-12
-6.01545e-12
-9.42153e-11
-3.72193e-10
-7.54316e-10
-7.26309e-10
1.29763e-11
1.0254e-11
-1.54599e-11
-4.52816e-11
-5.97738e-11
-5.02772e-11
-3.58572e-11
-3.07802e-11
-2.15729e-11
-1.09855e-11
1.72552e-13
1.00284e-11
1.74561e-11
1.5531e-11
-3.41118e-11
-2.30754e-10
-6.81937e-10
-1.33295e-09
-1.91339e-09
-1.66956e-09
-7.37687e-11
-8.88652e-11
7.70809e-11
2.89618e-10
4.6854e-10
4.82589e-10
3.48571e-10
3.33717e-10
2.6949e-10
1.77523e-10
4.18314e-11
-1.38741e-10
-3.63342e-10
-6.51088e-10
-1.05098e-09
-1.51847e-09
-2.07164e-09
-2.72038e-09
-3.36667e-09
-3.27477e-09
3.43321e-10
7.8367e-10
2.62999e-11
-1.1154e-09
-3.1661e-09
-4.71319e-09
-3.51685e-09
-3.82547e-09
-3.7611e-09
-3.80934e-09
-3.98222e-09
-4.07558e-09
-3.88188e-09
-3.69602e-09
-3.26746e-09
-3.0162e-09
-2.98635e-09
-3.14931e-09
-3.61009e-09
-3.58195e-09
-4.65062e-10
-4.69803e-09
-3.1674e-09
-3.33982e-09
-2.93001e-09
-1.82555e-09
-9.9291e-10
-1.01303e-09
-8.51362e-10
-7.05425e-10
-5.32611e-10
-3.51562e-10
-2.24548e-10
-2.29909e-10
-3.32663e-10
-4.01077e-10
-4.57933e-10
-5.05514e-10
-6.21155e-10
-5.99181e-10
-2.06347e-09
-4.30349e-09
-2.38003e-09
-1.9283e-09
-1.54039e-09
-1.20954e-09
-1.10329e-09
-1.09274e-09
-1.08354e-09
-1.09878e-09
-1.2125e-09
-1.20149e-09
-1.15937e-09
-1.13935e-09
-1.09296e-09
-1.00358e-09
-9.29879e-10
-8.20876e-10
-9.252e-10
-9.54022e-10
-1.34767e-09
-1.33405e-09
-6.22721e-10
-4.42808e-10
-3.2615e-10
-2.84948e-10
-2.51392e-10
-1.98183e-10
-1.39373e-10
-6.94859e-11
-5.54386e-12
3.85267e-11
5.65214e-11
7.46384e-11
9.0748e-11
1.00794e-10
1.05632e-10
9.68066e-11
8.01633e-11
3.32667e-11
-3.72783e-25
2.05709e-24
1.15509e-23
3.37037e-23
9.57775e-23
2.66072e-22
5.4379e-22
5.00365e-22
-1.2005e-21
-6.86263e-21
-1.87685e-20
-3.70982e-20
-5.79427e-20
-7.37965e-20
-7.87689e-20
-7.69503e-20
-8.37032e-20
-1.05074e-19
-1.07464e-19
-4.49879e-20
4.57848e-25
2.51616e-23
7.56804e-23
1.59635e-22
2.81836e-22
4.62201e-22
2.47272e-22
-1.80643e-21
-7.15608e-21
-1.39922e-20
-1.33532e-20
1.01586e-20
6.88977e-20
1.59832e-19
2.6998e-19
4.2782e-19
7.96518e-19
1.61336e-18
2.64044e-18
2.20022e-18
-1.59252e-23
-1.17725e-22
-4.79181e-23
1.66312e-23
2.50486e-22
6.62078e-22
1.25043e-22
-3.29935e-21
-1.11261e-20
-1.81742e-20
-3.98475e-21
7.09297e-20
2.46092e-19
4.79877e-19
5.77006e-19
5.92488e-19
1.53211e-18
3.917e-18
6.39583e-18
6.95375e-18
8.36826e-23
1.2852e-21
1.35515e-21
9.98178e-22
-1.50374e-21
-6.0402e-21
-6.91689e-21
-7.4782e-21
-1.16134e-20
-1.77741e-20
-1.34723e-20
2.88922e-20
1.45275e-19
3.41605e-19
5.27695e-19
5.88215e-19
6.43009e-19
2.46094e-19
2.98862e-18
1.39592e-17
-8.88959e-22
-1.07556e-20
-1.08844e-20
-8.47792e-21
1.05306e-20
4.4944e-20
4.88792e-20
3.71309e-20
2.27363e-20
8.60156e-21
-1.22384e-21
2.15427e-21
3.32907e-20
1.1553e-19
2.7594e-19
5.17502e-19
8.64981e-19
1.41791e-18
9.97648e-19
2.90393e-17
1.00677e-20
9.72782e-20
9.5609e-20
6.19624e-20
-1.4004e-19
-4.54094e-19
-4.68977e-19
-3.65819e-19
-2.6251e-19
-1.78732e-19
-1.14066e-19
-5.56986e-20
-1.10844e-20
-1.1873e-19
-7.19292e-19
-2.16899e-18
-4.56187e-18
-7.28484e-18
-3.07188e-18
7.7632e-19
-1.16033e-19
-8.87239e-19
-8.27946e-19
-3.72211e-19
1.72845e-18
4.36852e-18
4.10578e-18
3.13406e-18
2.2719e-18
1.54707e-18
9.22578e-19
2.52238e-19
-5.75418e-19
-8.59353e-19
1.47475e-18
7.98959e-18
1.27458e-17
-2.77051e-17
-2.88375e-16
-7.84195e-16
1.28533e-18
7.99516e-18
6.9889e-18
1.02251e-18
-2.01097e-17
-4.06966e-17
-3.45661e-17
-2.60474e-17
-1.91752e-17
-1.33977e-17
-8.17235e-18
-1.98767e-18
5.27706e-18
3.72005e-18
-1.85107e-17
-4.88204e-18
3.31327e-16
1.68077e-15
4.10992e-15
4.71356e-16
-1.27138e-17
-6.91002e-17
-5.55823e-17
7.69502e-18
1.89658e-16
3.47287e-16
2.92924e-16
2.28776e-16
1.7932e-16
1.35827e-16
9.51579e-17
6.28234e-17
7.67679e-17
2.41358e-16
4.73315e-16
-5.51906e-16
-5.98829e-15
-1.28658e-14
1.49143e-14
1.20587e-13
1.2347e-16
5.7011e-16
4.18995e-16
-1.998e-16
-1.72425e-15
-2.9626e-15
-2.49649e-15
-2.02794e-15
-1.68439e-15
-1.37726e-15
-1.06204e-15
-7.63492e-16
-5.50348e-16
-1.19199e-16
2.27024e-15
-3.50616e-15
-1.37696e-13
-8.7746e-13
-2.90862e-12
-4.2598e-12
-1.38099e-15
-4.503e-15
-2.65136e-15
3.69642e-15
1.60347e-14
2.37777e-14
1.9275e-14
1.59834e-14
1.35383e-14
1.11847e-14
8.70784e-15
6.36033e-15
4.8571e-15
4.905e-15
7.74718e-15
2.14152e-14
-1.18177e-13
-2.29327e-12
-8.9807e-12
-8.30334e-12
1.689e-14
3.65698e-14
9.79333e-15
-5.74854e-14
-1.53453e-13
-1.84164e-13
-1.37517e-13
-1.18345e-13
-1.00328e-13
-7.92485e-14
-5.63236e-14
-3.66371e-14
-2.85324e-14
-3.36394e-14
-4.97899e-14
-7.93485e-14
-2.03112e-13
-4.16675e-13
8.25873e-12
4.21953e-11
-1.99612e-13
-2.74134e-13
6.84706e-14
7.10783e-13
1.3241e-12
1.26624e-12
8.84814e-13
7.95179e-13
6.29147e-13
4.32685e-13
2.37775e-13
1.11314e-13
1.01639e-13
1.66505e-13
2.42265e-13
3.68555e-13
5.85939e-12
5.0283e-11
1.74225e-10
2.40437e-10
1.75411e-12
1.67454e-12
-1.4849e-12
-6.0462e-12
-8.84543e-12
-7.48139e-12
-5.2854e-12
-4.54208e-12
-3.27093e-12
-1.89968e-12
-6.29645e-13
2.12186e-13
5.08503e-13
7.6259e-15
-2.11459e-12
6.01545e-12
9.42153e-11
3.72193e-10
7.54316e-10
7.26309e-10
-1.29763e-11
-1.0254e-11
1.54599e-11
4.52816e-11
5.97738e-11
5.02772e-11
3.58572e-11
3.07802e-11
2.15729e-11
1.09855e-11
-1.72552e-13
-1.00284e-11
-1.74561e-11
-1.5531e-11
3.41118e-11
2.30754e-10
6.81937e-10
1.33295e-09
1.91339e-09
1.66956e-09
7.37687e-11
8.88652e-11
-7.70809e-11
-2.89618e-10
-4.6854e-10
-4.82589e-10
-3.48571e-10
-3.33717e-10
-2.6949e-10
-1.77523e-10
-4.18314e-11
1.38741e-10
3.63342e-10
6.51088e-10
1.05098e-09
1.51847e-09
2.07164e-09
2.72038e-09
3.36667e-09
3.27477e-09
-3.43321e-10
-7.8367e-10
-2.62999e-11
1.1154e-09
3.1661e-09
4.71319e-09
3.51685e-09
3.82547e-09
3.7611e-09
3.80934e-09
3.98222e-09
4.07558e-09
3.88188e-09
3.69602e-09
3.26746e-09
3.0162e-09
2.98635e-09
3.14931e-09
3.61009e-09
3.58195e-09
4.65062e-10
4.69803e-09
3.1674e-09
3.33982e-09
2.93001e-09
1.82555e-09
9.9291e-10
1.01303e-09
8.51362e-10
7.05425e-10
5.32611e-10
3.51562e-10
2.24548e-10
2.29909e-10
3.32663e-10
4.01077e-10
4.57933e-10
5.05514e-10
6.21155e-10
5.99181e-10
2.06347e-09
4.30349e-09
2.38003e-09
1.9283e-09
1.54039e-09
1.20954e-09
1.10329e-09
1.09274e-09
1.08354e-09
1.09878e-09
1.2125e-09
1.20149e-09
1.15937e-09
1.13935e-09
1.09296e-09
1.00358e-09
9.29879e-10
8.20876e-10
9.252e-10
9.54022e-10
1.34767e-09
1.33405e-09
6.22721e-10
4.42808e-10
3.2615e-10
2.84948e-10
2.51392e-10
1.98183e-10
1.39373e-10
6.94859e-11
5.54386e-12
-3.85267e-11
-5.65214e-11
-7.46384e-11
-9.0748e-11
-1.00794e-10
-1.05632e-10
-9.68066e-11
-8.01633e-11
-3.32667e-11
)
;
    }
}


// ************************************************************************* //
