0.05	1.77202e-11
0.1	5.70872e-09
0.15	6.70517e-08
0.2	-7.76072e-07
0.25	1.33782e-06
0.3	1.02535e-06
0.35	1.16043e-06
0.4	1.09075e-06
0.45	1.24814e-06
0.5	1.20202e-06
0.55	1.22104e-06
0.6	1.15945e-06
0.65	1.18749e-06
0.7	1.14421e-06
0.75	1.1449e-06
0.8	1.14644e-06
0.85	1.15238e-06
0.9	1.15166e-06
0.95	1.15321e-06
1	1.14966e-06
1.05	1.15069e-06
1.1	1.14885e-06
1.15	1.14913e-06
1.2	1.14883e-06
1.25	1.1498e-06
1.3	1.14961e-06
1.35	1.14997e-06
1.4	1.14965e-06
1.45	1.14998e-06
1.5	1.14964e-06
1.55	1.15004e-06
1.6	1.15019e-06
1.65	1.15023e-06
1.7	1.15012e-06
1.75	1.15199e-06
1.8	1.15205e-06
1.85	1.1518e-06
1.9	1.15158e-06
1.95	1.15175e-06
2	1.15171e-06
2.05	1.15159e-06
2.1	1.15172e-06
2.15	1.15159e-06
2.2	1.15117e-06
2.25	1.15042e-06
2.3	1.15017e-06
2.35	1.14993e-06
2.4	1.14973e-06
2.45	1.14954e-06
2.5	1.14909e-06
2.55	1.14865e-06
2.6	1.14824e-06
2.65	1.1478e-06
2.7	1.14745e-06
2.75	1.14717e-06
2.8	1.14651e-06
2.85	1.14619e-06
2.9	1.14602e-06
2.95	1.14581e-06
3	1.14564e-06
3.05	1.14483e-06
3.1	1.14449e-06
3.15	1.14424e-06
3.2	1.14396e-06
3.25	1.14366e-06
3.3	1.14327e-06
3.35	1.14289e-06
3.4	1.14217e-06
3.45	1.14172e-06
3.5	1.14131e-06
3.55	1.14087e-06
3.6	1.14044e-06
3.65	1.13996e-06
3.7	1.13954e-06
3.75	1.13907e-06
3.8	1.13863e-06
3.85	1.13814e-06
3.9	1.13769e-06
3.95	1.13713e-06
4	1.13656e-06
4.05	1.13608e-06
4.1	1.13563e-06
4.15	1.13517e-06
4.2	1.13471e-06
4.25	1.13425e-06
4.3	1.13366e-06
4.35	1.13317e-06
4.4	1.13262e-06
4.45	1.13213e-06
4.5	1.1316e-06
4.55	1.13096e-06
4.6	1.13039e-06
4.65	1.12982e-06
4.7	1.12927e-06
4.75	1.1287e-06
4.8	1.12814e-06
4.85	1.12769e-06
4.9	1.1276e-06
4.95	1.12726e-06
5	1.12687e-06
5.05	1.12633e-06
5.1	1.12584e-06
5.15	1.12531e-06
5.2	1.12483e-06
5.25	1.12438e-06
5.3	1.12403e-06
5.35	1.12376e-06
5.4	1.12362e-06
5.45	1.12343e-06
5.5	1.12318e-06
5.55	1.12292e-06
5.6	1.12242e-06
5.65	1.12216e-06
5.7	1.12185e-06
5.75	1.12135e-06
5.8	1.12116e-06
5.85	1.12093e-06
5.9	1.12026e-06
5.95	1.11964e-06
6	1.1187e-06
6.05	1.11782e-06
6.1	1.11679e-06
6.15	1.11604e-06
6.2	1.11582e-06
6.25	1.11569e-06
6.3	1.11598e-06
6.35	1.11624e-06
6.4	1.11628e-06
6.45	1.11585e-06
6.5	1.11567e-06
6.55	1.11513e-06
6.6	1.11475e-06
6.65	1.11436e-06
6.7	1.11399e-06
6.75	1.11343e-06
6.8	1.11306e-06
6.85	1.11267e-06
6.9	1.11212e-06
6.95	1.11168e-06
7	1.11122e-06
7.05	1.11074e-06
7.1	1.11047e-06
7.15	1.11042e-06
7.2	1.11048e-06
7.25	1.11055e-06
7.3	1.1111e-06
7.35	1.11124e-06
7.4	1.11139e-06
7.45	1.11153e-06
7.5	1.11169e-06
7.55	1.11163e-06
7.6	1.11128e-06
7.65	1.1108e-06
7.7	1.11048e-06
7.75	1.11013e-06
7.8	1.10972e-06
7.85	1.10933e-06
7.9	1.10913e-06
7.95	1.10909e-06
8	1.1091e-06
8.05	1.10909e-06
8.1	1.10905e-06
8.15	1.10919e-06
8.2	1.10937e-06
8.25	1.10952e-06
8.3	1.10964e-06
8.35	1.1096e-06
8.4	1.10963e-06
8.45	1.10995e-06
8.5	1.11014e-06
8.55	1.11038e-06
8.6	1.11061e-06
8.65	1.11078e-06
8.7	1.11105e-06
8.75	1.11075e-06
8.8	1.11034e-06
8.85	1.10992e-06
8.9	1.10959e-06
8.95	1.11004e-06
9	1.11069e-06
9.05	1.11075e-06
9.1	1.11094e-06
9.15	1.11078e-06
9.2	1.1109e-06
9.25	1.11125e-06
9.3	1.11158e-06
9.35	1.11175e-06
9.4	1.11187e-06
9.45	1.1119e-06
9.5	1.11195e-06
9.55	1.11233e-06
9.6	1.11253e-06
9.65	1.1129e-06
9.7	1.11337e-06
9.75	1.11393e-06
9.8	1.11425e-06
9.85	1.11432e-06
9.9	1.11393e-06
9.95	1.11359e-06
10	1.11331e-06
10.05	1.11329e-06
10.1	1.11332e-06
10.15	1.11341e-06
10.2	1.11313e-06
10.25	1.11291e-06
10.3	1.11277e-06
10.35	1.11252e-06
10.4	1.11241e-06
10.45	1.11241e-06
10.5	1.11233e-06
10.55	1.11249e-06
10.6	1.11263e-06
10.65	1.11264e-06
10.7	1.11252e-06
10.75	1.11241e-06
10.8	1.11227e-06
10.85	1.1121e-06
10.9	1.11201e-06
10.95	1.11202e-06
11	1.11213e-06
11.05	1.11228e-06
11.1	1.11226e-06
11.15	1.11241e-06
11.2	1.11246e-06
11.25	1.11275e-06
11.3	1.11313e-06
11.35	1.11349e-06
11.4	1.11387e-06
11.45	1.11429e-06
11.5	1.11466e-06
11.55	1.11455e-06
11.6	1.11471e-06
11.65	1.11473e-06
11.7	1.11434e-06
11.75	1.11406e-06
11.8	1.11414e-06
11.85	1.1144e-06
11.9	1.11466e-06
11.95	1.11491e-06
12	1.11501e-06
12.05	1.11516e-06
12.1	1.11473e-06
12.15	1.11424e-06
12.2	1.11383e-06
12.25	1.11342e-06
12.3	1.11318e-06
12.35	1.11315e-06
12.4	1.11307e-06
12.45	1.11299e-06
12.5	1.11294e-06
12.55	1.1129e-06
12.6	1.11281e-06
12.65	1.11274e-06
12.7	1.11288e-06
12.75	1.11285e-06
12.8	1.11272e-06
12.85	1.11258e-06
12.9	1.11253e-06
12.95	1.11259e-06
13	1.11267e-06
13.05	1.11271e-06
13.1	1.11263e-06
13.15	1.11249e-06
13.2	1.11236e-06
13.25	1.11217e-06
13.3	1.11187e-06
13.35	1.11147e-06
13.4	1.1111e-06
13.45	1.1108e-06
13.5	1.111e-06
13.55	1.1112e-06
13.6	1.11141e-06
13.65	1.11165e-06
13.7	1.11186e-06
13.75	1.11211e-06
13.8	1.11252e-06
13.85	1.11302e-06
13.9	1.11347e-06
13.95	1.11385e-06
14	1.11409e-06
14.05	1.11429e-06
14.1	1.11412e-06
14.15	1.11392e-06
14.2	1.11372e-06
14.25	1.11339e-06
14.3	1.113e-06
14.35	1.11224e-06
14.4	1.11124e-06
14.45	1.11047e-06
14.5	1.10982e-06
14.55	1.10874e-06
14.6	1.108e-06
14.65	1.10777e-06
14.7	1.10754e-06
14.75	1.10712e-06
14.8	1.10668e-06
14.85	1.10583e-06
14.9	1.10487e-06
14.95	1.1045e-06
15	1.10319e-06
15.05	1.10171e-06
15.1	1.1006e-06
15.15	1.0996e-06
15.2	1.09939e-06
15.25	1.09979e-06
15.3	1.10026e-06
15.35	1.10087e-06
15.4	1.10156e-06
15.45	1.10216e-06
15.5	1.10268e-06
15.55	1.1028e-06
15.6	1.10261e-06
15.65	1.10209e-06
15.7	1.10187e-06
15.75	1.10161e-06
15.8	1.1015e-06
15.85	1.10161e-06
15.9	1.10172e-06
15.95	1.10212e-06
16	1.10262e-06
16.05	1.10304e-06
16.1	1.10328e-06
16.15	1.10338e-06
16.2	1.10328e-06
16.25	1.10326e-06
16.3	1.10325e-06
16.35	1.10317e-06
16.4	1.10339e-06
16.45	1.10365e-06
16.5	1.10392e-06
16.55	1.10431e-06
16.6	1.10467e-06
16.65	1.10502e-06
16.7	1.10494e-06
16.75	1.10467e-06
16.8	1.10418e-06
16.85	1.10406e-06
16.9	1.10418e-06
16.95	1.10443e-06
17	1.10429e-06
17.05	1.10422e-06
17.1	1.10425e-06
17.15	1.10415e-06
17.2	1.10376e-06
17.25	1.10322e-06
17.3	1.10274e-06
17.35	1.1023e-06
17.4	1.1024e-06
17.45	1.10237e-06
17.5	1.10225e-06
17.55	1.10213e-06
17.6	1.10211e-06
17.65	1.10219e-06
17.7	1.10222e-06
17.75	1.10214e-06
17.8	1.10207e-06
17.85	1.10214e-06
17.9	1.10221e-06
17.95	1.10227e-06
18	1.10245e-06
18.05	1.10258e-06
18.1	1.10276e-06
18.15	1.10268e-06
18.2	1.10256e-06
18.25	1.10237e-06
18.3	1.10222e-06
18.35	1.10206e-06
18.4	1.10195e-06
18.45	1.10182e-06
18.5	1.10168e-06
18.55	1.10171e-06
18.6	1.10174e-06
18.65	1.10183e-06
18.7	1.10191e-06
18.75	1.10201e-06
18.8	1.10212e-06
18.85	1.10219e-06
18.9	1.10231e-06
18.95	1.10246e-06
19	1.10267e-06
19.05	1.10281e-06
19.1	1.10291e-06
19.15	1.10297e-06
19.2	1.10285e-06
19.25	1.10265e-06
19.3	1.10249e-06
19.35	1.10213e-06
19.4	1.10178e-06
19.45	1.10122e-06
19.5	1.10067e-06
19.55	1.10002e-06
19.6	1.09916e-06
19.65	1.0992e-06
19.7	1.09898e-06
19.75	1.09863e-06
19.8	1.09831e-06
19.85	1.09789e-06
19.9	1.09783e-06
19.95	1.09774e-06
20	1.09791e-06
20.05	1.09682e-06
20.1	1.09573e-06
20.15	1.09465e-06
20.2	1.09407e-06
20.25	1.09419e-06
20.3	1.09496e-06
20.35	1.0959e-06
20.4	1.09677e-06
20.45	1.09753e-06
20.5	1.09804e-06
20.55	1.09797e-06
20.6	1.09788e-06
20.65	1.09771e-06
20.7	1.09745e-06
20.75	1.0971e-06
20.8	1.09726e-06
20.85	1.09779e-06
20.9	1.09842e-06
20.95	1.09906e-06
21	1.09971e-06
21.05	1.10018e-06
21.1	1.10018e-06
21.15	1.09993e-06
21.2	1.10003e-06
21.25	1.09974e-06
21.3	1.09961e-06
21.35	1.09954e-06
21.4	1.09994e-06
21.45	1.10055e-06
21.5	1.10122e-06
21.55	1.10185e-06
21.6	1.10238e-06
21.65	1.10303e-06
21.7	1.10361e-06
21.75	1.10392e-06
21.8	1.10337e-06
21.85	1.10376e-06
21.9	1.1041e-06
21.95	1.10411e-06
22	1.1038e-06
22.05	1.10359e-06
22.1	1.10362e-06
22.15	1.10348e-06
22.2	1.10293e-06
22.25	1.10216e-06
22.3	1.10131e-06
22.35	1.1005e-06
22.4	1.10081e-06
22.45	1.10069e-06
22.5	1.10043e-06
22.55	1.10024e-06
22.6	1.10017e-06
22.65	1.10029e-06
22.7	1.10022e-06
22.75	1.1003e-06
22.8	1.10033e-06
22.85	1.10045e-06
22.9	1.10053e-06
22.95	1.10073e-06
23	1.10096e-06
23.05	1.1012e-06
23.1	1.10139e-06
23.15	1.1014e-06
23.2	1.1011e-06
23.25	1.10073e-06
23.3	1.10048e-06
23.35	1.1003e-06
23.4	1.10012e-06
23.45	1.10004e-06
23.5	1.09995e-06
23.55	1.10002e-06
23.6	1.10003e-06
23.65	1.1001e-06
23.7	1.10021e-06
23.75	1.10029e-06
23.8	1.10038e-06
23.85	1.10047e-06
23.9	1.10056e-06
23.95	1.1007e-06
24	1.10086e-06
24.05	1.10096e-06
24.1	1.10105e-06
24.15	1.1011e-06
24.2	1.10093e-06
24.25	1.10076e-06
24.3	1.10055e-06
24.35	1.10014e-06
24.4	1.09973e-06
24.45	1.09917e-06
24.5	1.09839e-06
24.55	1.09753e-06
24.6	1.09689e-06
24.65	1.09698e-06
24.7	1.09682e-06
24.75	1.09657e-06
24.8	1.09615e-06
24.85	1.0958e-06
24.9	1.09581e-06
24.95	1.09605e-06
25	1.09623e-06
25.05	1.09521e-06
25.1	1.09424e-06
25.15	1.09332e-06
25.2	1.09325e-06
25.25	1.09355e-06
25.3	1.09426e-06
25.35	1.09496e-06
25.4	1.09562e-06
25.45	1.09621e-06
25.5	1.09669e-06
25.55	1.09669e-06
25.6	1.09655e-06
25.65	1.09678e-06
25.7	1.09687e-06
25.75	1.09693e-06
25.8	1.09745e-06
25.85	1.09804e-06
25.9	1.09866e-06
25.95	1.09925e-06
26	1.09981e-06
26.05	1.10028e-06
26.1	1.10028e-06
26.15	1.10005e-06
26.2	1.10003e-06
26.25	1.10011e-06
26.3	1.10003e-06
26.35	1.10023e-06
26.4	1.10057e-06
26.45	1.10099e-06
26.5	1.1015e-06
26.55	1.10191e-06
26.6	1.10226e-06
26.65	1.10262e-06
26.7	1.10259e-06
26.75	1.1022e-06
26.8	1.10176e-06
26.85	1.10171e-06
26.9	1.10181e-06
26.95	1.10179e-06
27	1.10158e-06
27.05	1.10156e-06
27.1	1.10157e-06
27.15	1.10128e-06
27.2	1.1008e-06
27.25	1.1003e-06
27.3	1.09981e-06
27.35	1.09937e-06
27.4	1.09955e-06
27.45	1.09947e-06
27.5	1.0993e-06
27.55	1.09922e-06
27.6	1.09925e-06
27.65	1.09933e-06
27.7	1.09936e-06
27.75	1.09938e-06
27.8	1.09947e-06
27.85	1.09957e-06
27.9	1.09964e-06
27.95	1.09984e-06
28	1.1e-06
28.05	1.10025e-06
28.1	1.10043e-06
28.15	1.10028e-06
28.2	1.10005e-06
28.25	1.09978e-06
28.3	1.09955e-06
28.35	1.09936e-06
28.4	1.09925e-06
28.45	1.09916e-06
28.5	1.09902e-06
28.55	1.09909e-06
28.6	1.09913e-06
28.65	1.09923e-06
28.7	1.09941e-06
28.75	1.09953e-06
28.8	1.09962e-06
28.85	1.09969e-06
28.9	1.09979e-06
28.95	1.09999e-06
29	1.10014e-06
29.05	1.10027e-06
29.1	1.10035e-06
29.15	1.10032e-06
29.2	1.10011e-06
29.25	1.09993e-06
29.3	1.09965e-06
29.35	1.09915e-06
29.4	1.09863e-06
29.45	1.09776e-06
29.5	1.09696e-06
29.55	1.096e-06
29.6	1.09527e-06
29.65	1.09506e-06
29.7	1.09454e-06
29.75	1.09402e-06
29.8	1.09353e-06
29.85	1.09349e-06
29.9	1.09338e-06
29.95	1.09356e-06
30	1.09262e-06
