/*--------------------------------*- C++ -*----------------------------------*\
| =========                 |                                                 |
| \\      /  F ield         | OpenFOAM: The Open Source CFD Toolbox           |
|  \\    /   O peration     | Version:  4.1                                   |
|   \\  /    A nd           | Web:      www.OpenFOAM.org                      |
|    \\/     M anipulation  |                                                 |
\*---------------------------------------------------------------------------*/
FoamFile
{
    version     2.0;
    format      ascii;
    class       surfaceScalarField;
    location    "9";
    object      phi;
}
// * * * * * * * * * * * * * * * * * * * * * * * * * * * * * * * * * * * * * //

dimensions      [0 3 -1 0 0 0 0];

internalField   nonuniform List<scalar> 
3120
(
4730.37
-56.5004
4730.37
4729.41
0.958576
4729.41
4817.33
-87.9246
4918.86
-101.528
4918.86
5083.4
-164.545
5274.49
-191.084
5274.49
5540.5
-266.019
5540.5
5874.04
-333.538
6271.83
-397.794
6271.83
6770.5
-498.667
6770.49
7511.13
-740.638
7848.14
-337.015
7848.14
8431.95
10965
-1545.31
11949.3
12912.3
13879.3
14853.3
15834.2
16820.8
17812.8
18809.5
19812.5
18150.1
2664.09
19172.6
20203
21238.6
22279.2
23325.6
24412.5
25511.5
26229.4
19953.7
6275.62
19953.7
19953.7
12659.6
7294.15
12659.6
12659.6
12659.6
5425.25
7234.35
5425.25
5425.25
53.6934
5371.48
53.4454
53.2034
53.1029
-533.808
586.902
-533.836
-533.865
-533.897
-307.716
-226.217
697.272
14371.8
783.273
16242.7
-275.955
18355.2
-1421.41
14616
-2093.29
13715.1
-2556.93
13047.8
-2843.16
6218.76
-2196.93
-7175.84
-1251.37
-13617.6
-511.129
-10569.8
-445.836
4055.47
-29.42
4931.64
505.563
-4913.49
-484.298
-7889.86
-2918.84
-3066.31
-6023.92
-7189.3
-7557.61
-13634.8
-5052.26
-11908.6
-6521.99
679.923
13850.1
763.737
16158.9
25.8446
19093.1
-947.241
15589
-1765.88
14533.7
-2254.72
13536.6
-2524.39
6488.43
-1841.49
-7858.74
-998.023
-14461.1
-459.689
-11108.2
-133.604
3729.38
374.275
4423.76
637.518
-5176.73
-48.6983
-7203.64
-1032.08
-2082.93
-3547.82
-4673.56
-6845.9
-10336.7
-6856.46
-11898.1
-12791.6
498.418
13570.1
628.936
16028.4
144.14
19577.9
-543.289
16276.5
-1439.96
15430.4
-1967.65
14064.3
-2214.5
6735.29
-1501.71
-8571.53
-777.075
-15185.7
-612.549
-11272.7
-41.1335
3157.97
713.992
3668.63
706.393
-5169.13
-77.7914
-6419.46
34.2125
-2194.93
-1062.51
-3576.84
-4768.77
-6630.46
-7279.95
-9386.89
-14700
107.533
13736.6
465.785
15670.1
110.552
19933.1
-259.352
16646.4
-1143.5
16314.5
-1702.57
14623.4
-1929.6
6962.32
-1221.35
-9279.78
-637.439
-15769.6
-841.521
-11068.6
-91.6513
2408.1
858.299
2718.68
635.898
-4946.73
-140.82
-5642.74
-43.2336
-2292.52
-223.73
-3396.35
-2793.58
-4060.62
-6442.1
-5738.37
-13907.8
-331.771
14379.3
328.319
15010
-32.7397
20294.1
-114.793
16728.4
-902.72
17102.5
-1465.33
15186
-1665.37
7162.35
-1000.3
-9944.84
-592.16
-16177.8
-1033
-10627.8
-166.964
1542.06
774.2
1777.52
419.762
-4592.29
-192.492
-5030.49
-90.1147
-2394.9
-31.8817
-3454.58
-1062
-3030.5
-4226.45
-2573.91
-10840.1
-645.428
15367
221.64
14143
-238.552
20754.3
-93.1369
16583
-733.849
17743.2
-1265.21
15717.4
-1400.95
7298.1
-794.419
-10551.4
-605.987
-16366.2
-1160.04
-10073.7
-183.82
565.842
588.721
1004.97
187.364
-4190.94
-241.13
-4601.99
-56.6407
-2579.39
-34.2866
-3476.94
111.238
-3176.03
-1315.61
-1147.07
-5880.08
-813.377
16553
92.5574
13237
-471.994
21318.9
-166.848
16277.9
-654.071
18230.4
-1120.24
16183.5
-1110.02
7287.88
-544.559
-11116.8
-616.113
-16294.7
-1181.24
-9508.6
-160.726
-454.67
498.561
345.687
65.7483
-3758.12
-230.247
-4306
-54.8504
-2754.79
-4.85946
-3526.93
-32.2709
-3148.62
692.378
-1871.71
-2523.61
-991.022
17944.2
-185.861
12431.9
-747.075
21880.1
-347.595
15878.4
-695.689
18578.5
-1051.29
16539.1
-778.698
7015.28
-218.795
-11676.7
-571.936
-15941.5
-1165.55
-8914.99
-90.8671
-1529.35
511.532
-256.717
17.268
-3263.86
-196.438
-4092.29
-43.9509
-2907.28
1.85059
-3572.73
45.1438
-3191.91
892.603
-2719.18
-3176.31
-1411.97
19780
-752.129
11772
-1141.65
22269.6
-686.709
15423.5
-886.429
18778.2
-1060.99
16713.7
-429.546
6383.84
144.845
-12251.1
-472.887
-15323.8
-1128.63
-8259.24
-382.245
-2275.74
158.852
-797.812
-44.3511
-3060.66
-171.387
-3965.26
-34.9703
-3043.69
13.0407
-3620.74
101.194
-3280.06
337.193
-2955.17
-3176.13
-2173.12
22389.8
-1592.88
11191.8
-1704.21
22381
-1191
14910.2
-1198.01
18785.2
-1115.21
16630.9
-113.939
5382.57
443.364
-12808.4
-384.485
-14495.9
-1067.58
-7576.14
-563.187
-2780.14
-68.4772
-1292.52
-73.565
-3055.57
-147.869
-3890.96
-26.3657
-3165.2
20.808
-3667.92
96.612
-3355.87
456.992
-3315.56
-3459.78
-3138.42
25986.5
-2521.57
10574.9
-2359.07
22218.5
-1759.08
14310.3
-1534.18
18560.3
-1154.56
16251.3
136.904
4091.1
583.3
-13254.8
-378.437
-13534.2
-997.872
-6956.71
-594.76
-3183.25
-155.821
-1731.46
-88.4478
-3122.94
-125.766
-3853.64
-18.6181
-3272.34
24.227
-3710.76
101.246
-3432.89
304.146
-3518.45
-3654.29
-4013.94
30470.1
-3289.31
9850.32
-2929.5
21858.6
-2229.52
13610.3
-1782.06
18112.9
-1120.79
15590
335.48
2634.83
561.013
-13480.4
-461.369
-12511.8
-929.152
-6488.92
-582.949
-3529.45
-197.733
-2116.68
-93.9019
-3226.78
-105.371
-3842.17
-12.4863
-3365.23
26.1662
-3749.41
96.2687
-3502.99
267.252
-3689.44
-3784.84
-4819.04
35824.3
-3890.79
8922.07
-3290.6
21258.5
-2510.87
12830.6
-1885.29
17487.3
-993.588
14698.3
519.27
1121.97
470.855
-13431.9
-558.336
-11482.6
-848.233
-6199.03
-548.845
-3828.84
-213.098
-2452.43
-91.4536
-3348.42
-86.6844
-3846.94
-8.12415
-3443.79
25.8088
-3783.34
91.3704
-3568.55
240.335
-3838.4
-3878.04
-5326.06
41676
-4217.86
7813.86
-3397.43
20438
-2584.65
12017.8
-1839.31
16741.9
-755.991
13615
724.641
-358.661
418.073
-13125.4
-589.287
-10475.3
-749.271
-6039.04
-503.109
-4075
-210.936
-2744.6
-83.0867
-3476.27
-70.0619
-3859.96
-5.44519
-3508.41
24.8742
-3813.67
85.1849
-3628.86
178.911
-3932.13
-3965.15
-6508.41
48912.4
-4882.48
6187.93
-3333.7
18889.2
-2554.46
11238.5
-1713.13
15900.6
-391.588
12293.4
1023.99
-1774.24
442.529
-12543.9
-544.617
-9488.12
-644.537
-5939.12
-452.401
-4267.14
-196.667
-3000.33
-70.7919
-3602.14
-55.9483
-3874.81
-3.65177
-3560.7
24.2067
-3841.52
77.7491
-3682.4
147.919
-4002.29
-4008.31
-6677.31
56101.8
-4897.69
4408.31
-3142.35
17133.9
-2432.33
10528.5
-1538.45
15006.7
27.788
10727.2
1398.28
-3144.74
483.086
-11628.7
-470.249
-8534.79
-543.85
-5865.52
-397.546
-4413.44
-173.332
-3224.55
-56.7595
-3718.72
-44.4889
-3887.08
-1.76284
-3603.43
23.6129
-3866.9
69.3552
-3728.15
126.327
-4059.27
-4046.53
-10231.3
67598.8
-6841.03
1018.09
-2831.21
13124.1
-2478.39
10175.7
-1505.83
14034.2
207.011
9014.37
1518.4
-4456.12
421.85
-10532.2
-402.358
-7710.58
-446.408
-5821.47
-334.852
-4525
-143.703
-3415.69
-42.4974
-3819.92
-34.7639
-3894.81
0.250465
-3638.44
22.71
-3889.36
58.0421
-3763.48
83.8577
-4085.08
-4064.2
-8476.9
76013.9
-5459.89
-1998.92
-2938.96
10603.2
-2568.94
9805.68
-1500.77
12966
306.23
7207.37
1276.82
-5426.71
214.875
-9470.23
-354.361
-7141.34
-364.737
-5811.1
-274.914
-4614.82
-113.087
-3577.52
-29.6879
-3903.32
-27.2123
-3897.29
2.26929
-3667.92
21.4506
-3908.54
45.6707
-3787.7
60.9407
-4100.35
-4091.18
-8818.86
88272
-4688.01
-6129.77
-937.095
6852.24
-2599.57
11468.2
-1487.8
11854.2
-296.912
6016.47
827.632
-6551.25
-27.3812
-8615.22
-297.18
-6871.54
-288.374
-5819.9
-220.587
-4682.61
-74.4461
-3723.66
-19.9509
-3957.82
-23.1252
-3894.11
6.79234
-3697.84
15.7902
-3917.54
36.3796
-3808.29
23.273
-4087.25
-4066.95
-19537.3
-5629.72
-14207.1
-4747.28
-3508.86
650.51
282.271
-98.3764
-120.169
-117.061
-95.5692
-14.6528
-7.64116
-12.2018
8.21794
2.39897
19.124
25.0358
-9.58314
-574.229
55.9824
-1053.34
110.394
-1038.64
151.139
-1003.82
185.538
-1001.36
213.294
-1001.74
235.272
-1002.86
252.102
-1003.5
264.816
-1004.73
274.25
-1006.14
278.809
-1007.49
282.354
-1005.25
268.612
-1008.73
250.54
-1012.37
229.594
-1014.69
206.2
-1017.14
182.018
-1022.25
163.839
-1068.75
134.814
-1069.99
-582.999
44.0468
-618.276
52.8557
-1062.15
43.4518
-1029.23
41.0458
-1001.42
41.9424
-1002.25
42.8873
-1002.68
43.725
-1003.7
44.2534
-1004.02
44.5457
-1005.02
44.076
-1005.67
43.3714
-1006.78
46.9618
-1008.84
47.3666
-1009.13
45.356
-1010.36
41.9031
-1011.23
37.0776
-1012.31
31.2692
-1016.44
21.4143
-1058.89
12.7571
-1061.34
-570.242
21.5291
-639.805
22.9981
-1063.62
19.5582
-1025.79
19.1137
-1000.97
18.694
-1001.83
18.0453
-1002.04
17.2101
-1002.86
16.1914
-1003.01
14.8612
-1003.69
13.2988
-1004.11
11.246
-1004.73
7.52897
-1005.13
4.30901
-1005.91
0.820363
-1006.87
-3.08692
-1007.33
-7.48732
-1007.91
-13.528
-1010.4
-23.8009
-1048.62
-22.35
-1062.79
-592.592
17.3018
-657.107
16.7925
-1063.11
12.7906
-1021.79
10.5925
-998.772
8.545
-999.785
6.48548
-999.976
4.33519
-1000.71
2.13094
-1000.8
-0.175808
-1001.39
-2.62443
-1001.66
-5.18655
-1002.17
-7.65253
-1002.66
-10.5169
-1003.05
-13.7039
-1003.69
-17.0775
-1003.95
-20.6554
-1004.34
-25.5993
-1005.45
-37.0126
-1037.21
-34.5467
-1065.25
-627.139
16.8752
-673.982
15.3442
-1061.58
11.1826
-1017.63
8.79843
-996.388
6.45139
-997.438
4.0778
-997.603
1.63741
-998.271
-0.820359
-998.343
-3.3439
-998.864
-5.90873
-999.092
-8.54746
-999.53
-11.335
-999.872
-14.1378
-1000.25
-17.0531
-1000.77
-20.0112
-1000.99
-22.9738
-1001.37
-26.8275
-1001.6
-36.8274
-1027.21
-35.9991
-1066.08
-663.138
17.8773
-691.859
16.1533
-1059.85
11.9477
-1013.42
9.71058
-994.151
7.50984
-995.237
5.2906
-995.383
3.01401
-995.994
0.730919
-996.06
-1.59808
-996.535
-3.95874
-996.731
-6.35722
-997.131
-8.79213
-997.437
-11.2726
-997.767
-13.835
-998.209
-16.4089
-998.421
-18.9737
-998.808
-21.9429
-998.632
-29.9254
-1019.23
-31.3979
-1064.61
-694.536
19.0901
-710.95
16.9289
-1057.69
12.6532
-1009.15
10.5235
-992.022
8.44258
-993.156
6.34026
-993.281
4.1982
-993.852
2.0645
-993.926
-0.0960373
-994.375
-2.26276
-994.565
-4.44517
-994.949
-6.65453
-995.228
-8.8627
-995.559
-11.115
-995.957
-13.3477
-996.188
-15.5699
-996.586
-17.9384
-996.264
-24.0372
-1013.13
-26.7435
-1061.9
-721.279
19.8565
-730.806
17.2273
-1055.06
13.0377
-1004.96
11.0736
-990.057
9.13298
-991.216
7.17253
-991.321
5.17583
-991.855
3.19042
-991.941
1.18215
-992.366
-0.827475
-992.555
-2.84737
-992.929
-4.88223
-993.193
-6.912
-993.529
-8.97671
-993.892
-11.0129
-994.152
-13.051
-994.548
-15.1141
-994.2
-20.0739
-1008.17
-23.4828
-1058.49
-744.762
20.2604
-751.066
17.0482
-1051.85
13.0211
-1000.93
11.1852
-988.221
9.34654
-989.377
7.49003
-989.464
5.6008
-989.966
3.72448
-990.065
1.82703
-990.469
-0.068159
-990.66
-1.97221
-991.025
-3.88765
-991.278
-5.79492
-991.622
-7.73265
-991.955
-9.63894
-992.246
-11.5594
-992.627
-13.4434
-992.316
-17.7163
-1003.89
-21.6375
-1054.57
-766.4
20.3795
-771.446
16.5579
-1048.03
12.7538
-997.126
11.036
-986.504
9.28349
-987.625
7.51769
-987.698
5.71972
-988.168
3.93461
-988.279
2.1276
-988.662
0.323925
-988.856
-1.49049
-989.21
-3.31428
-989.454
-5.13227
-989.804
-6.97936
-990.108
-8.79624
-990.429
-10.6377
-990.786
-12.4075
-990.547
-16.2538
-1000.05
-20.6824
-1050.14
-787.082
20.3556
-791.802
15.9096
-1043.58
12.3569
-993.573
10.7382
-984.885
9.05861
-985.945
7.37051
-986.01
5.65103
-986.448
3.94416
-986.573
2.21452
-986.932
0.489236
-987.131
-1.24912
-987.472
-2.99484
-987.708
-4.73787
-988.061
-6.50813
-988.337
-8.25069
-988.686
-10.0255
-989.011
-11.7053
-988.867
-15.2317
-996.521
-20.1984
-1045.18
-807.281
20.2599
-812.061
15.1904
-1038.51
11.9031
-990.286
10.3722
-983.354
8.75999
-984.333
7.14407
-984.394
5.49736
-984.802
3.86295
-984.938
2.20492
-985.274
0.552234
-985.478
-1.11599
-985.804
-2.78914
-986.035
-4.4635
-986.387
-6.16218
-986.639
-7.83664
-987.012
-9.54836
-987.299
-11.1497
-987.265
-14.3978
-993.273
-19.9291
-1039.65
-827.21
20.14
-832.201
14.4482
-1032.82
11.4324
-987.27
9.98003
-981.902
8.43296
-982.786
6.88616
-982.847
5.3092
-983.225
3.74416
-983.373
2.15489
-983.685
0.571773
-983.895
-1.02909
-984.203
-2.63206
-984.432
-4.24067
-984.778
-5.86923
-985.01
-7.47817
-985.403
-9.12679
-985.65
-10.6561
-985.736
-13.6393
-990.29
-19.7494
-1033.54
-846.959
20.0172
-852.218
13.7023
-1026.51
10.9615
-984.529
9.58161
-980.522
8.1002
-981.304
6.62237
-981.37
5.11451
-981.717
3.61822
-981.877
2.09734
-982.164
0.582681
-982.38
-0.951385
-982.669
-2.48489
-982.898
-4.02929
-983.234
-5.58763
-983.452
-7.13307
-983.857
-8.71778
-984.066
-10.1808
-984.273
-12.9048
-987.566
-19.599
-1026.84
-866.558
19.9095
-872.128
12.9644
-1019.56
10.5003
-982.065
9.18857
-979.21
7.77397
-979.89
6.3659
-979.961
4.92654
-980.277
3.49844
-980.449
2.04589
-980.711
0.598342
-980.933
-0.868925
-981.201
-2.33355
-981.434
-3.81466
-981.753
-5.30143
-981.965
-6.78525
-982.374
-8.30364
-982.547
-9.70531
-982.871
-12.1733
-985.098
-19.4486
-1019.57
-886.007
19.8436
-891.971
12.2548
-1011.97
10.0742
-979.885
8.83297
-977.969
7.48934
-978.546
6.15516
-978.627
4.78463
-978.907
3.42305
-979.087
2.03678
-979.325
0.651039
-979.547
-0.754011
-979.796
-2.15673
-980.031
-3.58111
-980.328
-5.00087
-980.545
-6.43161
-980.943
-7.88329
-981.096
-9.23065
-981.524
-11.4479
-982.881
-19.2855
-1011.73
-905.292
19.8668
-911.838
11.6132
-1003.72
9.74415
-978.016
8.6008
-976.825
7.34924
-977.294
6.11102
-977.389
4.82708
-977.623
3.544
-977.804
2.23373
-978.015
0.913499
-978.227
-0.428964
-978.454
-1.77723
-978.683
-3.15504
-978.95
-4.52502
-979.175
-5.92952
-979.538
-7.3332
-979.692
-8.6674
-980.19
-10.6721
-980.876
-19.0372
-1003.36
-924.329
20.0761
-931.914
11.1014
-994.746
9.5892
-976.503
8.60414
-975.84
7.48249
-976.173
6.37077
-976.277
5.2021
-976.454
4.01688
-976.619
2.7991
-976.797
1.5578
-976.985
0.289282
-977.185
-0.997082
-977.396
-2.31825
-977.629
-3.63933
-977.854
-5.02028
-978.157
-6.3793
-978.333
-7.75886
-978.81
-9.59852
-979.036
-18.42
-994.542
-942.749
20.7985
-952.713
11.0691
-985.016
9.96428
-975.398
9.25117
-975.127
8.3568
-975.278
7.4315
-975.352
6.42326
-975.446
5.35183
-975.547
4.21271
-975.658
3.00857
-975.781
1.74131
-975.918
0.416745
-976.072
-0.967484
-976.245
-2.38504
-976.436
-3.87423
-976.668
-5.32794
-976.879
-6.87844
-977.26
-8.53097
-977.384
-17.5626
-985.51
-960.312
22.2872
12.271
11.8726
11.7456
11.4674
11.1155
10.6695
10.1223
9.46449
8.68346
7.76542
6.69378
5.44887
4.01248
2.34435
0.465208
-1.79435
-4.17805
-14.6882
-307.913
359.697
-667.647
359.634
359.569
359.543
-838.775
1198.3
-838.798
-838.823
-838.83
-5301.23
4462.4
-5301.24
-5301.24
-11774.4
6473.12
-11774.4
-11774.4
-11774.4
-19414.5
7640.13
-19414.5
-19414.5
-27013.7
7599.16
-27063.5
-26925.3
-26658
-26268.5
-25768.6
-25160.5
-24443.3
-23614.5
-28607.4
5932.74
-27570.1
-26415.5
-25141.4
-23742.7
-22211.7
-20535.3
-18708.7
-16783.1
-15001
-13490.3
-346.913
-13099.5
-13099.5
-13798.8
699.321
-13705.5
-93.2366
-13705.5
-13158.5
-547.065
-13158.5
-12057.1
-1101.35
-10386.1
-1671.03
-10386.1
-8215.2
-2170.91
-8215.2
-5619.28
-2595.92
-2958.44
-2660.84
-2958.44
-409.599
-2548.83
1213.88
-1623.47
1213.88
1311.54
-97.6574
1311.54
1311.54
1760.85
-1760.85
-718.627
2479.48
-281.953
-436.676
1035.98
-1317.93
313.815
722.164
-1224.08
1537.9
-3169.75
1945.67
-4166.4
996.653
-4420.52
254.119
-4383.01
-37.5167
-4118.76
-264.254
-3293.68
-825.077
-1660.15
-1633.53
1085.04
-2745.18
4370.21
-3285.17
7077.82
-2707.61
6489.68
588.139
1902.42
4587.26
3213.97
1686.78
-3447.63
1107.11
3059.14
-90.9382
761.371
-167.217
-1241.66
-1458.09
2013.04
-3719.18
3798.98
-4940.63
3167.12
-5060.79
1116.81
-4955.9
149.235
-4851.25
-142.171
-4578.07
-537.435
-3776.91
-1626.24
-2182.13
-3228.31
376.58
-5303.89
3605.5
-6514.1
6426.99
-5529.1
7436
-420.865
4425.8
7597.46
7542.11
1168.44
-4616.07
924.518
3303.07
-897.319
2583.21
-2510.75
371.774
-3732.54
3234.83
-4892.04
4958.49
-5275.15
3550.22
-5275.72
1117.38
-5273.69
147.21
-5190.95
-224.915
-4969.37
-759.016
-4253.08
-2342.52
-2777.3
-4704.09
-411.06
-7670.14
2701.9
-9627.06
5327.82
-8155.02
6642.81
-1735.85
5264.81
8975.46
11183.4
597.806
-5213.88
466.323
3434.55
-1653.87
4703.4
-3958.06
2675.96
-4849.02
4125.79
-5252.79
5362.25
-5442.04
3739.48
-5556.9
1232.23
-5560.15
150.461
-5502.49
-282.581
-5358.28
-903.227
-4752.14
-2948.66
-3424.78
-6031.46
-1252.35
-9842.57
1654.38
-12533.8
4233
-10733.6
5630.72
-3133.57
5192.2
9413.98
13826.8
219.143
-5433.02
211.245
3442.45
-1893.65
6808.3
-4351.16
5133.47
-5116.48
4891.12
-5340.14
5585.91
-5631.66
4031
-5803.56
1404.13
-5783.53
130.429
-5773.19
-292.916
-5721.96
-954.46
-5244.23
-3426.39
-4086.25
-7189.44
-2124.21
-11804.6
541.688
-15199.7
3050.67
-13242.6
4475.43
-4558.33
4639.01
9250.4
15805
87.5377
-5520.56
244.222
3285.76
-1768.31
8820.83
-4193.92
7559.09
-5083.47
5780.66
-5394.28
5896.72
-5814.92
4451.64
-5981.18
1570.39
-5944.9
94.1509
-5985.64
-252.176
-6033.42
-906.683
-5685.12
-3774.69
-4705.18
-8169.38
-2978.7
-13531.1
-600.265
-17578.1
1804.91
-15647.8
3260.73
-6014.15
3805.95
8705.19
17015
-270.895
-5249.67
-95.7575
3110.62
-1746.62
10471.7
-3919.51
9731.97
-4993.32
6854.48
-5455.79
6359.19
-5955.25
4951.1
-6082.49
1697.63
-6028.66
40.3211
-6108.7
-172.143
-6237.05
-778.333
-5991.33
-4020.41
-5195.68
-8965.02
-3767.03
-14959.7
-1734.67
-19610.5
525.103
-17907.6
2009.48
-7498.53
2830.58
7884.09
17674.7
-1518.14
-3731.53
-1509.03
3101.52
-2291.26
11253.9
-3831.23
11271.9
-4898.95
7922.2
-5501.52
6961.75
-6027.23
5476.81
-6080.41
1750.81
-5987.43
-52.6649
-6068.45
-91.1261
-6210.21
-636.566
-6006.18
-4224.45
-5429.32
-9541.88
-4422.57
-15966.5
-2828.46
-21204.6
-780.542
-19955.5
739.052
-9018.12
1796.3
6826.85
17799.9
-2870.85
-860.678
-3262.88
3493.54
-3259.54
11250.6
-3953.14
11965.5
-4800.14
8769.2
-5496.24
7657.85
-5961.62
5942.19
-5852.01
1641.2
-5672.64
-232.03
-5671.85
-91.9151
-5684.45
-623.965
-5478.1
-4430.81
-5273.25
-9746.73
-4891.63
-16348.1
-3855.25
-22241
-2081.31
-21729.4
-531.454
-10568
684.995
5610.4
17383.6
-3806.49
2945.81
-4444.46
4131.51
-4081.3
10887.4
-4104.18
11988.4
-4691.34
9356.37
-5376.21
8342.72
-5554.78
6120.76
-5039.37
1125.79
-4648.55
-622.845
-4416.31
-324.158
-4172.01
-868.266
-4167.49
-4435.33
-4731.66
-9182.55
-5188.45
-15891.3
-4790.87
-22638.6
-3332.7
-23187.6
-1775.15
-12125.5
-384.14
4219.39
16452.4
-4060.09
7005.9
-4865.94
4937.37
-4429.93
10451.4
-4143.84
11702.3
-4564.1
9776.63
-5080.53
8859.16
-4685.23
5725.45
-3519.8
-39.6348
-2470.49
-1672.16
-1526.11
-1268.54
-1373.5
-1020.89
-2343.48
-3465.34
-4145.86
-7380.17
-5422.61
-14614.6
-5611.74
-22449.4
-4497.81
-24301.5
-2858.83
-13764.5
-1226.55
2587.11
15132.6
-3742.48
10748.4
-4764.52
5959.4
-4379.66
10066.5
-4051.22
11373.9
-4402.86
10128.3
-4732.94
9189.24
-4178.14
5170.64
-3100.29
-1117.49
-1660.52
-3111.92
334.391
-3263.45
570.873
-1257.37
-1431.95
-1462.52
-4110.61
-4701.52
-5727.26
-12997.9
-6285.36
-21891.3
-5573.49
-25013.4
-3764.6
-15573.4
-2000.63
823.143
13831.3
-3063.43
13811.8
-4395.21
7291.18
-4141.03
9812.37
-3865.87
11098.7
-4209.72
10472.1
-4504.37
9483.89
-4265.25
4931.52
-3498.62
-1884.12
-2105.77
-4504.77
-413.338
-4955.88
-619.411
-1051.3
-2613.79
531.866
-4791.49
-2523.82
-6081.04
-11708.4
-6741.07
-21231.3
-6556.59
-25197.9
-4723.13
-17406.9
-2597.16
-1302.83
10887.2
-2165.35
15977.2
-3859.97
8985.79
-3857.84
9810.25
-3638.41
10879.3
-3997.93
10831.6
-4339.53
9825.48
-4281.73
4873.73
-3580.85
-2585
-2248.53
-5837.09
-1068.84
-6135.57
-1892
-228.139
-3931.19
2571.06
-5498.45
-956.567
-6219.65
-10987.2
-6856.13
-20594.8
-7367.16
-24686.9
-6210.25
-18563.8
-4445.7
-3067.38
12374.3
-1191.48
17168.7
-3151.36
10945.7
-3563.27
10222.2
-3404.52
10720.5
-3767.41
11194.5
-4169.54
10227.6
-4200.51
4904.7
-3508.14
-3277.37
-2254.39
-7090.84
-1474.15
-6915.81
-2576.93
874.635
-4471.99
4466.12
-5474.39
45.8281
-5722.16
-10739.4
-6510.12
-19806.8
-7821.02
-23376
-8352.06
-18032.7
-7512.95
-3906.48
12460.5
-308.111
17476.8
-2268.63
12906.2
-3212.07
11165.6
-3176.45
10684.9
-3517.45
11535.5
-3969.89
10680.1
-4073.28
5008.09
-3396.37
-3954.28
-2204.57
-8282.64
-1641.06
-7479.32
-2718.43
1952.01
-4121.64
5869.33
-4210.69
134.881
-4194.11
-10756
-5677.96
-18323
-7627.26
-21426.7
-9178.03
-16482
-9075.88
-4008.64
11024.7
331.235
17145.5
-1312.18
14549.6
-2739.41
12592.8
-2941.4
10886.9
-3253.06
11847.2
-3735.01
11162
-3901.47
5174.55
-3238.41
-4617.34
-2084.87
-9436.18
-1594.73
-7969.47
-2497.02
2854.29
-3055
6427.32
-2013.42
-906.704
-1967.55
-10801.9
-4626.38
-15664.2
-7086.95
-18966.1
-8569.22
-14999.7
-8701.54
-3876.32
8796.3
677.069
16468.5
-443.981
15670.7
-2120.54
14269.4
-2667.41
11433.8
-2979.97
12159.8
-3466.77
11648.8
-3684.38
5392.16
-3035.21
-5266.52
-1912.1
-10559.3
-1397.47
-8484.1
-2063.28
3520.1
-1861.07
6225.11
-372.918
-2394.86
-549.435
-10625.3
-3985.61
-12228
-6762.37
-16189.3
-7275.25
-14486.8
-6909.96
-4241.62
6348.73
780.272
15688.2
221.646
16229.3
-1416.12
15907.2
-2322.4
12340
-2698.96
12536.3
-3173.26
12123.1
-3430.82
5649.72
-2796.54
-5900.8
-1711.28
-11644.5
-1096.01
-9099.37
-1520.18
3944.27
-1086.19
5791.13
98.648
-3579.7
-560.136
-9966.55
-4050.42
-8737.72
-6927.95
-13311.8
-6461.04
-14953.7
-4750.65
-5952
2796.37
720.391
620.952
-767.827
-1898.29
-2405.19
-2866.22
-3149.03
-2520.21
-1492.71
-762.485
-938.98
-495.912
302.89
-783.941
-4020.81
-7038.23
-6823.45
-3372.2
-677.713
1652.71
-1101.43
1398.72
-1534.34
1407.91
-1883.31
1323.97
-2193.69
1285.38
-2454.22
1235.53
-2672.76
1193.55
-2848.72
1150.96
-2983.68
1109.95
-3077.87
1069.19
-3131.66
1028.79
-3144.67
988.014
-3114.08
944.409
-3030.36
891.285
-2872.61
817.251
-2609.11
711.5
-2204.06
569.947
-1625.6
396.543
-874.749
224.147
100.251
-212.371
1865.09
-471.054
1657.4
-744.973
1681.83
-976.14
1555.13
-1198.12
1507.36
-1386.98
1424.39
-1552.82
1359.39
-1690.49
1288.63
-1802.75
1222.22
-1889.18
1155.62
-1950.99
1090.6
-1987.75
1024.77
-1995.23
951.895
-1960.11
856.163
-1856.8
713.944
-1648.41
503.108
-1307.55
229.09
-860.766
-50.2458
-422.729
-213.889
-322.478
-135.202
2000.29
-302.976
1825.18
-429.794
1808.65
-512.689
1638.03
-584.179
1578.85
-622.543
1462.75
-643.883
1380.73
-642.737
1287.49
-623.054
1202.54
-584.433
1117
-527.862
1034.03
-454.047
950.951
-365.264
863.113
-267.353
758.252
-172.047
618.639
-93.7757
424.838
-37.6619
172.979
18.0842
-105.989
-25.4625
-170.341
-347.94
37.013
1963.28
20.6199
1841.57
35.6935
1793.58
70.0671
1603.66
105.424
1543.49
160.421
1407.75
222.015
1319.14
297.484
1212.02
382.336
1117.68
475.748
1023.59
575.523
934.26
679.875
846.6
784.271
758.717
876.903
665.62
935.21
560.332
920.873
439.175
784.644
309.209
478.601
200.054
222.491
85.7699
-125.45
63.0338
1900.24
85.5145
1819.09
126.149
1752.94
168.115
1561.69
208.728
1502.88
256.865
1359.62
301.465
1274.54
350.282
1163.2
398.913
1069.05
453.837
968.663
516.773
871.324
591.897
771.477
683.81
666.805
793.487
555.944
900.809
453.01
953.08
386.904
894.885
367.404
710.217
384.723
406.552
389.435
281.102
-11.6116
1911.85
-19.297
1826.77
-29.9956
1763.64
-59.0471
1590.74
-86.4869
1530.32
-125.868
1399
-176.833
1325.5
-237.232
1223.6
-297.874
1129.7
-340.192
1010.98
-352.668
883.8
-326.493
745.302
-255.618
595.93
-141.391
441.717
0.800262
310.82
149.592
238.113
276.744
240.252
330.927
330.54
236.452
483.91
517.554
-82.5536
1994.41
-178.563
1922.79
-263.845
1848.92
-371.844
1698.74
-479.663
1638.14
-604.274
1523.61
-741.137
1462.36
-890.387
1372.85
-1041.96
1281.27
-1179.39
1148.41
-1291.72
996.134
-1372.86
826.441
-1424.64
647.708
-1448.62
465.698
-1429.46
291.654
-1327.38
136.038
-1118.46
31.3339
-777.666
-10.2567
-337.182
43.4264
180.372
31.5264
1962.88
-107.244
2061.56
-183.415
1925.09
-253.838
1769.16
-319.763
1704.07
-386.324
1590.17
-449.264
1525.3
-510.767
1434.35
-574.102
1344.61
-642.083
1216.39
-713.693
1067.74
-787.452
900.199
-865.256
725.512
-945.589
546.031
-1018.68
364.744
-1070.3
187.66
-1073.67
34.697
-936.617
-147.305
-578.314
-314.878
-397.941
237.332
1725.55
159.552
2139.34
127.202
1957.44
134.985
1761.38
164.488
1674.56
197.102
1557.56
245.214
1477.19
299.523
1380.05
356.006
1288.12
396.091
1176.31
412.536
1051.3
400.449
912.287
360.35
765.612
293.429
612.952
202.874
455.3
102.91
287.625
34.4827
103.125
-16.3374
-96.4838
-84.5958
-246.619
-482.537
314.331
1411.22
339.607
2114.06
331.715
1965.34
366.471
1726.63
434.406
1606.63
503.531
1488.43
584.675
1396.05
669.744
1294.98
759.508
1198.36
839.931
1095.88
902.427
988.803
938.656
876.058
944.787
759.481
917.57
640.169
853.495
519.374
746.674
394.447
584.653
265.145
371.017
117.153
182.468
-58.0702
-300.069
243.248
1167.97
310.977
2046.33
322.135
1954.18
352.927
1695.83
410.327
1549.23
469.206
1429.55
532.096
1333.16
594.398
1232.67
657.095
1135.66
714.037
1038.94
759.363
943.478
786.482
848.938
790.621
755.341
768.86
661.93
719.941
568.293
642.128
472.26
532.174
375.099
382.677
266.65
189.834
134.773
-110.235
121.97
1046
174.457
1993.84
209.273
1919.36
246.448
1658.66
298.262
1497.41
352.338
1375.48
406.551
1278.94
456.783
1182.44
502.804
1089.64
542.522
999.224
574.396
911.603
597.495
825.839
612.677
740.159
620.394
654.213
617.402
571.285
591.636
498.026
524.285
442.45
395.532
395.403
198.646
331.66
88.4101
2.19832
1043.8
44.5833
1951.46
114.119
1849.83
176.24
1596.54
244.549
1429.1
315.317
1304.71
385.415
1208.84
453.264
1114.59
519.714
1023.19
587.227
931.711
659.574
839.256
740.548
744.865
828.998
651.709
913.137
570.073
966.58
517.841
952.382
512.224
842.338
552.494
626.713
611.028
334.639
623.734
423.049
-124.698
1168.5
-78.0939
1904.85
36.0619
1735.67
112.477
1520.12
168.559
1373.02
222.193
1251.07
285.921
1145.12
367.921
1032.59
475.118
915.992
613.326
793.502
782.83
669.751
973.926
553.768
1159.22
466.412
1294.17
435.124
1329.73
482.278
1234.99
606.972
1010.88
776.604
685.648
936.256
329.487
979.895
752.536
-155.723
1324.22
-209.638
1958.77
-209.746
1735.78
-211.556
1521.93
-244.133
1405.6
-292.99
1299.93
-331.446
1183.57
-348.759
1049.9
-340.288
907.521
-305.667
758.881
-248.45
612.533
-175.246
480.564
-92.218
383.382
-1.71854
344.623
95.9354
384.623
187.976
514.932
235.382
729.197
200.445
971.192
90.0138
1090.33
842.55
53.8517
1270.37
32.8943
1979.73
-153.235
1921.91
-380.893
1749.59
-607.418
1632.12
-830.325
1522.84
-1044.69
1397.94
-1252.99
1258.2
-1459.5
1114.03
-1667.08
966.464
-1872.11
817.554
-2060.27
668.731
-2201.12
524.227
-2247.71
391.211
-2150.74
287.653
-1880.02
244.218
-1435.34
284.514
-867.937
403.789
-324.841
547.229
517.709
411.772
858.596
825.919
1565.58
814.562
1933.26
530.237
2033.91
209.123
1953.23
-79.4614
1811.42
-342.342
1660.82
-592.519
1508.38
-835.327
1356.84
-1072.72
1203.85
-1302.96
1047.8
-1520.69
886.463
-1715.61
719.146
-1870.69
546.291
-1956.87
373.829
-1923.11
210.462
-1706.63
68.0358
-1254.37
-48.4725
-588.154
-118.989
-70.4444
544.856
313.74
1079.6
1030.84
1149.96
1862.9
987.859
2196.02
793.706
2147.39
622.405
1982.72
468.046
1815.18
320.561
1655.86
178.958
1498.44
44.111
1338.7
-83.3173
1175.22
-202.887
1006.03
-316.329
832.589
-423.976
653.938
-520.407
470.259
-590.649
280.704
-616.578
93.965
-569.517
-95.5333
-389.174
-299.331
-459.619
277.637
36.1055
254.989
1053.49
167.306
1950.58
160.182
2203.14
204.864
2102.71
266.535
1921.05
335.864
1745.85
406.24
1585.49
473.119
1431.56
531.743
1280.08
578.397
1128.57
602.705
981.724
603.436
831.858
577.138
680.236
519.104
528.294
428.309
371.499
315.238
207.038
201.62
18.0874
62.3574
-160.067
-397.261
-354.742
-465.055
-296.599
-19.0114
257.076
501.729
716.569
903.363
1060.88
1186.29
1277.57
1319.44
1322.5
1285.61
1205.81
1077.36
894.907
645.72
347.418
)
;

boundaryField
{
    outletWallLeft
    {
        type            calculated;
        value           nonuniform List<scalar> 
40
(
-101.321
-158.17
-218.412
-274.019
-310.939
-342.275
-372.653
-400.189
-423.757
-436.742
-458.293
-469.581
-535.201
-525.63
-727.976
-512.116
-1265.73
61.7696
-3439.25
4146.51
-4673.87
-4098.41
-4093.16
-3825.01
-3911.72
-3718.26
-3889.55
-3964.83
-3804.58
-4704.1
-5823.01
-6849.75
-8234.57
-6183.01
1857.1
10615.8
2008.31
15429.7
-20037.3
103663
)
;
    }
    fineWallsLeft
    {
        type            calculated;
        value           uniform 0;
    }
    fineFrontAndBackLeft
    {
        type            calculated;
        value           nonuniform List<scalar> 
880
(
-2.28057e-15
2.59905e-15
-3.81814e-14
5.25169e-14
-6.56418e-13
-1.15761e-12
-2.89753e-13
-9.16891e-13
-1.18061e-12
-3.2698e-13
-1.17193e-12
-3.31482e-13
-1.01657e-12
-1.14019e-12
-3.00359e-13
-1.07533e-12
-3.25778e-13
-1.03372e-12
-1.19511e-12
-3.33674e-13
-5.71285e-14
9.00209e-13
-4.31772e-13
-4.93291e-13
-4.90558e-13
-7.04504e-13
-6.51906e-13
-6.64336e-13
-6.65207e-13
-7.06888e-13
-7.41989e-13
-5.8014e-12
-8.1873e-13
-8.25647e-13
-8.43612e-13
-8.41235e-13
-8.58539e-13
-8.57836e-13
-8.19463e-13
-1.01098e-12
-1.12929e-11
-1.55169e-12
-1.45004e-12
-8.67595e-12
-1.31253e-12
-1.28465e-12
-1.25856e-12
-6.90172e-12
-9.60944e-13
-9.5105e-13
-3.26016e-12
-2.57138e-13
-7.29286e-14
-5.68506e-13
2.22281e-11
1.95399e-12
2.2159e-12
2.07626e-12
1.2528e-11
2.09405e-12
1.30065e-13
-1.29223e-12
-3.39033e-13
3.87432e-12
-3.19477e-12
-1.16013e-11
-1.03595e-11
-1.37956e-11
-1.30428e-11
-5.28308e-12
-3.15344e-12
-8.66052e-12
-6.38239e-12
-1.28399e-12
-2.40458e-12
-9.91791e-12
-1.42832e-11
-9.76803e-12
7.05449e-12
1.29133e-13
-1.33679e-12
-1.27739e-12
2.48274e-12
-2.15694e-12
-1.11911e-11
-1.21848e-11
-1.67807e-11
-1.47273e-11
-4.38053e-12
-1.30211e-12
-7.36883e-12
-4.83317e-12
-8.95881e-13
-1.44751e-13
-4.03457e-12
-1.08321e-11
-1.55339e-11
-3.6683e-12
-1.11009e-13
-1.43402e-12
-1.56561e-12
1.31872e-12
-1.33107e-12
-1.0711e-11
-1.38813e-11
-1.90793e-11
-1.56271e-11
-3.43224e-12
-2.03668e-13
-5.67301e-12
-2.97265e-12
-4.69137e-13
1.38732e-13
3.28368e-13
-4.58391e-12
-1.31059e-11
-1.39759e-11
-6.66262e-13
-1.50239e-12
-1.52467e-12
5.54811e-13
-7.646e-13
-1.02041e-11
-1.53275e-11
-2.00501e-11
-1.50686e-11
-2.36032e-12
6.84023e-14
-3.91805e-12
-1.41171e-12
-1.20557e-13
-2.84512e-14
1.69881e-13
-1.39201e-12
-1.00121e-11
-1.46264e-11
-1.26831e-12
-1.4226e-12
-1.31409e-12
1.7448e-13
-4.37189e-13
-9.72199e-12
-1.64996e-11
-2.01967e-11
-1.33358e-11
-1.1867e-12
-9.13029e-14
-2.49852e-12
-4.19157e-13
3.76928e-14
-2.77441e-15
-6.17268e-14
-5.11455e-14
-5.69627e-12
-1.33674e-11
-1.5911e-12
-1.21414e-12
-1.05455e-12
4.8432e-14
-2.80686e-13
-9.34157e-12
-1.75407e-11
-2.097e-11
-1.15852e-11
-1.60045e-13
-2.46626e-13
-1.54054e-12
-8.17916e-14
2.69372e-14
2.58852e-15
1.12516e-14
-4.13275e-14
-7.414e-13
-8.72062e-12
-1.61382e-12
-1.02343e-12
-8.59709e-13
7.68373e-14
-2.36806e-13
-9.25596e-12
-1.86858e-11
-2.33824e-11
-1.08284e-11
4.40035e-13
-1.95207e-13
-9.17803e-13
-4.89143e-14
-2.46286e-15
-8.67984e-16
-4.73851e-16
2.12739e-14
8.55511e-14
-1.62217e-13
-1.46781e-12
-9.14112e-13
-6.82249e-13
3.07055e-13
-4.06836e-13
-9.82155e-12
-2.00983e-11
-2.67905e-11
-1.10783e-11
5.72082e-13
-1.14521e-13
-3.14454e-13
-1.54104e-14
-6.95708e-16
1.56372e-16
-2.79685e-16
-4.44625e-15
-3.87424e-14
9.77273e-14
-1.14736e-12
-6.0252e-13
-2.56323e-13
7.14026e-13
-1.17507e-12
-1.13735e-11
-2.17454e-11
-2.90186e-11
-1.13224e-11
4.52028e-13
-8.07676e-14
2.65033e-14
1.73843e-15
4.1232e-16
-1.30263e-17
1.12479e-16
9.78562e-16
-1.7406e-14
2.91424e-13
-5.09083e-13
3.02051e-13
5.31843e-13
8.17674e-13
-2.96173e-12
-1.38837e-11
-2.34289e-11
-2.81508e-11
-1.01996e-11
3.21513e-13
-6.06977e-14
1.434e-14
-1.17713e-15
-5.67726e-17
-4.72618e-18
-2.01908e-17
9.23235e-17
-1.1301e-14
2.06688e-13
3.90414e-13
1.53843e-12
1.26649e-12
-4.35593e-14
-5.69363e-12
-1.68452e-11
-2.49322e-11
-2.42359e-11
-7.13172e-12
2.57979e-13
-4.20976e-14
7.88124e-15
-3.88215e-16
2.15578e-17
5.01498e-19
1.6701e-18
4.44281e-17
-5.25292e-15
1.50438e-13
1.15418e-12
2.19198e-12
1.3344e-12
-1.94714e-12
-8.69156e-12
-1.9553e-11
-2.60826e-11
-1.89176e-11
-3.29241e-12
1.90543e-13
-2.71686e-14
3.45848e-15
-1.11798e-16
-1.63987e-18
-2.71526e-20
1.39774e-19
3.20598e-17
-3.21772e-15
1.1111e-13
1.30279e-12
1.43798e-12
4.54625e-13
-4.34346e-12
-1.11897e-11
-2.14792e-11
-2.67135e-11
-1.4332e-11
-5.25422e-13
6.90195e-14
-1.10588e-14
1.08685e-15
-1.39708e-17
-3.48172e-19
-4.00959e-20
-7.91342e-20
1.23821e-17
-1.81264e-15
8.40184e-14
7.25169e-13
-9.94658e-13
-1.32751e-12
-6.77198e-12
-1.2853e-11
-2.24552e-11
-2.68443e-11
-1.15181e-11
4.64823e-13
-3.26879e-14
9.55026e-16
7.20699e-18
1.6773e-18
4.38361e-20
-1.36573e-20
2.53747e-20
5.60744e-18
-9.15418e-16
6.20151e-14
-8.40272e-13
-5.96466e-12
-4.12011e-12
-9.37638e-12
-1.39137e-11
-2.26991e-11
-2.75538e-11
-9.87827e-12
4.58585e-13
-4.80159e-14
3.51422e-15
-1.93143e-16
2.87086e-18
3.42768e-20
4.15335e-21
-7.22924e-21
1.72694e-18
-3.88578e-16
3.70076e-14
-3.10756e-12
-1.41086e-11
-8.51337e-12
-1.3185e-11
-1.53055e-11
-2.27713e-11
-2.92327e-11
-7.88808e-12
4.01914e-13
-2.08533e-14
1.21042e-15
-6.19096e-17
1.04442e-18
-1.93102e-20
-1.34752e-22
-9.54348e-23
2.50014e-19
-1.14715e-16
1.85573e-14
-7.15194e-12
-2.59129e-11
-1.38715e-11
-1.78543e-11
-1.69025e-11
-2.34622e-11
-2.40576e-11
-4.08774e-12
4.02482e-13
-5.49246e-15
-9.45674e-17
9.52968e-18
-1.02075e-19
-6.71118e-22
-6.55567e-22
-7.26112e-22
-2.00365e-20
-1.4421e-17
8.17968e-15
-1.20251e-11
-4.7238e-11
-2.88668e-11
-2.94194e-11
-2.69e-11
-2.53474e-11
-1.0479e-11
3.1999e-13
1.905e-13
-1.85923e-15
-6.23484e-17
4.76164e-18
-8.76269e-20
2.10722e-21
2.21844e-22
8.02156e-22
2.02364e-21
-2.08251e-18
2.99664e-15
-1.33856e-11
-6.8086e-11
-3.55145e-12
-2.23435e-11
-5.35845e-12
-2.9335e-11
1.43172e-13
1.49442e-12
-2.32159e-14
8.80853e-17
2.00028e-17
-9.6865e-19
8.44238e-21
-3.98214e-22
-1.33804e-23
-1.95304e-22
2.86561e-23
4.25296e-19
-4.97231e-16
-3.92861e-11
-7.86153e-11
-2.25701e-10
-8.19618e-11
-1.65203e-10
-2.39115e-11
1.11026e-12
1.02341e-13
-8.40967e-15
8.39102e-17
1.07999e-18
-7.21274e-20
1.80755e-21
-4.44974e-23
2.42703e-24
1.7854e-23
3.80562e-22
-2.51162e-19
1.08272e-16
2.28057e-15
-2.59905e-15
3.81814e-14
-5.25169e-14
6.56418e-13
1.15761e-12
2.89753e-13
9.16891e-13
1.18061e-12
3.2698e-13
1.17193e-12
3.31482e-13
1.01657e-12
1.14019e-12
3.00359e-13
1.07533e-12
3.25778e-13
1.03372e-12
1.19511e-12
3.33674e-13
5.71285e-14
-9.00209e-13
4.31772e-13
4.93291e-13
4.90558e-13
7.04504e-13
6.51906e-13
6.64336e-13
6.65207e-13
7.06888e-13
7.41989e-13
5.8014e-12
8.1873e-13
8.25647e-13
8.43612e-13
8.41235e-13
8.58539e-13
8.57836e-13
8.19463e-13
1.01098e-12
1.12929e-11
1.55169e-12
1.45004e-12
8.67595e-12
1.31253e-12
1.28465e-12
1.25856e-12
6.90172e-12
9.60944e-13
9.5105e-13
3.26016e-12
2.57138e-13
7.29286e-14
5.68506e-13
-2.22281e-11
-1.95399e-12
-2.2159e-12
-2.07626e-12
-1.2528e-11
-2.09405e-12
-1.30065e-13
1.29223e-12
3.39033e-13
-3.87432e-12
3.19477e-12
1.16013e-11
1.03595e-11
1.37956e-11
1.30428e-11
5.28308e-12
3.15344e-12
8.66052e-12
6.38239e-12
1.28399e-12
2.40458e-12
9.91791e-12
1.42832e-11
9.76803e-12
-7.05449e-12
-1.29133e-13
1.33679e-12
1.27739e-12
-2.48274e-12
2.15694e-12
1.11911e-11
1.21848e-11
1.67807e-11
1.47273e-11
4.38053e-12
1.30211e-12
7.36883e-12
4.83317e-12
8.95881e-13
1.44751e-13
4.03457e-12
1.08321e-11
1.55339e-11
3.6683e-12
1.11009e-13
1.43402e-12
1.56561e-12
-1.31872e-12
1.33107e-12
1.0711e-11
1.38813e-11
1.90793e-11
1.56271e-11
3.43224e-12
2.03668e-13
5.67301e-12
2.97265e-12
4.69137e-13
-1.38732e-13
-3.28368e-13
4.58391e-12
1.31059e-11
1.39759e-11
6.66262e-13
1.50239e-12
1.52467e-12
-5.54811e-13
7.646e-13
1.02041e-11
1.53275e-11
2.00501e-11
1.50686e-11
2.36032e-12
-6.84023e-14
3.91805e-12
1.41171e-12
1.20557e-13
2.84512e-14
-1.69881e-13
1.39201e-12
1.00121e-11
1.46264e-11
1.26831e-12
1.4226e-12
1.31409e-12
-1.7448e-13
4.37189e-13
9.72199e-12
1.64996e-11
2.01967e-11
1.33358e-11
1.1867e-12
9.13029e-14
2.49852e-12
4.19157e-13
-3.76928e-14
2.77441e-15
6.17268e-14
5.11455e-14
5.69627e-12
1.33674e-11
1.5911e-12
1.21414e-12
1.05455e-12
-4.8432e-14
2.80686e-13
9.34157e-12
1.75407e-11
2.097e-11
1.15852e-11
1.60045e-13
2.46626e-13
1.54054e-12
8.17916e-14
-2.69372e-14
-2.58852e-15
-1.12516e-14
4.13275e-14
7.414e-13
8.72062e-12
1.61382e-12
1.02343e-12
8.59709e-13
-7.68373e-14
2.36806e-13
9.25596e-12
1.86858e-11
2.33824e-11
1.08284e-11
-4.40035e-13
1.95207e-13
9.17803e-13
4.89143e-14
2.46286e-15
8.67984e-16
4.73851e-16
-2.12739e-14
-8.55511e-14
1.62217e-13
1.46781e-12
9.14112e-13
6.82249e-13
-3.07055e-13
4.06836e-13
9.82155e-12
2.00983e-11
2.67905e-11
1.10783e-11
-5.72082e-13
1.14521e-13
3.14454e-13
1.54104e-14
6.95708e-16
-1.56372e-16
2.79685e-16
4.44625e-15
3.87424e-14
-9.77273e-14
1.14736e-12
6.0252e-13
2.56323e-13
-7.14026e-13
1.17507e-12
1.13735e-11
2.17454e-11
2.90186e-11
1.13224e-11
-4.52028e-13
8.07676e-14
-2.65033e-14
-1.73843e-15
-4.1232e-16
1.30263e-17
-1.12479e-16
-9.78562e-16
1.7406e-14
-2.91424e-13
5.09083e-13
-3.02051e-13
-5.31843e-13
-8.17674e-13
2.96173e-12
1.38837e-11
2.34289e-11
2.81508e-11
1.01996e-11
-3.21513e-13
6.06977e-14
-1.434e-14
1.17713e-15
5.67726e-17
4.72618e-18
2.01908e-17
-9.23235e-17
1.1301e-14
-2.06688e-13
-3.90414e-13
-1.53843e-12
-1.26649e-12
4.35593e-14
5.69363e-12
1.68452e-11
2.49322e-11
2.42359e-11
7.13172e-12
-2.57979e-13
4.20976e-14
-7.88124e-15
3.88215e-16
-2.15578e-17
-5.01498e-19
-1.6701e-18
-4.44281e-17
5.25292e-15
-1.50438e-13
-1.15418e-12
-2.19198e-12
-1.3344e-12
1.94714e-12
8.69156e-12
1.9553e-11
2.60826e-11
1.89176e-11
3.29241e-12
-1.90543e-13
2.71686e-14
-3.45848e-15
1.11798e-16
1.63987e-18
2.71526e-20
-1.39774e-19
-3.20598e-17
3.21772e-15
-1.1111e-13
-1.30279e-12
-1.43798e-12
-4.54625e-13
4.34346e-12
1.11897e-11
2.14792e-11
2.67135e-11
1.4332e-11
5.25422e-13
-6.90195e-14
1.10588e-14
-1.08685e-15
1.39708e-17
3.48172e-19
4.00959e-20
7.91342e-20
-1.23821e-17
1.81264e-15
-8.40184e-14
-7.25169e-13
9.94658e-13
1.32751e-12
6.77198e-12
1.2853e-11
2.24552e-11
2.68443e-11
1.15181e-11
-4.64823e-13
3.26879e-14
-9.55026e-16
-7.20699e-18
-1.6773e-18
-4.38361e-20
1.36573e-20
-2.53747e-20
-5.60744e-18
9.15418e-16
-6.20151e-14
8.40272e-13
5.96466e-12
4.12011e-12
9.37638e-12
1.39137e-11
2.26991e-11
2.75538e-11
9.87827e-12
-4.58585e-13
4.80159e-14
-3.51422e-15
1.93143e-16
-2.87086e-18
-3.42768e-20
-4.15335e-21
7.22924e-21
-1.72694e-18
3.88578e-16
-3.70076e-14
3.10756e-12
1.41086e-11
8.51337e-12
1.3185e-11
1.53055e-11
2.27713e-11
2.92327e-11
7.88808e-12
-4.01914e-13
2.08533e-14
-1.21042e-15
6.19096e-17
-1.04442e-18
1.93102e-20
1.34752e-22
9.54348e-23
-2.50014e-19
1.14715e-16
-1.85573e-14
7.15194e-12
2.59129e-11
1.38715e-11
1.78543e-11
1.69025e-11
2.34622e-11
2.40576e-11
4.08774e-12
-4.02482e-13
5.49246e-15
9.45674e-17
-9.52968e-18
1.02075e-19
6.71118e-22
6.55567e-22
7.26112e-22
2.00365e-20
1.4421e-17
-8.17968e-15
1.20251e-11
4.7238e-11
2.88668e-11
2.94194e-11
2.69e-11
2.53474e-11
1.0479e-11
-3.1999e-13
-1.905e-13
1.85923e-15
6.23484e-17
-4.76164e-18
8.76269e-20
-2.10722e-21
-2.21844e-22
-8.02156e-22
-2.02364e-21
2.08251e-18
-2.99664e-15
1.33856e-11
6.8086e-11
3.55145e-12
2.23435e-11
5.35845e-12
2.9335e-11
-1.43172e-13
-1.49442e-12
2.32159e-14
-8.80853e-17
-2.00028e-17
9.6865e-19
-8.44238e-21
3.98214e-22
1.33804e-23
1.95304e-22
-2.86561e-23
-4.25296e-19
4.97231e-16
3.92861e-11
7.86153e-11
2.25701e-10
8.19618e-11
1.65203e-10
2.39115e-11
-1.11026e-12
-1.02341e-13
8.40967e-15
-8.39102e-17
-1.07999e-18
7.21274e-20
-1.80755e-21
4.44974e-23
-2.42703e-24
-1.7854e-23
-3.80562e-22
2.51162e-19
-1.08272e-16
)
;
    }
    fineplugLeft
    {
        type            cyclicAMI;
        value           nonuniform List<scalar> 
20
(
-583.813
-987.775
-984.224
-963.076
-966.956
-973.984
-980.881
-986.665
-992.018
-996.703
-1002.93
-1001.71
-1022.47
-1030.45
-1035.63
-1040.53
-1046.43
-1086.93
-1099.02
-717.813
)
;
    }
    symmetryWallLeft
    {
        type            cyclicAMI;
        value           nonuniform List<scalar> 
20
(
-307.815
1243.51
9403.26
15168.5
10294.4
5500.85
8879.72
4378.5
-5348.05
-4120.76
9829.59
12672.1
6529.61
-5932.53
-12584.1
-13043.2
-13470.5
-17295.9
-16328.7
-14967.8
)
;
    }
    inletOutletLeft
    {
        type            cyclicAMI;
        value           nonuniform List<scalar> 
20
(
717.813
1099.02
1086.93
1046.43
1040.53
1035.63
1030.45
1022.47
1001.71
1002.93
996.703
992.018
986.665
980.881
973.984
966.956
963.076
984.224
987.775
583.813
)
;
    }
    inletLeft
    {
        type            calculated;
        value           uniform -975;
    }
    inletWallsLeft
    {
        type            calculated;
        value           uniform 0;
    }
    inletFacesLeft
    {
        type            calculated;
        value           nonuniform List<scalar> 
800
(
-5.08726e-15
4.88803e-13
4.14218e-13
3.84644e-13
3.75429e-13
5.63725e-13
3.95667e-13
3.70439e-13
3.49522e-13
3.9136e-13
3.88239e-13
3.71006e-13
3.81641e-13
3.61414e-13
3.67262e-13
3.65078e-13
3.80904e-13
3.44773e-13
3.53738e-13
5.84176e-13
-6.53063e-15
3.50045e-13
2.96907e-13
2.7248e-13
2.67318e-13
4.7983e-13
2.67595e-13
2.72594e-13
2.68525e-13
3.08553e-13
3.00553e-13
2.74259e-13
2.85192e-13
2.71106e-13
2.69204e-13
2.83083e-13
2.97058e-13
2.53058e-13
2.662e-13
4.69268e-13
5.77171e-16
9.40199e-14
7.59666e-14
6.61554e-14
7.14018e-14
2.96817e-13
1.6544e-13
1.5338e-13
1.59877e-13
1.51285e-13
1.51622e-13
1.49468e-13
1.48694e-13
1.46796e-13
1.29379e-13
1.41373e-13
1.51196e-13
1.23207e-13
1.39681e-13
2.40154e-13
3.82638e-17
-3.35892e-14
-2.76608e-14
-2.6978e-14
-2.56375e-14
1.28864e-13
1.11197e-13
1.00097e-13
1.22359e-13
1.1527e-13
1.0752e-13
1.02131e-13
1.11222e-13
9.59698e-14
9.99561e-14
1.03664e-13
1.19978e-13
9.89279e-14
1.06096e-13
1.85262e-13
-4.64673e-17
8.12111e-15
6.30329e-15
6.50073e-15
6.44961e-15
-4.29695e-14
-3.62192e-14
-3.51703e-14
-3.59263e-14
-3.53782e-14
-3.48409e-14
-3.47568e-14
-3.47615e-14
-3.41857e-14
-3.11248e-14
-3.28451e-14
-3.56639e-14
-2.94686e-14
-3.31136e-14
-5.33518e-14
1.9003e-17
-1.93494e-15
-1.44906e-15
-1.55186e-15
-1.59529e-15
1.00355e-14
7.85319e-15
8.54445e-15
7.83137e-15
8.41222e-15
8.75693e-15
8.19288e-15
8.27646e-15
8.28648e-15
7.83481e-15
8.27807e-15
8.00401e-15
7.06416e-15
8.0854e-15
1.19513e-14
-6.25826e-18
4.51719e-16
3.50637e-16
3.71099e-16
3.85083e-16
-2.31762e-15
-1.7909e-15
-2.03993e-15
-1.76417e-15
-2.04438e-15
-2.09597e-15
-1.94656e-15
-1.98076e-15
-1.91672e-15
-1.91591e-15
-1.99955e-15
-1.83995e-15
-1.7516e-15
-1.98857e-15
-2.65694e-15
1.88883e-18
-1.04654e-16
-8.66493e-17
-8.68054e-17
-9.12431e-17
5.36042e-16
4.35486e-16
4.8809e-16
4.09353e-16
4.91079e-16
4.85852e-16
4.72173e-16
4.71497e-16
4.39175e-16
4.50432e-16
4.59308e-16
4.382e-16
4.35376e-16
4.92011e-16
5.87875e-16
-5.42153e-19
2.4342e-17
2.1151e-17
1.98769e-17
2.12429e-17
-1.25762e-16
-1.06455e-16
-1.1595e-16
-9.72103e-17
-1.14581e-16
-1.13323e-16
-1.13822e-16
-1.10552e-16
-1.01863e-16
-1.04873e-16
-1.04074e-16
-1.06773e-16
-1.06224e-16
-1.21084e-16
-1.31455e-16
1.49315e-19
-5.68745e-18
-5.04443e-18
-4.51053e-18
-4.91749e-18
2.98713e-17
2.56744e-17
2.71822e-17
2.34808e-17
2.61404e-17
2.68082e-17
2.68877e-17
2.55559e-17
2.4092e-17
2.45884e-17
2.38258e-17
2.59145e-17
2.53474e-17
2.93422e-17
2.97107e-17
-3.98148e-20
1.32908e-18
1.18192e-18
1.02337e-18
1.14863e-18
-7.11189e-18
-6.14784e-18
-6.31145e-18
-5.7302e-18
-5.96195e-18
-6.38803e-18
-6.25902e-18
-5.91494e-18
-5.75308e-18
-5.81324e-18
-5.56176e-18
-6.18054e-18
-5.95827e-18
-7.02055e-18
-6.79007e-18
1.0387e-20
-3.10256e-19
-2.75708e-19
-2.3375e-19
-2.72733e-19
1.69042e-18
1.46941e-18
1.4603e-18
1.39572e-18
1.38198e-18
1.51989e-18
1.45542e-18
1.39176e-18
1.36845e-18
1.38199e-18
1.32467e-18
1.44938e-18
1.39244e-18
1.67211e-18
1.57381e-18
-2.66998e-21
7.24551e-20
6.48339e-20
5.42041e-20
6.56039e-20
-4.0198e-19
-3.50291e-19
-3.37919e-19
-3.35033e-19
-3.25899e-19
-3.58658e-19
-3.41244e-19
-3.33222e-19
-3.22737e-19
-3.29773e-19
-3.19853e-19
-3.36362e-19
-3.25872e-19
-3.9881e-19
-3.69145e-19
6.78001e-22
-1.69403e-20
-1.54383e-20
-1.28314e-20
-1.58164e-20
9.56924e-20
8.30491e-20
7.83501e-20
7.89166e-20
7.75722e-20
8.3708e-20
8.06708e-20
8.02537e-20
7.58278e-20
7.88286e-20
7.74449e-20
7.77992e-20
7.66284e-20
9.53942e-20
8.68124e-20
-1.70189e-22
3.96206e-21
3.7049e-21
3.0896e-21
3.78132e-21
-2.27232e-20
-1.9558e-20
-1.82346e-20
-1.83475e-20
-1.85002e-20
-1.93649e-20
-1.91027e-20
-1.91956e-20
-1.78667e-20
-1.88236e-20
-1.86173e-20
-1.80382e-20
-1.80965e-20
-2.28412e-20
-2.02485e-20
4.22565e-23
-9.25869e-22
-8.8765e-22
-7.47991e-22
-8.91982e-22
5.36018e-21
4.58252e-21
4.26828e-21
4.25533e-21
4.40451e-21
4.46627e-21
4.50011e-21
4.52983e-21
4.22941e-21
4.47974e-21
4.42422e-21
4.20792e-21
4.28087e-21
5.45798e-21
4.65481e-21
-1.03912e-23
2.16019e-22
2.10571e-22
1.799e-22
2.08029e-22
-1.25461e-21
-1.07197e-21
-1.00611e-21
-9.93228e-22
-1.04585e-21
-1.03323e-21
-1.05149e-21
-1.0554e-21
-1.00239e-21
-1.06133e-21
-1.0415e-21
-9.88968e-22
-1.0117e-21
-1.29823e-21
-1.05498e-21
2.53208e-24
-5.02852e-23
-4.92551e-23
-4.2691e-23
-4.82702e-23
2.91758e-22
2.51011e-22
2.38509e-22
2.33889e-22
2.47579e-22
2.40359e-22
2.43889e-22
2.4399e-22
2.36639e-22
2.50116e-22
2.44114e-22
2.33842e-22
2.38332e-22
3.0686e-22
2.37018e-22
-6.19034e-25
1.17891e-23
1.14737e-23
1.00922e-23
1.13274e-23
-6.82625e-23
-5.94881e-23
-5.72637e-23
-5.60496e-23
-5.90251e-23
-5.67263e-23
-5.68627e-23
-5.68758e-23
-5.60573e-23
-5.9192e-23
-5.78152e-23
-5.60176e-23
-5.64818e-23
-7.27233e-23
-5.35876e-23
1.26846e-25
-2.31302e-24
-2.23115e-24
-1.98923e-24
-2.26444e-24
1.33335e-23
1.18812e-23
1.15386e-23
1.13229e-23
1.17749e-23
1.12729e-23
1.11315e-23
1.12058e-23
1.11275e-23
1.16951e-23
1.15442e-23
1.12853e-23
1.12038e-23
1.44112e-23
1.02173e-23
5.08726e-15
-4.88803e-13
-4.14218e-13
-3.84644e-13
-3.75429e-13
-5.63725e-13
-3.95667e-13
-3.70439e-13
-3.49522e-13
-3.9136e-13
-3.88239e-13
-3.71006e-13
-3.81641e-13
-3.61414e-13
-3.67262e-13
-3.65078e-13
-3.80904e-13
-3.44773e-13
-3.53738e-13
-5.84176e-13
6.53063e-15
-3.50045e-13
-2.96907e-13
-2.7248e-13
-2.67318e-13
-4.7983e-13
-2.67595e-13
-2.72594e-13
-2.68525e-13
-3.08553e-13
-3.00553e-13
-2.74259e-13
-2.85192e-13
-2.71106e-13
-2.69204e-13
-2.83083e-13
-2.97058e-13
-2.53058e-13
-2.662e-13
-4.69268e-13
-5.77171e-16
-9.40199e-14
-7.59666e-14
-6.61554e-14
-7.14018e-14
-2.96817e-13
-1.6544e-13
-1.5338e-13
-1.59877e-13
-1.51285e-13
-1.51622e-13
-1.49468e-13
-1.48694e-13
-1.46796e-13
-1.29379e-13
-1.41373e-13
-1.51196e-13
-1.23207e-13
-1.39681e-13
-2.40154e-13
-3.82638e-17
3.35892e-14
2.76608e-14
2.6978e-14
2.56375e-14
-1.28864e-13
-1.11197e-13
-1.00097e-13
-1.22359e-13
-1.1527e-13
-1.0752e-13
-1.02131e-13
-1.11222e-13
-9.59698e-14
-9.99561e-14
-1.03664e-13
-1.19978e-13
-9.89279e-14
-1.06096e-13
-1.85262e-13
4.64673e-17
-8.12111e-15
-6.30329e-15
-6.50073e-15
-6.44961e-15
4.29695e-14
3.62192e-14
3.51703e-14
3.59263e-14
3.53782e-14
3.48409e-14
3.47568e-14
3.47615e-14
3.41857e-14
3.11248e-14
3.28451e-14
3.56639e-14
2.94686e-14
3.31136e-14
5.33518e-14
-1.9003e-17
1.93494e-15
1.44906e-15
1.55186e-15
1.59529e-15
-1.00355e-14
-7.85319e-15
-8.54445e-15
-7.83137e-15
-8.41222e-15
-8.75693e-15
-8.19288e-15
-8.27646e-15
-8.28648e-15
-7.83481e-15
-8.27807e-15
-8.00401e-15
-7.06416e-15
-8.0854e-15
-1.19513e-14
6.25826e-18
-4.51719e-16
-3.50637e-16
-3.71099e-16
-3.85083e-16
2.31762e-15
1.7909e-15
2.03993e-15
1.76417e-15
2.04438e-15
2.09597e-15
1.94656e-15
1.98076e-15
1.91672e-15
1.91591e-15
1.99955e-15
1.83995e-15
1.7516e-15
1.98857e-15
2.65694e-15
-1.88883e-18
1.04654e-16
8.66493e-17
8.68054e-17
9.12431e-17
-5.36042e-16
-4.35486e-16
-4.8809e-16
-4.09353e-16
-4.91079e-16
-4.85852e-16
-4.72173e-16
-4.71497e-16
-4.39175e-16
-4.50432e-16
-4.59308e-16
-4.382e-16
-4.35376e-16
-4.92011e-16
-5.87875e-16
5.42153e-19
-2.4342e-17
-2.1151e-17
-1.98769e-17
-2.12429e-17
1.25762e-16
1.06455e-16
1.1595e-16
9.72103e-17
1.14581e-16
1.13323e-16
1.13822e-16
1.10552e-16
1.01863e-16
1.04873e-16
1.04074e-16
1.06773e-16
1.06224e-16
1.21084e-16
1.31455e-16
-1.49315e-19
5.68745e-18
5.04443e-18
4.51053e-18
4.91749e-18
-2.98713e-17
-2.56744e-17
-2.71822e-17
-2.34808e-17
-2.61404e-17
-2.68082e-17
-2.68877e-17
-2.55559e-17
-2.4092e-17
-2.45884e-17
-2.38258e-17
-2.59145e-17
-2.53474e-17
-2.93422e-17
-2.97107e-17
3.98148e-20
-1.32908e-18
-1.18192e-18
-1.02337e-18
-1.14863e-18
7.11189e-18
6.14784e-18
6.31145e-18
5.7302e-18
5.96195e-18
6.38803e-18
6.25902e-18
5.91494e-18
5.75308e-18
5.81324e-18
5.56176e-18
6.18054e-18
5.95827e-18
7.02055e-18
6.79007e-18
-1.0387e-20
3.10256e-19
2.75708e-19
2.3375e-19
2.72733e-19
-1.69042e-18
-1.46941e-18
-1.4603e-18
-1.39572e-18
-1.38198e-18
-1.51989e-18
-1.45542e-18
-1.39176e-18
-1.36845e-18
-1.38199e-18
-1.32467e-18
-1.44938e-18
-1.39244e-18
-1.67211e-18
-1.57381e-18
2.66998e-21
-7.24551e-20
-6.48339e-20
-5.42041e-20
-6.56039e-20
4.0198e-19
3.50291e-19
3.37919e-19
3.35033e-19
3.25899e-19
3.58658e-19
3.41244e-19
3.33222e-19
3.22737e-19
3.29773e-19
3.19853e-19
3.36362e-19
3.25872e-19
3.9881e-19
3.69145e-19
-6.78001e-22
1.69403e-20
1.54383e-20
1.28314e-20
1.58164e-20
-9.56924e-20
-8.30491e-20
-7.83501e-20
-7.89166e-20
-7.75722e-20
-8.3708e-20
-8.06708e-20
-8.02537e-20
-7.58278e-20
-7.88286e-20
-7.74449e-20
-7.77992e-20
-7.66284e-20
-9.53942e-20
-8.68124e-20
1.70189e-22
-3.96206e-21
-3.7049e-21
-3.0896e-21
-3.78132e-21
2.27232e-20
1.9558e-20
1.82346e-20
1.83475e-20
1.85002e-20
1.93649e-20
1.91027e-20
1.91956e-20
1.78667e-20
1.88236e-20
1.86173e-20
1.80382e-20
1.80965e-20
2.28412e-20
2.02485e-20
-4.22565e-23
9.25869e-22
8.8765e-22
7.47991e-22
8.91982e-22
-5.36018e-21
-4.58252e-21
-4.26828e-21
-4.25533e-21
-4.40451e-21
-4.46627e-21
-4.50011e-21
-4.52983e-21
-4.22941e-21
-4.47974e-21
-4.42422e-21
-4.20792e-21
-4.28087e-21
-5.45798e-21
-4.65481e-21
1.03912e-23
-2.16019e-22
-2.10571e-22
-1.799e-22
-2.08029e-22
1.25461e-21
1.07197e-21
1.00611e-21
9.93228e-22
1.04585e-21
1.03323e-21
1.05149e-21
1.0554e-21
1.00239e-21
1.06133e-21
1.0415e-21
9.88968e-22
1.0117e-21
1.29823e-21
1.05498e-21
-2.53208e-24
5.02852e-23
4.92551e-23
4.2691e-23
4.82702e-23
-2.91758e-22
-2.51011e-22
-2.38509e-22
-2.33889e-22
-2.47579e-22
-2.40359e-22
-2.43889e-22
-2.4399e-22
-2.36639e-22
-2.50116e-22
-2.44114e-22
-2.33842e-22
-2.38332e-22
-3.0686e-22
-2.37018e-22
6.19034e-25
-1.17891e-23
-1.14737e-23
-1.00922e-23
-1.13274e-23
6.82625e-23
5.94881e-23
5.72637e-23
5.60496e-23
5.90251e-23
5.67263e-23
5.68627e-23
5.68758e-23
5.60573e-23
5.9192e-23
5.78152e-23
5.60176e-23
5.64818e-23
7.27233e-23
5.35876e-23
-1.26846e-25
2.31302e-24
2.23115e-24
1.98923e-24
2.26444e-24
-1.33335e-23
-1.18812e-23
-1.15386e-23
-1.13229e-23
-1.17749e-23
-1.12729e-23
-1.11315e-23
-1.12058e-23
-1.11275e-23
-1.16951e-23
-1.15442e-23
-1.12853e-23
-1.12038e-23
-1.44112e-23
-1.02173e-23
)
;
    }
    fineWallsRight
    {
        type            calculated;
        value           uniform 0;
    }
    outletWallRight
    {
        type            calculated;
        value           uniform 0;
    }
    fineplugRight
    {
        type            cyclicAMI;
        value           nonuniform List<scalar> 
20
(
49.8429
-138.244
-267.281
-389.497
-499.952
-608.095
-717.125
-828.805
-939.856
-1037.29
-1154.66
-1274.05
-1398.7
-1531.01
-1676.4
-1826.62
-1925.56
-1782.13
-1163.8
-390.855
)
;
    }
    fineFrontAndBackRight
    {
        type            calculated;
        value           nonuniform List<scalar> 
880
(
-2.15994e-12
-1.30882e-11
-2.10608e-12
-2.07228e-12
-2.17437e-12
-5.79089e-12
-4.82269e-13
-5.69362e-13
-5.72238e-13
-3.13579e-12
-3.95242e-13
-3.76685e-13
-1.97493e-12
-2.64223e-13
-1.74959e-13
-9.96126e-14
-3.18253e-13
-1.05032e-14
1.27478e-15
4.33816e-13
1.29803e-13
2.64851e-13
2.44344e-13
2.59131e-13
2.72424e-13
2.82672e-13
2.90633e-13
2.84619e-13
-1.47775e-12
1.05137e-13
5.21347e-14
1.27288e-14
-2.08816e-14
-6.86132e-14
-1.62542e-13
-3.21945e-13
-4.55748e-13
-6.05365e-13
-1.45508e-11
-7.77291e-13
-7.61148e-12
-2.3922e-11
-2.12601e-11
-6.38968e-12
-2.2853e-11
-6.10578e-12
-2.35955e-11
-1.89695e-11
-5.79673e-12
-2.03731e-11
-5.3516e-12
-1.83929e-11
-1.3966e-11
-4.168e-12
-1.44646e-11
-1.07125e-11
-2.59869e-12
-8.18082e-12
-4.37671e-12
9.40062e-12
-5.42257e-12
-4.55682e-12
-7.99116e-12
-1.97022e-11
-1.81788e-11
-5.4446e-12
-1.21165e-11
-1.60142e-11
-1.55668e-11
-1.46076e-11
-1.333e-11
-1.19854e-11
-1.0932e-11
-1.05757e-11
-1.11995e-11
-1.21263e-11
-1.37717e-11
-1.08426e-11
4.89653e-12
-1.05672e-11
-1.25317e-11
-1.05153e-11
-2.79297e-11
-1.91304e-11
-1.71426e-11
-2.0214e-11
-1.58896e-11
-1.32118e-11
-1.19897e-11
-1.03617e-11
-9.0584e-12
-8.47434e-12
-8.92009e-12
-1.04141e-11
-1.22452e-11
-1.27965e-11
-1.65751e-11
-3.7471e-12
-1.38599e-11
-1.79008e-11
-1.44701e-11
-3.07288e-11
-2.6176e-11
-2.27619e-11
-1.72758e-11
-1.04929e-11
-9.59465e-12
-8.09567e-12
-6.75703e-12
-6.03866e-12
-6.40318e-12
-7.99588e-12
-1.06208e-11
-1.34612e-11
-1.27134e-11
-1.69299e-11
-1.03602e-11
-1.60926e-11
-2.02283e-11
-1.69606e-11
-3.51195e-11
-3.10372e-11
-2.11221e-11
-1.09264e-11
-5.8749e-12
-4.90971e-12
-3.4904e-12
-2.85892e-12
-2.85511e-12
-4.13692e-12
-6.82386e-12
-1.06627e-11
-1.45676e-11
-1.52414e-11
-1.67841e-11
-1.42829e-11
-1.76837e-11
-2.09963e-11
-1.77025e-11
-3.54439e-11
-3.05713e-11
-1.56143e-11
-4.65828e-12
-7.54502e-13
8.65449e-13
1.43006e-12
1.26687e-12
7.0029e-13
-1.28824e-12
-5.04257e-12
-1.02993e-11
-1.5616e-11
-1.76232e-11
-1.69951e-11
-1.65367e-11
-1.87752e-11
-1.91712e-11
-1.66473e-11
-3.26202e-11
-2.7433e-11
-9.32415e-12
1.32727e-12
5.49762e-12
7.11355e-12
6.46087e-12
5.69398e-12
4.89094e-12
2.37256e-12
-2.53432e-12
-9.46455e-12
-1.63271e-11
-1.89687e-11
-1.72739e-11
-1.76965e-11
-1.9718e-11
-1.41182e-11
-1.51054e-11
-2.90613e-11
-2.37277e-11
-3.3906e-12
7.55101e-12
1.25143e-11
1.33128e-11
1.15548e-11
1.05658e-11
9.79308e-12
6.75926e-12
6.1306e-13
-8.11268e-12
-1.66197e-11
-1.95966e-11
-1.73936e-11
-1.84078e-11
-2.10877e-11
-1.44144e-11
-1.6417e-11
-2.70434e-11
-1.99024e-11
2.18296e-12
1.40628e-11
1.95193e-11
1.90418e-11
1.66846e-11
1.57339e-11
1.48738e-11
1.11904e-11
4.03176e-12
-6.2573e-12
-1.64706e-11
-1.98902e-11
-1.72388e-11
-1.90087e-11
-2.33756e-11
-2.13539e-11
-2.14832e-11
-2.67576e-11
-1.57893e-11
7.52612e-12
2.02489e-11
2.50962e-11
2.34138e-11
2.14373e-11
2.01933e-11
1.8456e-11
1.42733e-11
7.10962e-12
-4.03943e-12
-1.58328e-11
-2.00634e-11
-1.67604e-11
-1.94391e-11
-2.5578e-11
-2.7946e-11
-2.70545e-11
-2.66057e-11
-1.13163e-11
1.24737e-11
2.44202e-11
2.55043e-11
2.32227e-11
2.42358e-11
2.13247e-11
1.75329e-11
1.4516e-11
9.25401e-12
-1.67014e-12
-1.46351e-11
-2.02878e-11
-1.61597e-11
-2.00387e-11
-2.4528e-11
-3.10867e-11
-3.0119e-11
-2.52947e-11
-6.60287e-12
1.64303e-11
2.31888e-11
1.30187e-11
1.1359e-11
1.91501e-11
1.51313e-11
1.05291e-11
1.21656e-11
1.0338e-11
6.51227e-13
-1.27433e-11
-2.05803e-11
-1.60258e-11
-2.06921e-11
-2.06633e-11
-3.08153e-11
-3.03004e-11
-2.26704e-11
-1.99577e-12
1.84509e-11
1.51881e-11
-7.14688e-12
-2.05338e-12
4.2549e-12
4.33248e-12
3.73277e-12
1.02842e-11
1.09113e-11
2.84726e-12
-1.00478e-11
-2.03863e-11
-1.84714e-11
-2.22597e-11
-1.51431e-11
-2.79227e-11
-2.85186e-11
-1.92802e-11
1.81869e-12
1.82061e-11
7.37265e-12
-9.83398e-12
-1.23796e-12
1.68476e-12
2.34994e-12
5.49663e-12
1.13592e-11
1.16415e-11
4.96876e-12
-6.71207e-12
-1.85748e-11
-2.66275e-11
-2.43676e-11
-9.33073e-12
-2.30934e-11
-2.56379e-11
-1.57952e-11
4.4357e-12
1.68375e-11
3.36977e-12
-6.44082e-12
8.88662e-13
3.13733e-12
5.28995e-12
9.46713e-12
1.34191e-11
1.24295e-11
7.00084e-12
-3.29428e-12
-1.39731e-11
-2.21493e-11
-2.00163e-11
-4.52797e-12
-1.69825e-11
-2.21467e-11
-1.27156e-11
5.94467e-12
1.5342e-11
1.9362e-12
-3.84964e-12
2.23489e-12
4.17427e-12
7.50428e-12
1.14434e-11
1.402e-11
1.21338e-11
8.5421e-12
2.1764e-13
-1.00861e-11
-1.32647e-11
-1.20589e-11
-1.50656e-12
-1.04664e-11
-1.82319e-11
-1.03156e-11
6.60892e-12
1.41011e-11
2.0264e-12
-9.52355e-13
4.10933e-12
5.18007e-12
8.52361e-12
1.20005e-11
1.23396e-11
9.2477e-12
8.49145e-12
3.9456e-12
-7.1791e-12
-9.03873e-12
-6.65914e-12
-1.77225e-13
-4.81236e-12
-1.39356e-11
-8.626e-12
6.64911e-12
1.32067e-11
3.10295e-12
2.29751e-12
6.23356e-12
6.05017e-12
8.67639e-12
1.16286e-11
8.93035e-12
4.64612e-12
6.5712e-12
7.43051e-12
-3.90105e-12
-8.6647e-12
-5.17826e-12
1.25237e-13
-1.13435e-12
-9.37655e-12
-7.43261e-12
6.20462e-12
1.26228e-11
4.74003e-12
5.42509e-12
8.1741e-12
6.55933e-12
8.15257e-12
1.08774e-11
6.25247e-12
2.20079e-12
4.56601e-12
1.0327e-11
9.33105e-13
-9.10161e-12
-5.8052e-12
4.59994e-14
5.99541e-13
-5.01578e-12
-6.3882e-12
5.3853e-12
1.22414e-11
6.59955e-12
8.22814e-12
9.81039e-12
6.57229e-12
6.9707e-12
1.01805e-11
6.35125e-12
2.15559e-12
4.19019e-12
1.24231e-11
7.07818e-12
-6.71509e-12
-6.65451e-12
-6.17476e-14
1.17327e-12
-1.67771e-12
-5.22318e-12
4.32611e-12
1.19351e-11
8.49035e-12
1.09049e-11
1.13437e-11
6.08507e-12
5.20282e-12
9.50616e-12
6.8945e-12
1.82419e-12
4.09683e-12
1.28409e-11
1.25362e-11
-1.13098e-13
-1.36602e-11
2.15994e-12
1.30882e-11
2.10608e-12
2.07228e-12
2.17437e-12
5.79089e-12
4.82269e-13
5.69362e-13
5.72238e-13
3.13579e-12
3.95242e-13
3.76685e-13
1.97493e-12
2.64223e-13
1.74959e-13
9.96126e-14
3.18253e-13
1.05032e-14
-1.27478e-15
-4.33816e-13
-1.29803e-13
-2.64851e-13
-2.44344e-13
-2.59131e-13
-2.72424e-13
-2.82672e-13
-2.90633e-13
-2.84619e-13
1.47775e-12
-1.05137e-13
-5.21347e-14
-1.27288e-14
2.08816e-14
6.86132e-14
1.62542e-13
3.21945e-13
4.55748e-13
6.05365e-13
1.45508e-11
7.77291e-13
7.61148e-12
2.3922e-11
2.12601e-11
6.38968e-12
2.2853e-11
6.10578e-12
2.35955e-11
1.89695e-11
5.79673e-12
2.03731e-11
5.3516e-12
1.83929e-11
1.3966e-11
4.168e-12
1.44646e-11
1.07125e-11
2.59869e-12
8.18082e-12
4.37671e-12
-9.40062e-12
5.42257e-12
4.55682e-12
7.99116e-12
1.97022e-11
1.81788e-11
5.4446e-12
1.21165e-11
1.60142e-11
1.55668e-11
1.46076e-11
1.333e-11
1.19854e-11
1.0932e-11
1.05757e-11
1.11995e-11
1.21263e-11
1.37717e-11
1.08426e-11
-4.89653e-12
1.05672e-11
1.25317e-11
1.05153e-11
2.79297e-11
1.91304e-11
1.71426e-11
2.0214e-11
1.58896e-11
1.32118e-11
1.19897e-11
1.03617e-11
9.0584e-12
8.47434e-12
8.92009e-12
1.04141e-11
1.22452e-11
1.27965e-11
1.65751e-11
3.7471e-12
1.38599e-11
1.79008e-11
1.44701e-11
3.07288e-11
2.6176e-11
2.27619e-11
1.72758e-11
1.04929e-11
9.59465e-12
8.09567e-12
6.75703e-12
6.03866e-12
6.40318e-12
7.99588e-12
1.06208e-11
1.34612e-11
1.27134e-11
1.69299e-11
1.03602e-11
1.60926e-11
2.02283e-11
1.69606e-11
3.51195e-11
3.10372e-11
2.11221e-11
1.09264e-11
5.8749e-12
4.90971e-12
3.4904e-12
2.85892e-12
2.85511e-12
4.13692e-12
6.82386e-12
1.06627e-11
1.45676e-11
1.52414e-11
1.67841e-11
1.42829e-11
1.76837e-11
2.09963e-11
1.77025e-11
3.54439e-11
3.05713e-11
1.56143e-11
4.65828e-12
7.54502e-13
-8.65449e-13
-1.43006e-12
-1.26687e-12
-7.0029e-13
1.28824e-12
5.04257e-12
1.02993e-11
1.5616e-11
1.76232e-11
1.69951e-11
1.65367e-11
1.87752e-11
1.91712e-11
1.66473e-11
3.26202e-11
2.7433e-11
9.32415e-12
-1.32727e-12
-5.49762e-12
-7.11355e-12
-6.46087e-12
-5.69398e-12
-4.89094e-12
-2.37256e-12
2.53432e-12
9.46455e-12
1.63271e-11
1.89687e-11
1.72739e-11
1.76965e-11
1.9718e-11
1.41182e-11
1.51054e-11
2.90613e-11
2.37277e-11
3.3906e-12
-7.55101e-12
-1.25143e-11
-1.33128e-11
-1.15548e-11
-1.05658e-11
-9.79308e-12
-6.75926e-12
-6.1306e-13
8.11268e-12
1.66197e-11
1.95966e-11
1.73936e-11
1.84078e-11
2.10877e-11
1.44144e-11
1.6417e-11
2.70434e-11
1.99024e-11
-2.18296e-12
-1.40628e-11
-1.95193e-11
-1.90418e-11
-1.66846e-11
-1.57339e-11
-1.48738e-11
-1.11904e-11
-4.03176e-12
6.2573e-12
1.64706e-11
1.98902e-11
1.72388e-11
1.90087e-11
2.33756e-11
2.13539e-11
2.14832e-11
2.67576e-11
1.57893e-11
-7.52612e-12
-2.02489e-11
-2.50962e-11
-2.34138e-11
-2.14373e-11
-2.01933e-11
-1.8456e-11
-1.42733e-11
-7.10962e-12
4.03943e-12
1.58328e-11
2.00634e-11
1.67604e-11
1.94391e-11
2.5578e-11
2.7946e-11
2.70545e-11
2.66057e-11
1.13163e-11
-1.24737e-11
-2.44202e-11
-2.55043e-11
-2.32227e-11
-2.42358e-11
-2.13247e-11
-1.75329e-11
-1.4516e-11
-9.25401e-12
1.67014e-12
1.46351e-11
2.02878e-11
1.61597e-11
2.00387e-11
2.4528e-11
3.10867e-11
3.0119e-11
2.52947e-11
6.60287e-12
-1.64303e-11
-2.31888e-11
-1.30187e-11
-1.1359e-11
-1.91501e-11
-1.51313e-11
-1.05291e-11
-1.21656e-11
-1.0338e-11
-6.51227e-13
1.27433e-11
2.05803e-11
1.60258e-11
2.06921e-11
2.06633e-11
3.08153e-11
3.03004e-11
2.26704e-11
1.99577e-12
-1.84509e-11
-1.51881e-11
7.14688e-12
2.05338e-12
-4.2549e-12
-4.33248e-12
-3.73277e-12
-1.02842e-11
-1.09113e-11
-2.84726e-12
1.00478e-11
2.03863e-11
1.84714e-11
2.22597e-11
1.51431e-11
2.79227e-11
2.85186e-11
1.92802e-11
-1.81869e-12
-1.82061e-11
-7.37265e-12
9.83398e-12
1.23796e-12
-1.68476e-12
-2.34994e-12
-5.49663e-12
-1.13592e-11
-1.16415e-11
-4.96876e-12
6.71207e-12
1.85748e-11
2.66275e-11
2.43676e-11
9.33073e-12
2.30934e-11
2.56379e-11
1.57952e-11
-4.4357e-12
-1.68375e-11
-3.36977e-12
6.44082e-12
-8.88662e-13
-3.13733e-12
-5.28995e-12
-9.46713e-12
-1.34191e-11
-1.24295e-11
-7.00084e-12
3.29428e-12
1.39731e-11
2.21493e-11
2.00163e-11
4.52797e-12
1.69825e-11
2.21467e-11
1.27156e-11
-5.94467e-12
-1.5342e-11
-1.9362e-12
3.84964e-12
-2.23489e-12
-4.17427e-12
-7.50428e-12
-1.14434e-11
-1.402e-11
-1.21338e-11
-8.5421e-12
-2.1764e-13
1.00861e-11
1.32647e-11
1.20589e-11
1.50656e-12
1.04664e-11
1.82319e-11
1.03156e-11
-6.60892e-12
-1.41011e-11
-2.0264e-12
9.52355e-13
-4.10933e-12
-5.18007e-12
-8.52361e-12
-1.20005e-11
-1.23396e-11
-9.2477e-12
-8.49145e-12
-3.9456e-12
7.1791e-12
9.03873e-12
6.65914e-12
1.77225e-13
4.81236e-12
1.39356e-11
8.626e-12
-6.64911e-12
-1.32067e-11
-3.10295e-12
-2.29751e-12
-6.23356e-12
-6.05017e-12
-8.67639e-12
-1.16286e-11
-8.93035e-12
-4.64612e-12
-6.5712e-12
-7.43051e-12
3.90105e-12
8.6647e-12
5.17826e-12
-1.25237e-13
1.13435e-12
9.37655e-12
7.43261e-12
-6.20462e-12
-1.26228e-11
-4.74003e-12
-5.42509e-12
-8.1741e-12
-6.55933e-12
-8.15257e-12
-1.08774e-11
-6.25247e-12
-2.20079e-12
-4.56601e-12
-1.0327e-11
-9.33105e-13
9.10161e-12
5.8052e-12
-4.59994e-14
-5.99541e-13
5.01578e-12
6.3882e-12
-5.3853e-12
-1.22414e-11
-6.59955e-12
-8.22814e-12
-9.81039e-12
-6.57229e-12
-6.9707e-12
-1.01805e-11
-6.35125e-12
-2.15559e-12
-4.19019e-12
-1.24231e-11
-7.07818e-12
6.71509e-12
6.65451e-12
6.17476e-14
-1.17327e-12
1.67771e-12
5.22318e-12
-4.32611e-12
-1.19351e-11
-8.49035e-12
-1.09049e-11
-1.13437e-11
-6.08507e-12
-5.20282e-12
-9.50616e-12
-6.8945e-12
-1.82419e-12
-4.09683e-12
-1.28409e-11
-1.25362e-11
1.13098e-13
1.36602e-11
)
;
    }
    symmetryWallRight
    {
        type            cyclicAMI;
        value           nonuniform List<scalar> 
20
(
307.815
-1243.51
-9403.26
-15168.5
-10294.4
-5500.85
-8879.72
-4378.5
5348.05
4120.76
-9829.59
-12672.1
-6529.61
5932.53
12584.1
13043.2
13470.5
17295.9
16328.7
14967.8
)
;
    }
    inletOutletRight
    {
        type            cyclicAMI;
        value           nonuniform List<scalar> 
20
(
-49.8429
138.244
267.281
389.497
499.952
608.095
717.125
828.805
939.856
1037.29
1154.66
1274.05
1398.7
1531.01
1676.4
1826.62
1925.56
1782.13
1163.8
390.855
)
;
    }
    inletRight
    {
        type            calculated;
        value           uniform -975;
    }
    inletWallsRight
    {
        type            calculated;
        value           uniform 0;
    }
    inletFacesRight
    {
        type            calculated;
        value           nonuniform List<scalar> 
800
(
-8.92049e-26
1.06669e-25
7.17022e-25
-2.3259e-24
-1.26465e-23
-1.45854e-23
4.00745e-23
1.80275e-22
2.69818e-22
-8.58416e-23
-1.22217e-21
-2.3746e-21
-1.47198e-22
1.20203e-20
4.00178e-20
7.83258e-20
1.01042e-19
7.89266e-20
2.52125e-20
-2.97516e-21
-2.17118e-25
-2.67053e-25
-1.34682e-24
4.55712e-24
5.48723e-23
2.06152e-22
4.15472e-22
3.32049e-22
-6.9583e-22
-2.79207e-21
-3.89453e-21
8.81681e-23
5.97959e-21
-2.20875e-20
-1.74612e-19
-5.29544e-19
-9.01193e-19
-6.31521e-19
6.62274e-19
7.21146e-19
-8.52509e-26
-3.45345e-24
-1.04745e-23
5.86371e-25
1.1545e-22
4.5149e-22
9.2835e-22
8.74781e-22
-9.70923e-22
-4.7772e-21
-6.43819e-21
1.90532e-21
1.80053e-20
-2.55947e-21
-1.77971e-19
-6.66471e-19
-1.26259e-18
4.91456e-19
7.13714e-18
9.99694e-19
-4.0366e-25
1.13299e-24
-6.55756e-24
-2.57746e-24
1.10108e-22
4.61194e-22
9.62711e-22
1.1178e-21
6.519e-22
5.37086e-22
5.40592e-22
-6.03244e-21
-3.23843e-20
-7.84638e-20
-1.11047e-19
9.62665e-20
4.75764e-19
1.74911e-18
4.19695e-18
-3.20567e-18
6.15247e-25
-9.98435e-24
-1.89801e-23
-2.41035e-23
-2.85839e-23
4.62911e-23
7.9568e-22
3.16662e-21
4.8504e-21
-7.1195e-21
-4.84496e-20
-8.35875e-20
6.00752e-20
5.96092e-19
1.2099e-18
9.91785e-19
-1.88496e-18
-6.16725e-18
-9.65727e-18
-1.45703e-17
-1.41609e-24
1.59202e-23
-1.10245e-24
-1.79126e-23
3.87848e-22
1.5306e-21
1.16526e-21
-4.65533e-21
-3.16287e-21
8.35335e-20
3.32987e-19
2.63933e-19
-1.90363e-18
-7.63384e-18
-1.30669e-17
-1.083e-17
-7.10546e-18
-1.6168e-17
-4.38112e-17
-5.81436e-17
-9.35782e-25
3.58282e-23
8.79807e-23
2.18463e-22
-5.86849e-22
-3.97173e-21
-9.33953e-21
-1.61062e-20
1.01345e-20
1.86851e-19
6.15368e-19
1.77153e-19
-5.96485e-18
-2.05464e-17
-1.87279e-17
5.19746e-17
1.85324e-16
2.66833e-16
1.9683e-16
2.03845e-17
6.56168e-23
-8.27717e-22
-1.33667e-21
-1.95611e-21
3.39322e-21
2.56962e-20
3.68854e-20
2.85553e-20
3.27476e-21
2.47581e-20
3.21033e-19
8.16061e-19
-1.3564e-18
-1.20912e-17
-2.33107e-17
3.7544e-18
9.76077e-17
2.23135e-16
2.81397e-16
7.47309e-17
-7.71623e-22
7.7511e-21
1.13383e-20
1.44739e-20
-6.99783e-21
-1.29551e-19
-2.00771e-19
-2.21601e-19
-1.94254e-19
-1.11844e-20
4.1188e-19
7.7057e-19
-3.1161e-19
-5.54106e-18
-1.53126e-17
-1.99041e-17
-7.41227e-18
5.87228e-17
1.97031e-16
-2.44212e-16
7.46792e-21
-6.77483e-20
-9.42627e-20
-1.07902e-19
4.51094e-20
8.72919e-19
1.25742e-18
1.28527e-18
1.20636e-18
7.12131e-19
-7.21442e-19
-2.67664e-18
-2.15555e-18
7.16584e-18
3.1787e-17
7.13322e-17
1.15103e-16
1.47881e-16
4.60935e-17
-5.21418e-16
-6.45237e-20
5.62077e-19
7.39622e-19
7.85309e-19
-3.80895e-19
-6.27511e-18
-8.2107e-18
-7.81073e-18
-7.43718e-18
-6.21556e-18
-1.3761e-18
8.6463e-18
1.92754e-17
1.24392e-17
-4.72369e-17
-1.97923e-16
-4.40561e-16
-7.22421e-16
-9.45274e-16
-6.37405e-16
4.94846e-19
-4.25405e-18
-5.36101e-18
-5.42621e-18
2.94582e-18
4.29943e-17
5.20125e-17
4.74842e-17
4.46314e-17
4.12715e-17
2.91222e-17
-1.79648e-18
-5.85592e-17
-1.34058e-16
-1.81599e-16
-1.0459e-16
1.38663e-16
2.93433e-16
1.26075e-16
1.96744e-18
-3.25319e-18
2.89387e-17
3.59417e-17
3.53114e-17
-1.73559e-17
-2.71329e-16
-3.14859e-16
-2.87796e-16
-2.75061e-16
-2.63002e-16
-2.34704e-16
-1.60709e-16
-4.15107e-18
2.78444e-16
7.48671e-16
1.49077e-15
2.3408e-15
2.10473e-15
-3.01301e-16
-1.48795e-15
1.70227e-17
-1.80273e-16
-2.27539e-16
-2.13634e-16
9.36671e-17
1.59929e-15
1.8033e-15
1.69665e-15
1.70893e-15
1.6808e-15
1.55961e-15
1.29638e-15
8.99494e-16
4.8754e-16
7.47877e-16
3.53049e-15
9.36825e-15
1.25337e-14
4.22549e-15
-6.55228e-15
-1.03458e-16
1.08892e-15
1.38615e-15
1.18578e-15
-5.50039e-16
-8.28822e-15
-9.06198e-15
-9.03148e-15
-9.75293e-15
-1.01174e-14
-9.52881e-15
-8.62898e-15
-9.71272e-15
-1.41503e-14
-1.25868e-14
1.0801e-14
5.32028e-14
8.28574e-14
6.76237e-14
1.30338e-14
7.3212e-16
-5.97422e-15
-7.44817e-15
-6.19131e-15
-4.09371e-15
3.47588e-14
3.96872e-14
4.25716e-14
4.8295e-14
5.70368e-14
6.85458e-14
7.77087e-14
4.14248e-14
-9.17586e-14
-3.18303e-13
-5.14704e-13
-5.21051e-13
-3.17228e-13
-5.673e-14
6.90182e-14
-4.84066e-15
3.23001e-14
3.64809e-14
2.42997e-14
3.11065e-14
-9.4026e-14
-1.04568e-13
-1.3391e-13
-1.49772e-13
-1.84552e-13
-2.41311e-13
-3.10437e-13
-4.70262e-13
-9.65412e-13
-1.71155e-12
-2.26309e-12
-2.0404e-12
-1.53845e-12
-1.22802e-12
-5.88106e-13
3.55926e-14
-1.4979e-13
-1.46663e-13
-6.89942e-14
-5.44265e-14
-1.7943e-13
-1.66463e-13
-1.6032e-13
-1.65372e-13
-2.01218e-13
-2.34777e-13
-2.9338e-13
-3.87757e-13
-6.83519e-13
-1.19539e-12
-1.56493e-12
-1.1407e-12
-7.79465e-13
-1.26749e-12
-1.11202e-12
-6.96101e-14
-6.60911e-13
-3.35788e-13
-2.37049e-13
-2.5754e-13
-3.40969e-13
-3.30622e-13
-3.34021e-13
-3.3794e-13
-3.78768e-13
-4.12253e-13
-4.50867e-13
-5.23916e-13
-6.15115e-13
-7.47122e-13
-9.08495e-13
-1.01493e-12
-1.20434e-12
-1.44636e-12
-1.12526e-12
-5.35212e-13
-6.22607e-13
-3.19236e-13
-2.991e-13
-3.25837e-13
-3.87394e-13
-3.77744e-13
-3.57207e-13
-3.36805e-13
-3.39696e-13
-3.46046e-13
-3.43804e-13
-3.55578e-13
-3.62988e-13
-3.6777e-13
-3.76934e-13
-3.94319e-13
-4.09171e-13
-4.09669e-13
-1.43269e-13
8.92049e-26
-1.06669e-25
-7.17022e-25
2.3259e-24
1.26465e-23
1.45854e-23
-4.00745e-23
-1.80275e-22
-2.69818e-22
8.58416e-23
1.22217e-21
2.3746e-21
1.47198e-22
-1.20203e-20
-4.00178e-20
-7.83258e-20
-1.01042e-19
-7.89266e-20
-2.52125e-20
2.97516e-21
2.17118e-25
2.67053e-25
1.34682e-24
-4.55712e-24
-5.48723e-23
-2.06152e-22
-4.15472e-22
-3.32049e-22
6.9583e-22
2.79207e-21
3.89453e-21
-8.81681e-23
-5.97959e-21
2.20875e-20
1.74612e-19
5.29544e-19
9.01193e-19
6.31521e-19
-6.62274e-19
-7.21146e-19
8.52509e-26
3.45345e-24
1.04745e-23
-5.86371e-25
-1.1545e-22
-4.5149e-22
-9.2835e-22
-8.74781e-22
9.70923e-22
4.7772e-21
6.43819e-21
-1.90532e-21
-1.80053e-20
2.55947e-21
1.77971e-19
6.66471e-19
1.26259e-18
-4.91456e-19
-7.13714e-18
-9.99694e-19
4.0366e-25
-1.13299e-24
6.55756e-24
2.57746e-24
-1.10108e-22
-4.61194e-22
-9.62711e-22
-1.1178e-21
-6.519e-22
-5.37086e-22
-5.40592e-22
6.03244e-21
3.23843e-20
7.84638e-20
1.11047e-19
-9.62665e-20
-4.75764e-19
-1.74911e-18
-4.19695e-18
3.20567e-18
-6.15247e-25
9.98435e-24
1.89801e-23
2.41035e-23
2.85839e-23
-4.62911e-23
-7.9568e-22
-3.16662e-21
-4.8504e-21
7.1195e-21
4.84496e-20
8.35875e-20
-6.00752e-20
-5.96092e-19
-1.2099e-18
-9.91785e-19
1.88496e-18
6.16725e-18
9.65727e-18
1.45703e-17
1.41609e-24
-1.59202e-23
1.10245e-24
1.79126e-23
-3.87848e-22
-1.5306e-21
-1.16526e-21
4.65533e-21
3.16287e-21
-8.35335e-20
-3.32987e-19
-2.63933e-19
1.90363e-18
7.63384e-18
1.30669e-17
1.083e-17
7.10546e-18
1.6168e-17
4.38112e-17
5.81436e-17
9.35782e-25
-3.58282e-23
-8.79807e-23
-2.18463e-22
5.86849e-22
3.97173e-21
9.33953e-21
1.61062e-20
-1.01345e-20
-1.86851e-19
-6.15368e-19
-1.77153e-19
5.96485e-18
2.05464e-17
1.87279e-17
-5.19746e-17
-1.85324e-16
-2.66833e-16
-1.9683e-16
-2.03845e-17
-6.56168e-23
8.27717e-22
1.33667e-21
1.95611e-21
-3.39322e-21
-2.56962e-20
-3.68854e-20
-2.85553e-20
-3.27476e-21
-2.47581e-20
-3.21033e-19
-8.16061e-19
1.3564e-18
1.20912e-17
2.33107e-17
-3.7544e-18
-9.76077e-17
-2.23135e-16
-2.81397e-16
-7.47309e-17
7.71623e-22
-7.7511e-21
-1.13383e-20
-1.44739e-20
6.99783e-21
1.29551e-19
2.00771e-19
2.21601e-19
1.94254e-19
1.11844e-20
-4.1188e-19
-7.7057e-19
3.1161e-19
5.54106e-18
1.53126e-17
1.99041e-17
7.41227e-18
-5.87228e-17
-1.97031e-16
2.44212e-16
-7.46792e-21
6.77483e-20
9.42627e-20
1.07902e-19
-4.51094e-20
-8.72919e-19
-1.25742e-18
-1.28527e-18
-1.20636e-18
-7.12131e-19
7.21442e-19
2.67664e-18
2.15555e-18
-7.16584e-18
-3.1787e-17
-7.13322e-17
-1.15103e-16
-1.47881e-16
-4.60935e-17
5.21418e-16
6.45237e-20
-5.62077e-19
-7.39622e-19
-7.85309e-19
3.80895e-19
6.27511e-18
8.2107e-18
7.81073e-18
7.43718e-18
6.21556e-18
1.3761e-18
-8.6463e-18
-1.92754e-17
-1.24392e-17
4.72369e-17
1.97923e-16
4.40561e-16
7.22421e-16
9.45274e-16
6.37405e-16
-4.94846e-19
4.25405e-18
5.36101e-18
5.42621e-18
-2.94582e-18
-4.29943e-17
-5.20125e-17
-4.74842e-17
-4.46314e-17
-4.12715e-17
-2.91222e-17
1.79648e-18
5.85592e-17
1.34058e-16
1.81599e-16
1.0459e-16
-1.38663e-16
-2.93433e-16
-1.26075e-16
-1.96744e-18
3.25319e-18
-2.89387e-17
-3.59417e-17
-3.53114e-17
1.73559e-17
2.71329e-16
3.14859e-16
2.87796e-16
2.75061e-16
2.63002e-16
2.34704e-16
1.60709e-16
4.15107e-18
-2.78444e-16
-7.48671e-16
-1.49077e-15
-2.3408e-15
-2.10473e-15
3.01301e-16
1.48795e-15
-1.70227e-17
1.80273e-16
2.27539e-16
2.13634e-16
-9.36671e-17
-1.59929e-15
-1.8033e-15
-1.69665e-15
-1.70893e-15
-1.6808e-15
-1.55961e-15
-1.29638e-15
-8.99494e-16
-4.8754e-16
-7.47877e-16
-3.53049e-15
-9.36825e-15
-1.25337e-14
-4.22549e-15
6.55228e-15
1.03458e-16
-1.08892e-15
-1.38615e-15
-1.18578e-15
5.50039e-16
8.28822e-15
9.06198e-15
9.03148e-15
9.75293e-15
1.01174e-14
9.52881e-15
8.62898e-15
9.71272e-15
1.41503e-14
1.25868e-14
-1.0801e-14
-5.32028e-14
-8.28574e-14
-6.76237e-14
-1.30338e-14
-7.3212e-16
5.97422e-15
7.44817e-15
6.19131e-15
4.09371e-15
-3.47588e-14
-3.96872e-14
-4.25716e-14
-4.8295e-14
-5.70368e-14
-6.85458e-14
-7.77087e-14
-4.14248e-14
9.17586e-14
3.18303e-13
5.14704e-13
5.21051e-13
3.17228e-13
5.673e-14
-6.90182e-14
4.84066e-15
-3.23001e-14
-3.64809e-14
-2.42997e-14
-3.11065e-14
9.4026e-14
1.04568e-13
1.3391e-13
1.49772e-13
1.84552e-13
2.41311e-13
3.10437e-13
4.70262e-13
9.65412e-13
1.71155e-12
2.26309e-12
2.0404e-12
1.53845e-12
1.22802e-12
5.88106e-13
-3.55926e-14
1.4979e-13
1.46663e-13
6.89942e-14
5.44265e-14
1.7943e-13
1.66463e-13
1.6032e-13
1.65372e-13
2.01218e-13
2.34777e-13
2.9338e-13
3.87757e-13
6.83519e-13
1.19539e-12
1.56493e-12
1.1407e-12
7.79465e-13
1.26749e-12
1.11202e-12
6.96101e-14
6.60911e-13
3.35788e-13
2.37049e-13
2.5754e-13
3.40969e-13
3.30622e-13
3.34021e-13
3.3794e-13
3.78768e-13
4.12253e-13
4.50867e-13
5.23916e-13
6.15115e-13
7.47122e-13
9.08495e-13
1.01493e-12
1.20434e-12
1.44636e-12
1.12526e-12
5.35212e-13
6.22607e-13
3.19236e-13
2.991e-13
3.25837e-13
3.87394e-13
3.77744e-13
3.57207e-13
3.36805e-13
3.39696e-13
3.46046e-13
3.43804e-13
3.55578e-13
3.62988e-13
3.6777e-13
3.76934e-13
3.94319e-13
4.09171e-13
4.09669e-13
1.43269e-13
)
;
    }
}


// ************************************************************************* //
