/*--------------------------------*- C++ -*----------------------------------*\
| =========                 |                                                 |
| \\      /  F ield         | OpenFOAM: The Open Source CFD Toolbox           |
|  \\    /   O peration     | Version:  4.1                                   |
|   \\  /    A nd           | Web:      www.OpenFOAM.org                      |
|    \\/     M anipulation  |                                                 |
\*---------------------------------------------------------------------------*/
FoamFile
{
    version     2.0;
    format      ascii;
    class       surfaceScalarField;
    location    "14";
    object      phi;
}
// * * * * * * * * * * * * * * * * * * * * * * * * * * * * * * * * * * * * * //

dimensions      [0 3 -1 0 0 0 0];

internalField   nonuniform List<scalar> 
2360
(
-11865.2
-8806.1
-3059.13
-8806.1
-8806.1
-5492.56
-3313.54
-5492.56
-5492.56
-5492.56
-1383.09
-4109.47
-1383.09
-1383.09
3822.21
-5205.29
3822.21
3822.21
9913.01
-6090.8
9913.01
9913.01
15368.7
-5455.66
15368.7
15368.7
16066.6
17477.3
19075.1
20663.3
22177.7
23607.8
17658.1
7309.1
18913.9
20060.6
21090.7
21994.8
22760.4
23381.4
23886.7
24334.6
24804.6
25384.8
26119.5
26936.5
27559.6
16017.5
11542.1
16017.5
16017.5
16017.5
5233.83
10783.7
5233.83
5233.83
5233.83
-171.413
5405.24
-171.417
-171.411
-6768.44
6597.02
-6768.44
-6768.44
-6768.44
-17824.9
11056.5
-17824.9
-17824.9
-17824.9
-28169.5
10344.6
-27546.2
-26730.6
-25997.2
-25418.1
-24949.6
-24504.4
-24003.6
-23390
-22633.7
-21739.3
-20719.4
-19583.6
-18340
-23237.9
6245.71
-21811
-20294.6
-18696.5
-17079.1
-15640.1
-14915.2
-14915.2
-14915.2
-11620.7
-3294.56
-11620.7
-11620.7
-8508.69
-3111.97
-8508.7
-8508.69
-5214.82
-3293.88
-5214.82
-5214.82
-1912.69
-3302.13
-1912.69
-1912.69
-1912.7
1735.05
-3647.75
1735.05
1735.05
5738.59
-4003.54
-2750.63
-4087.59
-1624.27
-6972.95
-594.967
-8176.73
257.621
-8101.61
586.798
-7172.39
158.004
3863.9
-732.581
8375.27
-1034.4
12410.8
-819.302
15802.6
-358.796
14243.9
1020.7
902.946
1946.74
-15245.7
2419.54
-18556.4
3293.84
-18494.9
4925.36
-12934.8
6289.13
3933.09
6105.31
13824.5
5168.32
13889.4
8094.38
-1454.59
-4544.24
-526.615
-7900.92
337.376
-9040.72
1072.72
-8836.95
1201.98
-7301.66
520.229
4545.65
-802.933
9698.43
-1349.1
12957
-1287.98
15741.5
-847.914
13803.9
656.269
-601.237
252.473
-14842
-439.574
-17864.3
162.249
-19096.7
2474.23
-15246.8
5055.81
1351.5
5581.99
13298.3
4718.81
14752.6
9165.44
-1023.01
-4801.32
-369.905
-8554.03
391.453
-9802.08
1074.65
-9520.15
920.475
-7147.49
207.194
5258.93
-1031.18
10936.8
-1823.92
13749.7
-1949.41
15867
-1603.03
13457.5
-768.267
-1436
-2316.02
-13294.2
-3374.9
-16805.4
-2778.23
-19693.4
-706.038
-17319
2657.6
-2012.14
4517.25
11438.7
4137.4
15132.4
10000.7
-713.424
-5011.31
-204.59
-9062.87
435.721
-10442.4
933.138
-10017.6
236.947
-6451.29
-512.743
6008.62
-1490.97
11915
-2375.67
14634.4
-2743.44
16234.7
-2636.03
13350.1
-3153.27
-918.76
-5142.57
-11304.9
-6160.03
-15788
-5622.58
-20230.9
-3687.43
-19254.1
257.031
-5956.6
2822.45
8873.26
3298.55
14656.3
10005.4
-588.479
-5230.13
-246.312
-9405.03
179.814
-10868.5
296.054
-10133.8
-946.284
-5208.96
-1575.51
6637.85
-2157.31
12496.8
-2984.22
15461.3
-3619.78
16870.3
-3985.15
13715.5
-5672.83
768.923
-7802.72
-9175.02
-8824.82
-14765.9
-8669.13
-20386.6
-6908.49
-21014.8
-2722.6
-10142.5
361.896
5788.76
1884.92
13133.3
8778.34
-635.518
-5469.11
-475.939
-9564.61
-349.199
-10995.3
-734.313
-9748.69
-2270.51
-3672.76
-2683.16
7050.5
-2942.81
12756.5
-3644.35
16162.9
-4491.14
17717.1
-5434.07
14658.4
-7835.46
3170.31
-9915.61
-7094.86
-11052.7
-13628.8
-11605.9
-19833.3
-10466.4
-22154.3
-6243.94
-14364.9
-2473.54
2018.36
282.861
10376.9
5766.65
-874.137
-5714.28
-901.911
-9536.84
-1168.93
-10728.2
-2045.52
-8872.11
-3590.27
-2128.01
-3786.64
7246.87
-3814.24
12784.1
-4343.72
16692.4
-5290.69
18664
-6705.17
16072.9
-9295.27
5760.4
-11015.7
-5374.41
-12210.8
-12433.7
-13618.7
-18425.4
-13634.5
-22138.5
-9954.53
-18044.9
-4778.64
-3157.53
-1847.82
7446.08
10164.5
-1348.15
-5922.56
-1572.06
-9312.93
-2269.06
-10031.2
-3521.11
-7620.06
-4880.48
-768.631
-4876.07
7242.45
-4737.91
12645.9
-5074.82
17029.3
-6001.13
19590.4
-7592.61
17664.3
-9714.02
7881.81
-10489.2
-4599.26
-11400.9
-11522
-13583.4
-16242.9
-15225.2
-20496.7
-14123.8
-19146.4
-10094.2
-7187.08
-8215.87
5567.75
12293.2
-2068.66
-6035.91
-2515.55
-8866.04
-3587.18
-8959.6
-5009.94
-6197.29
-6074.46
295.887
-5928.78
7096.77
-5689.16
12406.3
-5853.45
17193.5
-6645.3
20382.2
-8021.47
19040.5
-8867.63
8727.97
-7929.35
-5537.54
-7965.23
-11486.1
-10507
-13701
-13659.3
-17344.4
-15672.4
-17133.2
-15743.6
-7115.92
-14411.5
4235.65
8938.23
-2984.47
-5967.41
-3704.92
-8145.59
-5006.78
-7657.74
-6377.74
-4826.34
-7141.17
1059.33
-6950.78
6906.38
-6673.52
12129
-6701.65
17221.7
-7279.28
20959.8
-8160.7
19921.9
-7434.14
8001.41
-4880.4
-8091.28
-3634.39
-12732.2
-5283.64
-12051.8
-9030.71
-13597.4
-12445.4
-13718.6
-13154.9
-6406.4
-11822.4
2903.11
3712.89
-4017.45
-5615.02
-5046.33
-7116.72
-6386.71
-6317.36
-7536.59
-3676.46
-8067.95
1590.69
-7939.29
6777.73
-7697.61
11887.4
-7638.93
17163
-7969.69
21290.6
-8242.92
20195.2
-6327.89
6086.37
-3462.32
-10956.8
-2007.65
-14186.8
-2007.52
-12051.9
-4872.26
-10732.6
-10496.7
-8094.1
-11935
-4968.08
-9781.1
749.169
-662.963
-5105.95
-4909.74
-6417.27
-5805.4
-7629.76
-5104.87
-8460.04
-2846.17
-8812.14
1942.78
-8810.27
6775.86
-8698.53
11775.6
-8643.13
17107.6
-8726.91
21374.4
-8198.29
19666.5
-5007.69
2895.77
-2466.48
-13498.1
-1900.79
-14752.5
-1539.94
-12412.8
-2583.64
-9688.94
-8504.84
-2172.9
-14118.4
645.449
-14491.8
1122.62
-4371.11
-6204.51
-3874.71
-7705.39
-4304.53
-8743.07
-4067.19
-9279.37
-2309.87
-9440.06
2103.47
-9511.9
6847.7
-9578
11841.7
-9637.49
17167.1
-9472.2
21209.1
-7764.32
17958.7
-3257.29
-1611.26
-1273.38
-15482
-1323.42
-14702.5
-889.172
-12847
-866.797
-9711.32
-2899.68
-140.023
-7708.05
5453.83
-10744.5
4159.02
-3573.49
-7215.83
-2611.08
-8809.45
-2710.9
-9786.69
-3089.96
-10240.1
-1856.46
-10253.4
2116.79
-10276.6
6870.84
-10462.7
12027.9
-10662.1
17366.5
-10079.3
20626.3
-6552.79
14432.2
-1637.18
-6526.88
-605.913
-16513.2
-685.702
-14622.7
46.8938
-13579.6
350.056
-10014.5
1854
-1643.97
1024.94
6282.89
-1427.2
6611.16
2308.4
-7928.66
-1232.8
-9583.18
-1056.38
-10699.5
-1973.64
-11392.5
-1163.42
-11514.4
2238.64
-11539
6895.44
-11774.6
12263.5
-11902.5
17494.4
-10336
19059.8
-4498.04
8594.22
-374.551
-10650.4
-489.374
-16398.4
-56.6307
-15055.4
729.319
-14365.5
1369.62
-10654.8
3307.71
-3582.05
5041.27
4549.33
5301.38
6351.05
2154.12
-8038.62
145.9
-9808.45
713.442
-11243.8
-538.275
-12363.1
-44.1021
-12919.6
2795.11
-13242.1
7217.9
-13540.4
12561.8
-13110.9
17064.9
-9751.55
15700.5
-2577.8
1420.47
179.023
-13407.2
-348.172
-15871.2
520.107
-15923.7
1294.03
-15139.5
2015.22
-11376
3428.17
-4995.01
5348.69
2628.81
6704.49
4995.25
2767.82
-7322.07
1391.01
-9226.45
2617.82
-11083.4
1318.67
-12697.1
1569.62
-13854.6
3952.6
-14651.5
8014.78
-14867
12777.3
-13146.7
15344.6
-7258.22
9811.99
-1024.17
-4813.58
-115.064
-14316.3
-8.4636
-15977.8
938.03
-16870.2
1728.66
-15930.1
2425.1
-12072.4
3485.49
-6055.4
4929.86
1184.44
5873.78
4051.33
3436.3
-6199.81
2422.27
-8043.72
4461.73
-10109.1
3384.07
-12089.5
3550.03
-13718.2
5581.29
-14823.1
9119.69
-14635.2
12589.4
-11279
11988.4
-4131.72
2664.67
-275.267
-8670.03
-406.994
-14184.6
342.009
-16726.8
1246.54
-17774.7
2035.75
-16719.3
2682.25
-12718.9
3476.03
-6849.18
4486.45
174.015
4912.55
3625.24
4239.38
-5056.66
3260.48
-6816.55
6221.62
-9009.19
5576.71
-11259.2
5800.08
-13145.5
7467.57
-14094.9
10069
-12810.4
11304.8
-7861.62
7039.66
-2466.2
-2730.75
-847.346
-10288.9
-357.869
-14674
564.09
-17648.8
1466.53
-18677.2
2235.75
-17488.5
2821.64
-13304.8
3388.7
-7416.25
4071.96
-509.245
4258.76
3438.44
5184.59
-3480.56
-4683.28
-6460.58
-8521.31
-10350.3
-11045.4
-9347.39
-5346.57
-2287.02
-1177.53
-241.77
697.617
1606.17
2364.09
2873.11
3220.82
3562.74
3741.38
179.751
-877.678
557.736
-1788.69
822.977
-1863.04
932.975
-1698.22
934.933
-1516.29
884.273
-1379.45
783.277
-1258.44
666.836
-1139.32
534.235
-1014.16
384.607
-880.451
217.725
-737.216
35.8445
-583.68
-148.938
-436.259
-309.58
-344.687
-409.218
-348.235
-419.432
-459.76
-343.274
-656.39
-209.88
-868.071
-70.7445
-956.152
-693.809
124.64
-1002.32
245.267
-1909.32
190.406
-1808.18
44.0734
-1551.89
-116.618
-1355.6
-264.591
-1231.48
-387.15
-1135.88
-489.879
-1036.59
-572.933
-931.105
-635.142
-818.242
-672.601
-699.758
-676.133
-580.148
-636.548
-475.845
-562.177
-419.058
-462.485
-447.928
-346.926
-575.32
-237.357
-765.96
-151.847
-953.581
-87.1424
-1020.86
-780.952
-81.5244
-920.794
-89.2268
-1901.62
-68.9337
-1828.48
-17.4389
-1603.39
53.0448
-1426.08
112.328
-1290.76
159.79
-1183.34
209.74
-1086.54
272.348
-993.714
354.389
-900.283
460.143
-805.512
589.394
-709.4
730.268
-616.719
852.182
-540.972
908.368
-504.115
861.319
-528.271
706.06
-610.701
469.532
-717.053
212.091
-763.416
-568.86
-137.122
-783.672
-134.009
-1904.73
-18.6832
-1943.8
87.1125
-1709.18
168.494
-1507.46
237.386
-1359.66
306.123
-1252.08
377.188
-1157.6
452.356
-1068.88
533.995
-981.922
624.514
-896.032
724.965
-809.851
830.133
-721.887
923.782
-634.621
976.319
-556.651
950.347
-502.299
823.124
-483.478
594.303
-488.232
308.471
-477.584
-260.389
-100.28
-683.392
-102.294
-1902.72
-20.7421
-2025.36
53.3223
-1783.25
120.279
-1574.42
187.341
-1426.72
254.23
-1318.97
317.601
-1220.98
375.589
-1126.87
427.546
-1033.88
473.996
-942.482
517.269
-853.124
561.048
-765.666
605.307
-678.881
641.209
-592.553
646.391
-507.481
592.74
-429.828
457.959
-353.451
244.466
-264.092
-15.9232
73.1874
-756.579
97.3996
-1926.93
144.209
-2072.16
197.008
-1836.05
256.655
-1634.07
320.377
-1490.44
385.475
-1384.06
447.801
-1283.3
504.32
-1183.39
551.335
-1080.9
585.499
-976.645
604.096
-871.722
606.071
-767.642
592.236
-665.045
564.037
-564.354
519.114
-462.559
448.654
-359.367
336.227
-241.024
168.918
-96.7835
152.995
323.397
-1079.98
439.117
-2042.65
450.151
-2083.2
466.797
-1852.69
518.126
-1685.4
586.032
-1558.35
662.737
-1460.77
738.908
-1359.47
809.693
-1254.17
867.717
-1138.92
908.02
-1016.95
926.267
-889.968
919.274
-760.649
884.092
-629.863
818.472
-498.734
720.451
-364.538
590.237
-229.153
422.345
-73.1324
212.115
113.446
365.11
457.447
-1537.42
576.556
-2161.76
528.466
-2035.11
512.771
-1837
557.591
-1730.22
626.911
-1627.67
713.181
-1547.04
800.13
-1446.42
879.754
-1333.8
939.363
-1198.53
974.805
-1052.39
982.63
-897.793
959.999
-738.018
901.002
-570.866
798.769
-396.501
643.646
-209.414
437.409
-22.9164
260.158
104.118
97.36
276.245
462.47
305.061
-1842.48
244.896
-2101.6
129.058
-1919.27
70.2407
-1778.18
50.5248
-1710.5
43.9125
-1621.06
47.5833
-1550.71
47.6992
-1446.54
35.0972
-1321.2
0.588994
-1164.02
-53.6642
-998.137
-122.607
-828.851
-200.439
-660.187
-285.175
-486.13
-370.269
-311.408
-435.31
-144.374
-453.133
-5.09343
-446.78
97.7647
-331.264
160.728
131.206
-10.0362
-1832.45
-165.223
-1946.41
-291.687
-1792.81
-406.718
-1663.15
-522.026
-1595.19
-642.898
-1500.18
-767.561
-1426.05
-896.347
-1317.75
-1030.31
-1187.23
-1169.78
-1024.55
-1314.66
-853.264
-1461.68
-681.827
-1603.71
-518.162
-1723.38
-366.455
-1789.88
-244.912
-1751.82
-182.431
-1559.62
-197.294
-1174.91
-286.948
-587.557
-426.621
-456.35
-155.456
-1676.99
-230.011
-1871.85
-313.948
-1708.87
-439.236
-1537.86
-574.898
-1459.53
-733.751
-1341.33
-905.168
-1254.63
-1080.22
-1142.7
-1241.26
-1026.19
-1377.26
-888.552
-1485.33
-745.194
-1562.41
-604.743
-1597.85
-482.724
-1572.5
-391.806
-1467.95
-349.461
-1269.38
-380.998
-965.702
-500.976
-573.564
-679.086
-201.909
-798.276
-658.259
-30.0398
-1646.95
9.36607
-1911.26
34.1199
-1733.62
31.9607
-1535.7
26.0281
-1453.6
7.06755
-1322.37
-20.4505
-1227.11
-48.0991
-1115.05
-60.8476
-1013.44
-41.9247
-907.474
15.9057
-803.024
112.785
-701.622
240.689
-610.626
386.635
-537.752
529.163
-491.987
630.622
-482.457
637.316
-507.67
510.028
-551.797
265.843
-554.09
-392.416
66.0429
-1712.99
109.942
-1955.16
159.711
-1783.39
209.166
-1585.16
260.65
-1505.08
314.277
-1376
368.5
-1281.33
426.61
-1173.16
488.693
-1075.53
561.041
-979.822
646.42
-888.403
744.68
-799.881
847.198
-713.145
937.212
-627.766
990.105
-544.879
974.64
-466.993
864.472
-397.501
644.221
-331.546
338.774
-248.643
-53.6422
131.041
-1844.03
151.854
-1975.97
198.826
-1830.36
254.895
-1641.23
318.792
-1568.98
380.798
-1438
447.186
-1347.72
514.9
-1240.87
584.704
-1145.33
653.114
-1048.23
717.414
-952.703
773.385
-855.852
816.339
-756.099
839.938
-651.365
836.329
-541.27
793.102
-423.766
695.058
-299.456
523.284
-159.772
279.764
-5.12178
226.122
141.061
-1985.1
127.332
-1962.24
167.44
-1870.47
217.364
-1691.15
277.384
-1629
337.676
-1498.3
405.485
-1415.53
477.687
-1313.07
557.991
-1225.63
644.417
-1134.66
734.934
-1043.22
820.766
-941.684
886.843
-822.176
911.926
-676.447
879.013
-508.357
789.353
-334.106
651.623
-161.725
442.88
48.9705
224.408
213.351
450.529
75.2653
-2060.36
35.4748
-1922.45
47.8985
-1882.9
70.2165
-1713.47
97.5549
-1656.34
133.79
-1534.53
176.332
-1458.07
228.009
-1364.75
288.755
-1286.38
357.869
-1203.77
431.331
-1116.68
496.392
-1006.74
528.506
-854.289
495.687
-643.628
388.479
-401.149
266.974
-212.601
193.378
-88.1279
128.064
114.286
22.0032
319.412
472.533
-43.1941
-2017.17
-125.342
-1840.3
-181.17
-1827.07
-223.404
-1671.23
-264.981
-1614.76
-290.84
-1508.67
-313.52
-1435.39
-325.341
-1352.93
-330.864
-1280.86
-328.756
-1205.88
-322.584
-1122.85
-317.893
-1011.44
-323.867
-848.315
-344.208
-623.286
-368.702
-376.655
-383.622
-197.68
-388.463
-83.2867
-358.459
84.2818
-284.886
245.839
187.647
-183.596
-1833.57
-391.595
-1632.31
-563.993
-1654.67
-703.148
-1532.08
-832.854
-1485.05
-936.435
-1405.09
-1029.47
-1342.36
-1106.81
-1275.59
-1174.08
-1213.59
-1229.26
-1150.69
-1269.06
-1083.06
-1280.05
-1000.44
-1237.36
-891.008
-1110.26
-750.383
-894.372
-592.545
-655.062
-436.991
-459.3
-279.049
-272.31
-102.708
-87.6424
61.1725
100.004
-195.41
-1638.16
-446.189
-1381.53
-710.331
-1390.53
-937.554
-1304.85
-1157.59
-1265.02
-1349.02
-1213.66
-1520.86
-1170.52
-1669.25
-1127.2
-1796.55
-1086.3
-1900.92
-1046.31
-1977.2
-1006.78
-2011.57
-966.077
-1980.54
-922.038
-1859.84
-871.079
-1643.09
-809.292
-1344.81
-735.279
-978.621
-645.234
-563.095
-518.234
-174.461
-327.461
-74.4568
-663.16
-1069.69
-1485.21
-1815.07
-2105.08
-2343.75
-2539.26
-2691.46
-2802.76
-2874.07
-2905.85
-2896.93
-2843.96
-2740.04
-2574.34
-2334.61
-2004.85
-1548.08
-900.543
-663.173
1638.17
-1069.71
1381.53
-1485.24
1390.53
-1815.09
1304.85
-2105.1
1265.01
-2343.76
1213.65
-2539.27
1170.51
-2691.45
1127.18
-2802.73
1086.28
-2874.03
1046.3
-2905.8
1006.76
-2896.87
966.066
-2843.9
922.035
-2739.99
871.086
-2574.31
809.311
-2334.62
735.314
-2004.9
645.28
-1548.19
518.282
-900.656
327.467
74.3443
-195.364
1833.53
-446.096
1632.25
-710.19
1654.62
-937.364
1532.02
-1157.35
1484.99
-1348.73
1405.02
-1520.52
1342.29
-1668.87
1275.52
-1796.11
1213.52
-1900.43
1150.61
-1976.63
1082.97
-2010.91
1000.34
-1979.79
890.913
-1859.07
750.363
-1642.43
592.668
-1344.34
437.224
-978.344
279.281
-562.933
102.867
-174.35
-61.124
-100.005
-183.588
2017.11
-391.602
1840.26
-564.006
1827.02
-703.182
1671.19
-832.907
1614.71
-936.517
1508.63
-1029.58
1435.35
-1106.96
1352.9
-1174.27
1280.82
-1229.5
1205.84
-1269.31
1122.77
-1280.26
1011.28
-1237.42
848.069
-1110.09
623.029
-894.028
376.605
-654.744
197.934
-458.91
83.4406
-271.673
-84.3775
-87.0427
-245.766
-187.048
-43.2792
2060.38
-125.484
1922.46
-181.384
1882.91
-223.703
1713.5
-265.369
1656.38
-291.325
1534.58
-314.113
1458.14
-326.053
1364.83
-331.709
1286.48
-329.75
1203.87
-323.741
1116.76
-319.218
1006.75
-325.317
854.163
-345.651
643.356
-369.968
400.913
-384.662
212.619
-389.338
88.1073
-359.164
-114.56
-285.397
-319.54
-472.445
75.1733
1985.21
35.3136
1962.32
47.6595
1870.56
69.8992
1691.26
97.1541
1629.12
133.309
1498.42
175.769
1415.67
227.368
1313.23
288.032
1225.8
357.061
1134.84
430.42
1043.4
495.341
941.827
527.264
822.235
494.245
676.369
387.01
508.139
265.822
333.796
192.593
161.322
127.429
-49.4115
21.5683
-213.691
-450.877
141.113
1844.09
127.327
1976.1
167.416
1830.47
217.333
1641.34
277.356
1569.09
337.658
1438.12
405.487
1347.84
477.718
1241
558.064
1145.46
644.542
1048.36
735.116
952.821
820.997
855.944
887.084
756.146
912.109
651.342
879.077
541.169
789.287
423.583
651.408
299.198
442.553
159.439
224.196
4.66153
-226.681
131.196
1712.89
151.96
1955.33
198.917
1783.51
254.99
1585.26
318.911
1505.17
380.924
1376.1
447.325
1281.44
515.044
1173.27
584.858
1075.64
653.283
979.931
717.6
888.501
773.578
799.965
816.512
713.208
840.04
627.813
836.324
544.881
792.992
466.912
694.873
397.315
523.091
331.217
279.609
248.138
52.9275
66.2226
1646.67
110.102
1911.46
159.879
1733.74
209.401
1535.74
260.964
1453.61
314.692
1322.38
369.037
1227.09
427.283
1115.03
489.487
1013.44
561.896
907.523
647.23
803.169
745.3
701.897
847.511
610.997
937.107
538.218
989.719
492.268
974.221
482.41
864.114
507.421
644.01
551.319
338.704
553.441
391.631
-29.6968
1676.36
9.90241
1871.85
34.9161
1708.72
33.0697
1537.58
27.4478
1459.22
8.83737
1340.98
-18.303
1254.23
-45.5368
1142.26
-57.8679
1025.76
-38.5629
888.21
19.5927
745.004
116.738
604.74
244.866
482.858
390.994
392.08
533.46
349.795
634.425
381.44
640.158
501.686
511.697
679.777
266.528
798.606
658.16
-155.547
1831.91
-229.772
1946.08
-313.511
1792.46
-438.682
1662.76
-574.236
1594.78
-733.009
1499.75
-904.326
1425.55
-1079.23
1317.16
-1240.04
1186.57
-1375.7
1023.88
-1483.32
852.625
-1559.8
681.22
-1594.55
517.606
-1568.59
366.114
-1463.8
245.012
-1265.35
182.99
-961.88
198.216
-570.519
288.418
-200.431
428.521
457.729
-10.7621
1842.67
-165.958
2101.27
-292.467
1918.97
-407.702
1777.99
-523.299
1710.37
-644.532
1620.98
-769.613
1550.63
-898.835
1446.39
-1033.2
1320.94
-1173.02
1163.69
-1318.17
997.778
-1465.43
828.48
-1607.57
659.746
-1727.08
485.629
-1793.14
311.072
-1754.16
144.015
-1560.45
4.50866
-1174.71
-97.3276
-586.772
-159.409
-129.043
304.471
1538.21
243.87
2161.88
127.782
2035.06
68.6811
1837.09
48.6192
1730.44
41.6389
1627.97
44.8986
1547.37
44.5723
1446.72
31.5201
1333.99
-3.37688
1198.59
-57.9068
1052.32
-126.974
897.558
-204.889
737.675
-289.737
570.491
-374.689
396.041
-439.524
208.871
-457.564
22.5672
-450.622
-104.256
-333.351
-276.667
-462.394
457.738
1080.47
576.829
2042.79
528.546
2083.34
512.693
1852.95
557.418
1685.72
626.687
1558.7
712.916
1461.14
799.794
1359.84
879.291
1254.5
938.711
1139.17
973.914
1017.12
981.439
890.035
958.5
760.615
899.27
629.722
796.839
498.475
641.568
364.144
435.505
228.636
258.892
72.3634
96.5176
-114.287
-365.876
324.106
756.371
440.124
1926.77
451.047
2072.42
467.574
1836.43
518.874
1634.42
586.809
1490.77
663.568
1384.39
739.789
1283.63
810.597
1183.7
868.613
1081.16
908.877
976.855
927.061
871.857
919.997
767.684
884.741
664.982
819.029
564.192
720.877
462.301
590.524
358.993
422.435
240.459
212.135
96.0214
-153.741
73.5916
682.785
97.8799
1902.49
144.6
2025.71
197.342
1783.69
256.953
1574.82
320.648
1427.08
385.727
1319.32
448.045
1221.31
504.56
1127.19
551.575
1034.15
585.729
942.705
604.294
853.298
606.191
765.79
592.2
678.979
563.761
592.635
518.604
507.462
448.04
429.56
335.703
352.799
168.656
263.076
14.9153
-100.295
783.088
-102.561
1904.76
-21.2445
1944.4
52.7447
1709.71
119.665
1507.9
186.669
1360.09
253.468
1252.52
316.739
1158.05
374.609
1069.32
426.403
982.368
472.622
896.492
515.631
810.294
559.035
722.391
602.775
635.245
638.263
557.151
643.413
502.316
590.16
482.814
456.107
486.854
243.428
475.758
258.344
-137.858
920.949
-134.829
1901.73
-19.5829
1829.15
85.8537
1604.27
166.926
1426.83
235.785
1291.23
304.602
1183.71
375.742
1086.91
450.947
994.118
532.544
900.774
622.956
806.082
723.273
709.98
828.297
617.369
921.908
541.636
974.583
504.477
948.962
527.939
822.162
609.616
593.753
715.265
308.264
761.248
566.608
-85.0519
1006
-94.4731
1911.16
-72.6027
1807.28
-18.8627
1550.54
52.5071
1355.46
111.423
1232.32
158.719
1136.42
208.999
1036.64
272.142
930.978
354.82
818.1
461.264
699.641
591.084
580.163
732.282
476.174
854.227
419.692
910.171
448.535
862.8
575.311
707.211
765.205
470.312
952.165
212.527
1019.03
779.135
114.009
891.995
226.001
1799.17
167.436
1865.85
22.0639
1695.91
-135.065
1512.6
-279.116
1376.37
-398.108
1255.41
-498.476
1137.01
-579.697
1012.2
-639.962
878.366
-675.071
734.75
-675.676
580.769
-633.905
434.403
-558.945
344.733
-459.135
348.725
-343.853
460.029
-234.659
656.011
-149.513
867.019
-85.3195
954.838
693.815
167.089
527.273
775.725
873.568
869.743
819.201
726.758
620.218
496.593
355.079
195.429
19.9193
-159.252
-315.36
-411.876
-420.342
-343.422
-209.773
-70.5708
)
;

boundaryField
{
    outletWall
    {
        type            calculated;
        value           nonuniform List<scalar> 
60
(
5738.59
-6929.59
-12952.4
-13640.7
-5296.86
11303.3
17620.6
18083.6
14319.7
-2282.44
-14704.4
-16017.7
-12109
-7484.68
-3435.1
6843.21
7249.02
7147.43
5846.58
3515.64
3015.48
4218.45
5168.56
6076.96
6659.92
6550.38
5952.21
5169.48
4400.67
3665.06
2915.97
2182.01
1556.43
1119.31
874.498
807.301
923.406
1280.09
1911.25
3322.58
11865.2
5866.84
3259.8
-851.166
-7763.96
-13813.8
-18246.5
-19585.7
-18588.2
-15609.8
-11398.4
-5790.3
3038.85
9606.84
10764.1
9296.57
7860.81
7354.01
7424.35
3725.55
)
;
    }
    fineWalls
    {
        type            calculated;
        value           uniform 0;
    }
    fineFrontAndBack
    {
        type            calculated;
        value           nonuniform List<scalar> 
960
(
-9.93361e-13
-7.41513e-12
-1.66188e-12
-1.8322e-12
-9.78726e-12
-1.86577e-12
-1.83522e-12
-2.15165e-12
-9.13244e-12
5.37392e-13
1.81183e-12
1.28892e-11
3.70112e-12
3.6113e-12
1.27931e-11
2.16391e-12
2.09961e-12
9.09786e-12
1.49518e-12
1.68003e-12
2.89521e-13
8.49734e-14
7.15501e-14
1.75962e-13
2.52669e-13
2.54382e-13
8.35721e-12
2.61712e-13
3.12448e-13
3.88539e-13
4.76276e-13
5.65293e-13
6.05882e-13
5.92982e-13
5.18204e-13
3.4599e-13
6.37847e-14
-2.67578e-13
-5.18496e-13
-7.35221e-13
-2.35833e-11
-4.28353e-12
-4.52987e-12
-4.31887e-12
-1.05912e-11
6.28618e-13
1.67523e-12
1.41004e-12
2.99675e-11
-6.74142e-11
-8.48277e-11
-7.24679e-11
8.25649e-13
6.28616e-13
1.7073e-12
1.99136e-11
4.35625e-12
4.35232e-12
4.0799e-12
2.02863e-11
6.26693e-13
4.09003e-13
1.64453e-13
-1.45255e-13
-3.99062e-13
-5.46299e-13
-5.97691e-13
-5.94309e-13
-5.28669e-13
-4.09796e-13
-2.76604e-13
-1.72934e-13
-9.88409e-14
-5.22521e-12
-8.62991e-14
-3.33446e-14
9.17041e-14
2.5679e-13
2.9747e-13
1.18269e-13
7.46841e-13
9.16006e-13
5.15489e-12
1.29373e-12
1.48941e-12
9.92004e-12
2.29014e-12
2.59761e-12
1.73201e-11
4.46577e-12
5.12441e-12
2.05781e-11
1.7244e-12
7.66335e-13
8.57635e-13
2.37166e-12
1.7467e-13
6.99674e-13
-3.42553e-14
-2.87703e-13
8.85255e-12
-4.65829e-12
-1.24909e-11
-2.00603e-11
-2.4042e-11
-2.37696e-11
-1.40819e-11
9.47682e-12
2.77545e-11
3.14456e-11
2.88634e-11
2.16681e-11
5.47855e-12
-7.46747e-12
-1.4562e-11
-8.4653e-12
2.99558e-12
5.0227e-12
2.09046e-12
2.03945e-12
-1.06802e-11
-1.81191e-11
-2.43709e-11
-2.48425e-11
-2.26145e-11
-1.50093e-11
1.05377e-11
2.80785e-11
3.14858e-11
2.88374e-11
7.8084e-12
-1.75686e-11
-2.92515e-11
-3.33507e-11
-3.13245e-11
-6.15521e-12
4.02596e-12
3.12825e-12
1.41755e-12
-1.18155e-11
-2.03823e-11
-2.48032e-11
-2.17228e-11
-1.82701e-11
-1.62955e-11
1.15273e-11
2.87139e-11
3.16508e-11
2.55113e-11
-9.32025e-12
-2.69408e-11
-3.10279e-11
-3.24109e-11
-3.28791e-11
-1.48959e-11
9.07326e-13
5.31388e-13
2.34411e-14
-1.53778e-11
-2.36177e-11
-2.4427e-11
-1.65782e-11
-1.43199e-11
-1.51708e-11
1.10785e-11
2.99339e-11
3.13964e-11
1.43721e-11
-1.87263e-11
-2.43441e-11
-2.58101e-11
-2.72873e-11
-2.52007e-11
-2.14029e-11
-4.26242e-12
-2.45503e-12
-2.38142e-12
-1.96637e-11
-2.50919e-11
-2.11781e-11
-8.8041e-12
-1.00499e-11
-1.16484e-11
9.73143e-12
3.1308e-11
3.01087e-11
5.24911e-12
-1.74675e-11
-1.55075e-11
-1.79661e-11
-2.11897e-11
-2.14706e-11
-2.601e-11
-8.01823e-12
-4.73586e-12
-5.80005e-12
-2.36571e-11
-2.41178e-11
-1.54724e-11
-7.23535e-13
-4.77153e-12
-6.93543e-12
9.54429e-12
3.16046e-11
2.80514e-11
1.75559e-12
-8.82521e-12
-3.66168e-12
-6.6285e-12
-1.14338e-11
-1.32117e-11
-1.69613e-11
-9.43599e-12
-6.88037e-12
-9.64021e-12
-2.588e-11
-2.06643e-11
-7.95322e-12
7.17648e-12
1.38993e-12
-1.33585e-12
1.12163e-11
3.04049e-11
2.60968e-11
2.6693e-12
1.9156e-12
8.87302e-12
8.93993e-12
4.50671e-12
-2.51658e-12
-9.11463e-12
-1.73502e-11
-1.69654e-11
-1.33531e-11
-2.53658e-11
-1.53048e-11
4.73154e-13
1.48163e-11
8.54937e-12
5.2939e-12
1.38715e-11
2.8535e-11
2.42111e-11
4.7235e-12
7.82403e-12
1.45683e-11
2.09099e-11
2.2027e-11
1.21837e-11
7.12967e-12
9.67121e-12
1.83128e-11
-1.64079e-11
-2.18709e-11
-8.66789e-12
8.54401e-12
2.18996e-11
1.13218e-11
7.95769e-12
1.76896e-11
2.67563e-11
2.26545e-11
5.42449e-12
2.23676e-13
5.29372e-12
1.50385e-11
2.51226e-11
2.3436e-11
1.06316e-11
2.44429e-11
3.16038e-11
-1.82586e-11
-1.59066e-11
-1.4042e-12
1.41545e-11
3.65137e-11
4.04855e-11
3.07217e-11
1.81891e-11
2.60506e-11
2.02418e-11
-1.58055e-12
-1.85222e-11
-1.09444e-11
-6.81456e-12
3.16612e-12
2.21804e-11
1.77749e-11
1.20685e-11
-1.91212e-12
-1.83828e-11
-8.62007e-12
6.25972e-12
1.37351e-11
1.61023e-11
2.33085e-11
2.03818e-11
2.10711e-11
2.50435e-11
1.6617e-11
-5.3678e-12
-1.88215e-11
-1.79413e-11
-1.46772e-11
-1.21341e-11
-1.9573e-12
2.43933e-11
4.99624e-11
8.3319e-11
-1.64154e-11
-1.80314e-12
1.24183e-11
1.92409e-11
1.48909e-11
1.27199e-11
1.67588e-11
2.39695e-11
2.22662e-11
1.20248e-11
-8.98909e-12
-2.04065e-11
-1.74387e-11
-1.34432e-11
-1.17817e-11
-1.82715e-11
-2.11553e-11
-1.6798e-11
-1.91527e-11
-1.27065e-11
3.84647e-12
1.52444e-11
2.11029e-11
2.08526e-11
1.83093e-11
2.00898e-11
2.29837e-11
1.80173e-11
7.05215e-12
-1.27406e-11
-2.04996e-11
-1.70157e-11
-1.36824e-11
-1.00327e-11
-1.06744e-11
-3.60756e-11
-4.75264e-11
-4.46392e-11
-8.8177e-12
7.52651e-12
1.55806e-11
1.99919e-11
2.20621e-11
2.17348e-11
2.09886e-11
1.95467e-11
1.39351e-11
2.58433e-12
-1.66315e-11
-1.97667e-11
-1.73066e-11
-1.43491e-11
-1.11859e-11
-8.38758e-12
-1.88987e-11
-4.01674e-11
1.18207e-11
-6.39933e-12
8.4858e-12
1.37266e-11
1.73773e-11
1.99176e-11
2.04587e-11
1.94539e-11
1.67419e-11
1.09795e-11
-1.48876e-12
-1.98216e-11
-1.84773e-11
-1.73677e-11
-1.43534e-11
-1.10368e-11
-8.52136e-12
-6.92642e-12
-2.04676e-11
-7.16605e-12
-6.68915e-12
5.90491e-12
1.05443e-11
1.43422e-11
1.71275e-11
1.82591e-11
1.77852e-11
1.50613e-11
8.16085e-12
-6.41877e-12
-2.0416e-11
-1.80448e-11
-1.73114e-11
-1.43386e-11
-1.08509e-11
-8.00264e-12
-6.20946e-12
-7.79314e-12
-1.11739e-11
-9.74115e-12
7.63696e-13
6.10901e-12
1.03509e-11
1.36693e-11
1.57518e-11
1.59149e-11
1.2757e-11
3.32304e-12
-1.39196e-11
-1.85706e-11
-1.80927e-11
-1.72516e-11
-1.41963e-11
-1.05405e-11
-7.51504e-12
-6.78169e-12
-3.28645e-12
-1.11034e-11
-1.37377e-11
-5.27701e-12
4.60946e-13
5.17929e-12
9.10531e-12
1.19878e-11
1.2535e-11
8.20292e-12
-4.04111e-12
-1.88504e-11
-1.74111e-11
-1.8084e-11
-1.72318e-11
-1.39779e-11
-1.01406e-11
-6.99318e-12
-5.74038e-12
-2.874e-12
-5.52869e-12
-1.70276e-11
-1.0512e-11
-4.52772e-12
6.23528e-13
4.76241e-12
7.70083e-12
7.6984e-12
1.35833e-12
-1.19478e-11
-1.72042e-11
-1.73877e-11
-1.80747e-11
-1.71851e-11
-1.37292e-11
-9.7225e-12
-6.45081e-12
-4.63949e-12
-3.53097e-12
-2.36394e-12
-1.99506e-11
-1.68148e-11
-1.23858e-11
-7.73446e-12
-3.5632e-12
-6.96562e-13
-9.40558e-13
-6.65713e-12
-1.43338e-11
-1.61833e-11
-1.7453e-11
-1.80753e-11
-1.71253e-11
-1.35078e-11
-9.37047e-12
-5.98651e-12
-3.93553e-12
-3.56197e-12
-4.70416e-13
9.93361e-13
7.41513e-12
1.66188e-12
1.8322e-12
9.78726e-12
1.86577e-12
1.83522e-12
2.15165e-12
9.13244e-12
-5.37392e-13
-1.81183e-12
-1.28892e-11
-3.70112e-12
-3.6113e-12
-1.27931e-11
-2.16391e-12
-2.09961e-12
-9.09786e-12
-1.49518e-12
-1.68003e-12
-2.89521e-13
-8.49734e-14
-7.15501e-14
-1.75962e-13
-2.52669e-13
-2.54382e-13
-8.35721e-12
-2.61712e-13
-3.12448e-13
-3.88539e-13
-4.76276e-13
-5.65293e-13
-6.05882e-13
-5.92982e-13
-5.18204e-13
-3.4599e-13
-6.37847e-14
2.67578e-13
5.18496e-13
7.35221e-13
2.35833e-11
4.28353e-12
4.52987e-12
4.31887e-12
1.05912e-11
-6.28618e-13
-1.67523e-12
-1.41004e-12
-2.99675e-11
6.74142e-11
8.48277e-11
7.24679e-11
-8.25649e-13
-6.28616e-13
-1.7073e-12
-1.99136e-11
-4.35625e-12
-4.35232e-12
-4.0799e-12
-2.02863e-11
-6.26693e-13
-4.09003e-13
-1.64453e-13
1.45255e-13
3.99062e-13
5.46299e-13
5.97691e-13
5.94309e-13
5.28669e-13
4.09796e-13
2.76604e-13
1.72934e-13
9.88409e-14
5.22521e-12
8.62991e-14
3.33446e-14
-9.17041e-14
-2.5679e-13
-2.9747e-13
-1.18269e-13
-7.46841e-13
-9.16006e-13
-5.15489e-12
-1.29373e-12
-1.48941e-12
-9.92004e-12
-2.29014e-12
-2.59761e-12
-1.73201e-11
-4.46577e-12
-5.12441e-12
-2.05781e-11
-1.7244e-12
-7.66335e-13
-8.57635e-13
-2.37166e-12
-1.7467e-13
-6.99674e-13
3.42553e-14
2.87703e-13
-8.85255e-12
4.65829e-12
1.24909e-11
2.00603e-11
2.4042e-11
2.37696e-11
1.40819e-11
-9.47682e-12
-2.77545e-11
-3.14456e-11
-2.88634e-11
-2.16681e-11
-5.47855e-12
7.46747e-12
1.4562e-11
8.4653e-12
-2.99558e-12
-5.0227e-12
-2.09046e-12
-2.03945e-12
1.06802e-11
1.81191e-11
2.43709e-11
2.48425e-11
2.26145e-11
1.50093e-11
-1.05377e-11
-2.80785e-11
-3.14858e-11
-2.88374e-11
-7.8084e-12
1.75686e-11
2.92515e-11
3.33507e-11
3.13245e-11
6.15521e-12
-4.02596e-12
-3.12825e-12
-1.41755e-12
1.18155e-11
2.03823e-11
2.48032e-11
2.17228e-11
1.82701e-11
1.62955e-11
-1.15273e-11
-2.87139e-11
-3.16508e-11
-2.55113e-11
9.32025e-12
2.69408e-11
3.10279e-11
3.24109e-11
3.28791e-11
1.48959e-11
-9.07326e-13
-5.31388e-13
-2.34411e-14
1.53778e-11
2.36177e-11
2.4427e-11
1.65782e-11
1.43199e-11
1.51708e-11
-1.10785e-11
-2.99339e-11
-3.13964e-11
-1.43721e-11
1.87263e-11
2.43441e-11
2.58101e-11
2.72873e-11
2.52007e-11
2.14029e-11
4.26242e-12
2.45503e-12
2.38142e-12
1.96637e-11
2.50919e-11
2.11781e-11
8.8041e-12
1.00499e-11
1.16484e-11
-9.73143e-12
-3.1308e-11
-3.01087e-11
-5.24911e-12
1.74675e-11
1.55075e-11
1.79661e-11
2.11897e-11
2.14706e-11
2.601e-11
8.01823e-12
4.73586e-12
5.80005e-12
2.36571e-11
2.41178e-11
1.54724e-11
7.23535e-13
4.77153e-12
6.93543e-12
-9.54429e-12
-3.16046e-11
-2.80514e-11
-1.75559e-12
8.82521e-12
3.66168e-12
6.6285e-12
1.14338e-11
1.32117e-11
1.69613e-11
9.43599e-12
6.88037e-12
9.64021e-12
2.588e-11
2.06643e-11
7.95322e-12
-7.17648e-12
-1.38993e-12
1.33585e-12
-1.12163e-11
-3.04049e-11
-2.60968e-11
-2.6693e-12
-1.9156e-12
-8.87302e-12
-8.93993e-12
-4.50671e-12
2.51658e-12
9.11463e-12
1.73502e-11
1.69654e-11
1.33531e-11
2.53658e-11
1.53048e-11
-4.73154e-13
-1.48163e-11
-8.54937e-12
-5.2939e-12
-1.38715e-11
-2.8535e-11
-2.42111e-11
-4.7235e-12
-7.82403e-12
-1.45683e-11
-2.09099e-11
-2.2027e-11
-1.21837e-11
-7.12967e-12
-9.67121e-12
-1.83128e-11
1.64079e-11
2.18709e-11
8.66789e-12
-8.54401e-12
-2.18996e-11
-1.13218e-11
-7.95769e-12
-1.76896e-11
-2.67563e-11
-2.26545e-11
-5.42449e-12
-2.23676e-13
-5.29372e-12
-1.50385e-11
-2.51226e-11
-2.3436e-11
-1.06316e-11
-2.44429e-11
-3.16038e-11
1.82586e-11
1.59066e-11
1.4042e-12
-1.41545e-11
-3.65137e-11
-4.04855e-11
-3.07217e-11
-1.81891e-11
-2.60506e-11
-2.02418e-11
1.58055e-12
1.85222e-11
1.09444e-11
6.81456e-12
-3.16612e-12
-2.21804e-11
-1.77749e-11
-1.20685e-11
1.91212e-12
1.83828e-11
8.62007e-12
-6.25972e-12
-1.37351e-11
-1.61023e-11
-2.33085e-11
-2.03818e-11
-2.10711e-11
-2.50435e-11
-1.6617e-11
5.3678e-12
1.88215e-11
1.79413e-11
1.46772e-11
1.21341e-11
1.9573e-12
-2.43933e-11
-4.99624e-11
-8.3319e-11
1.64154e-11
1.80314e-12
-1.24183e-11
-1.92409e-11
-1.48909e-11
-1.27199e-11
-1.67588e-11
-2.39695e-11
-2.22662e-11
-1.20248e-11
8.98909e-12
2.04065e-11
1.74387e-11
1.34432e-11
1.17817e-11
1.82715e-11
2.11553e-11
1.6798e-11
1.91527e-11
1.27065e-11
-3.84647e-12
-1.52444e-11
-2.11029e-11
-2.08526e-11
-1.83093e-11
-2.00898e-11
-2.29837e-11
-1.80173e-11
-7.05215e-12
1.27406e-11
2.04996e-11
1.70157e-11
1.36824e-11
1.00327e-11
1.06744e-11
3.60756e-11
4.75264e-11
4.46392e-11
8.8177e-12
-7.52651e-12
-1.55806e-11
-1.99919e-11
-2.20621e-11
-2.17348e-11
-2.09886e-11
-1.95467e-11
-1.39351e-11
-2.58433e-12
1.66315e-11
1.97667e-11
1.73066e-11
1.43491e-11
1.11859e-11
8.38758e-12
1.88987e-11
4.01674e-11
-1.18207e-11
6.39933e-12
-8.4858e-12
-1.37266e-11
-1.73773e-11
-1.99176e-11
-2.04587e-11
-1.94539e-11
-1.67419e-11
-1.09795e-11
1.48876e-12
1.98216e-11
1.84773e-11
1.73677e-11
1.43534e-11
1.10368e-11
8.52136e-12
6.92642e-12
2.04676e-11
7.16605e-12
6.68915e-12
-5.90491e-12
-1.05443e-11
-1.43422e-11
-1.71275e-11
-1.82591e-11
-1.77852e-11
-1.50613e-11
-8.16085e-12
6.41877e-12
2.0416e-11
1.80448e-11
1.73114e-11
1.43386e-11
1.08509e-11
8.00264e-12
6.20946e-12
7.79314e-12
1.11739e-11
9.74115e-12
-7.63696e-13
-6.10901e-12
-1.03509e-11
-1.36693e-11
-1.57518e-11
-1.59149e-11
-1.2757e-11
-3.32304e-12
1.39196e-11
1.85706e-11
1.80927e-11
1.72516e-11
1.41963e-11
1.05405e-11
7.51504e-12
6.78169e-12
3.28645e-12
1.11034e-11
1.37377e-11
5.27701e-12
-4.60946e-13
-5.17929e-12
-9.10531e-12
-1.19878e-11
-1.2535e-11
-8.20292e-12
4.04111e-12
1.88504e-11
1.74111e-11
1.8084e-11
1.72318e-11
1.39779e-11
1.01406e-11
6.99318e-12
5.74038e-12
2.874e-12
5.52869e-12
1.70276e-11
1.0512e-11
4.52772e-12
-6.23528e-13
-4.76241e-12
-7.70083e-12
-7.6984e-12
-1.35833e-12
1.19478e-11
1.72042e-11
1.73877e-11
1.80747e-11
1.71851e-11
1.37292e-11
9.7225e-12
6.45081e-12
4.63949e-12
3.53097e-12
2.36394e-12
1.99506e-11
1.68148e-11
1.23858e-11
7.73446e-12
3.5632e-12
6.96562e-13
9.40558e-13
6.65713e-12
1.43338e-11
1.61833e-11
1.7453e-11
1.80753e-11
1.71253e-11
1.35078e-11
9.37047e-12
5.98651e-12
3.93553e-12
3.56197e-12
4.70416e-13
)
;
    }
    fineplugLeft
    {
        type            cyclicAMI;
        value           nonuniform List<scalar> 
20
(
-623.065
-817.013
-734.673
-580.229
-469.972
-447.868
-505.326
-621.037
-765.558
-904.095
-1030.08
-1146.76
-1255.76
-1359.43
-1430.11
-1514.33
-1588.23
-1597.8
-1410.71
-697.924
)
;
    }
    fineplugRight
    {
        type            cyclicAMI;
        value           nonuniform List<scalar> 
20
(
-623.245
-815.62
-733.358
-579.074
-468.489
-445.222
-500.831
-613.554
-756.267
-894.387
-1019.87
-1135.82
-1243.54
-1347.85
-1426.91
-1516.42
-1598.06
-1617.39
-1438.97
-724.896
)
;
    }
    inletOutletLeft
    {
        type            cyclicAMI;
        value           nonuniform List<scalar> 
20
(
623.065
817.013
734.673
580.229
469.972
447.868
505.326
621.037
765.558
904.095
1030.08
1146.76
1255.76
1359.43
1430.11
1514.33
1588.23
1597.8
1410.71
697.924
)
;
    }
    inletLeft
    {
        type            calculated;
        value           uniform -975;
    }
    inletWallsLeft
    {
        type            calculated;
        value           uniform 0;
    }
    inletFacesLeft
    {
        type            calculated;
        value           nonuniform List<scalar> 
800
(
-1.07725e-14
2.15833e-13
1.99542e-13
1.75942e-13
1.95104e-13
2.54726e-13
1.91597e-13
1.32558e-13
4.89684e-14
-1.03943e-13
-3.25406e-13
-5.79521e-13
-7.84522e-13
-9.23146e-13
-9.2153e-13
-6.90848e-13
-3.01863e-13
3.27581e-14
1.94208e-13
2.21716e-13
-1.07122e-14
2.81023e-13
2.28071e-13
2.66225e-13
3.19908e-13
3.97598e-13
2.70163e-13
2.38102e-13
1.37722e-13
-4.62122e-14
-2.7744e-13
-4.60166e-13
-5.42397e-13
-5.22122e-13
-3.46174e-13
-3.71654e-14
2.41422e-13
3.51849e-13
3.41222e-13
3.2982e-13
5.03622e-15
1.04238e-13
5.13642e-14
8.89587e-14
1.05393e-13
2.5596e-13
1.61026e-13
1.62376e-13
2.12335e-13
2.17053e-13
2.03894e-13
1.83005e-13
1.62156e-13
1.7884e-13
2.78117e-13
3.90738e-13
4.32231e-13
3.8163e-13
2.73422e-13
2.60217e-13
-2.20117e-15
-3.28076e-14
-2.15686e-14
-2.74906e-14
-3.67224e-14
1.27927e-13
1.13386e-13
1.04384e-13
1.64933e-13
1.72269e-13
2.09953e-13
2.58515e-13
2.96236e-13
2.69342e-13
3.03977e-13
3.55076e-13
3.70727e-13
3.30072e-13
2.73968e-13
2.48278e-13
5.64773e-16
6.54705e-15
4.93639e-15
5.36308e-15
6.06854e-15
-3.54566e-14
-3.45765e-14
-3.28683e-14
-3.98825e-14
-4.27676e-14
-4.47888e-14
-4.55402e-14
-3.84323e-14
-2.40157e-14
-1.11857e-14
1.09376e-15
5.09803e-15
-1.51246e-14
-4.93395e-14
-9.47414e-14
-3.78353e-17
-1.14246e-15
-9.31151e-16
-8.8766e-16
-6.24104e-16
6.68164e-15
6.92528e-15
6.3126e-15
6.4715e-15
6.0716e-15
4.93246e-15
3.14271e-15
-8.74158e-17
-4.75298e-15
-1.04679e-14
-1.63605e-14
-1.99066e-14
-1.81277e-14
-9.17035e-15
-5.71653e-15
3.29714e-18
1.25325e-16
9.7935e-17
8.21121e-17
1.25467e-17
-9.97419e-16
-1.0429e-15
-8.05672e-16
-6.11696e-16
-3.05542e-16
9.99874e-17
5.95776e-16
1.27967e-15
2.24629e-15
3.43434e-15
4.49497e-15
4.90947e-15
4.51647e-15
3.87517e-15
5.00079e-15
-3.096e-18
-1.88788e-18
1.09646e-17
1.41867e-17
2.04908e-17
1.06053e-16
7.69278e-17
9.66997e-18
-5.23518e-17
-1.25134e-16
-2.01103e-16
-2.72617e-16
-3.52997e-16
-4.62376e-16
-5.82811e-16
-6.32158e-16
-5.18456e-16
8.67772e-17
1.88026e-15
4.30829e-15
1.17833e-18
-3.13229e-18
-7.98366e-18
-8.42812e-18
-8.16976e-18
-6.59416e-18
1.03243e-17
2.68009e-17
3.88832e-17
5.03772e-17
6.09728e-17
7.0332e-17
8.09022e-17
8.27573e-17
2.43065e-17
-1.20189e-16
-2.3083e-16
2.24723e-16
2.49241e-15
4.494e-15
-3.14916e-19
1.29051e-18
2.56148e-18
2.58252e-18
1.50575e-18
-3.29936e-18
-7.49761e-18
-9.4894e-18
-1.18248e-17
-1.38815e-17
-1.13314e-17
-4.26118e-18
-3.78908e-18
-5.20006e-17
-2.06709e-16
-2.97747e-16
2.57149e-16
1.69275e-15
2.97828e-15
2.09614e-15
5.34748e-20
-3.51057e-19
-5.83298e-19
-5.30108e-19
7.93721e-20
1.78437e-18
3.11136e-18
3.36738e-18
1.85226e-18
4.20297e-20
7.83037e-19
-4.25794e-19
-2.15496e-17
-8.58543e-17
-1.89585e-16
-2.51405e-16
-1.56399e-16
3.31144e-17
4.12766e-17
-1.4949e-16
-7.83074e-21
6.64871e-20
9.94029e-20
7.99481e-20
-5.80507e-20
-3.50614e-19
-3.74244e-19
-2.22064e-19
-2.24189e-19
-1.48043e-19
1.14628e-18
1.90825e-18
-6.16722e-18
-2.93642e-17
-5.91327e-17
-7.32668e-17
-5.61041e-17
-2.80172e-17
-2.17478e-17
-1.52143e-17
9.56982e-22
-9.04199e-21
-1.15246e-20
-5.96642e-21
1.84387e-20
5.42324e-20
1.00916e-20
-1.09494e-19
-1.85178e-19
-1.66404e-19
-3.46794e-19
-8.76428e-19
-7.34012e-19
1.91296e-18
7.73983e-18
1.56693e-17
2.41172e-17
3.26784e-17
4.10302e-17
3.73144e-17
-5.0895e-23
3.16955e-22
-2.24332e-22
-1.13624e-21
-3.66114e-21
-4.71991e-21
8.44761e-21
3.21439e-20
4.44094e-20
4.75474e-20
1.11409e-19
2.71386e-19
3.45478e-19
-2.73092e-20
-1.03556e-18
-2.46932e-18
-3.95657e-18
-5.75665e-18
-1.03946e-17
-1.33546e-17
-2.43434e-23
1.8304e-22
5.3444e-22
1.08804e-21
8.54797e-22
-1.42052e-21
-9.50318e-22
1.56338e-20
5.51531e-20
8.96638e-20
5.33708e-20
-1.06714e-19
-3.67154e-19
-6.235e-19
-7.74315e-19
-8.15739e-19
-8.73547e-19
-1.01879e-18
-1.54219e-18
-1.44306e-17
-6.4477e-24
-2.37201e-22
-2.84171e-22
-4.48118e-22
-1.22813e-21
1.49197e-21
1.93764e-20
6.22612e-20
1.1343e-19
1.04178e-19
-8.80375e-20
-5.86438e-19
-1.38626e-18
-2.236e-18
-2.79114e-18
-3.01187e-18
-2.96518e-18
-2.63116e-18
-8.63379e-19
-1.08691e-17
-1.96232e-23
4.30678e-23
1.89665e-22
-2.70371e-22
-1.32111e-21
4.27033e-21
3.381e-20
9.57536e-20
1.46163e-19
5.02037e-20
-3.99518e-19
-1.33589e-18
-2.53087e-18
-3.27759e-18
-3.08187e-18
-2.51197e-18
-1.92815e-18
-1.99546e-18
-4.04413e-18
-7.49816e-18
-6.4759e-24
4.73279e-23
7.70176e-23
-7.58857e-22
-1.67103e-21
5.51523e-21
3.62512e-20
9.4738e-20
1.38164e-19
5.0933e-20
-3.22068e-19
-1.02233e-18
-1.76293e-18
-2.01709e-18
-1.65221e-18
-1.28097e-18
-1.57637e-18
-2.80485e-18
-4.75632e-18
-5.12217e-18
5.06388e-24
9.20825e-23
1.00968e-22
-6.3471e-22
-2.01852e-21
3.69648e-22
1.69528e-20
5.74852e-20
1.16679e-19
1.63738e-19
1.4716e-19
1.82284e-20
-2.24408e-19
-4.82685e-19
-5.89016e-19
-4.89153e-19
-3.7096e-19
-5.12986e-19
-1.02489e-18
-1.24048e-18
5.9098e-24
3.62e-23
6.28177e-24
-3.56279e-22
-1.25591e-21
-1.82075e-21
1.45677e-21
1.53179e-20
4.75028e-20
1.01579e-19
1.71573e-19
2.40223e-19
2.82955e-19
2.78157e-19
2.22501e-19
1.41032e-19
7.33907e-20
4.12632e-20
3.15137e-20
1.15149e-20
1.07725e-14
-2.15833e-13
-1.99542e-13
-1.75942e-13
-1.95104e-13
-2.54726e-13
-1.91597e-13
-1.32558e-13
-4.89684e-14
1.03943e-13
3.25406e-13
5.79521e-13
7.84522e-13
9.23146e-13
9.2153e-13
6.90848e-13
3.01863e-13
-3.27581e-14
-1.94208e-13
-2.21716e-13
1.07122e-14
-2.81023e-13
-2.28071e-13
-2.66225e-13
-3.19908e-13
-3.97598e-13
-2.70163e-13
-2.38102e-13
-1.37722e-13
4.62122e-14
2.7744e-13
4.60166e-13
5.42397e-13
5.22122e-13
3.46174e-13
3.71654e-14
-2.41422e-13
-3.51849e-13
-3.41222e-13
-3.2982e-13
-5.03622e-15
-1.04238e-13
-5.13642e-14
-8.89587e-14
-1.05393e-13
-2.5596e-13
-1.61026e-13
-1.62376e-13
-2.12335e-13
-2.17053e-13
-2.03894e-13
-1.83005e-13
-1.62156e-13
-1.7884e-13
-2.78117e-13
-3.90738e-13
-4.32231e-13
-3.8163e-13
-2.73422e-13
-2.60217e-13
2.20117e-15
3.28076e-14
2.15686e-14
2.74906e-14
3.67224e-14
-1.27927e-13
-1.13386e-13
-1.04384e-13
-1.64933e-13
-1.72269e-13
-2.09953e-13
-2.58515e-13
-2.96236e-13
-2.69342e-13
-3.03977e-13
-3.55076e-13
-3.70727e-13
-3.30072e-13
-2.73968e-13
-2.48278e-13
-5.64773e-16
-6.54705e-15
-4.93639e-15
-5.36308e-15
-6.06854e-15
3.54566e-14
3.45765e-14
3.28683e-14
3.98825e-14
4.27676e-14
4.47888e-14
4.55402e-14
3.84323e-14
2.40157e-14
1.11857e-14
-1.09376e-15
-5.09803e-15
1.51246e-14
4.93395e-14
9.47414e-14
3.78353e-17
1.14246e-15
9.31151e-16
8.8766e-16
6.24104e-16
-6.68164e-15
-6.92528e-15
-6.3126e-15
-6.4715e-15
-6.0716e-15
-4.93246e-15
-3.14271e-15
8.74158e-17
4.75298e-15
1.04679e-14
1.63605e-14
1.99066e-14
1.81277e-14
9.17035e-15
5.71653e-15
-3.29714e-18
-1.25325e-16
-9.7935e-17
-8.21121e-17
-1.25467e-17
9.97419e-16
1.0429e-15
8.05672e-16
6.11696e-16
3.05542e-16
-9.99874e-17
-5.95776e-16
-1.27967e-15
-2.24629e-15
-3.43434e-15
-4.49497e-15
-4.90947e-15
-4.51647e-15
-3.87517e-15
-5.00079e-15
3.096e-18
1.88788e-18
-1.09646e-17
-1.41867e-17
-2.04908e-17
-1.06053e-16
-7.69278e-17
-9.66997e-18
5.23518e-17
1.25134e-16
2.01103e-16
2.72617e-16
3.52997e-16
4.62376e-16
5.82811e-16
6.32158e-16
5.18456e-16
-8.67772e-17
-1.88026e-15
-4.30829e-15
-1.17833e-18
3.13229e-18
7.98366e-18
8.42812e-18
8.16976e-18
6.59416e-18
-1.03243e-17
-2.68009e-17
-3.88832e-17
-5.03772e-17
-6.09728e-17
-7.0332e-17
-8.09022e-17
-8.27573e-17
-2.43065e-17
1.20189e-16
2.3083e-16
-2.24723e-16
-2.49241e-15
-4.494e-15
3.14916e-19
-1.29051e-18
-2.56148e-18
-2.58252e-18
-1.50575e-18
3.29936e-18
7.49761e-18
9.4894e-18
1.18248e-17
1.38815e-17
1.13314e-17
4.26118e-18
3.78908e-18
5.20006e-17
2.06709e-16
2.97747e-16
-2.57149e-16
-1.69275e-15
-2.97828e-15
-2.09614e-15
-5.34748e-20
3.51057e-19
5.83298e-19
5.30108e-19
-7.93721e-20
-1.78437e-18
-3.11136e-18
-3.36738e-18
-1.85226e-18
-4.20297e-20
-7.83037e-19
4.25794e-19
2.15496e-17
8.58543e-17
1.89585e-16
2.51405e-16
1.56399e-16
-3.31144e-17
-4.12766e-17
1.4949e-16
7.83074e-21
-6.64871e-20
-9.94029e-20
-7.99481e-20
5.80507e-20
3.50614e-19
3.74244e-19
2.22064e-19
2.24189e-19
1.48043e-19
-1.14628e-18
-1.90825e-18
6.16722e-18
2.93642e-17
5.91327e-17
7.32668e-17
5.61041e-17
2.80172e-17
2.17478e-17
1.52143e-17
-9.56982e-22
9.04199e-21
1.15246e-20
5.96642e-21
-1.84387e-20
-5.42324e-20
-1.00916e-20
1.09494e-19
1.85178e-19
1.66404e-19
3.46794e-19
8.76428e-19
7.34012e-19
-1.91296e-18
-7.73983e-18
-1.56693e-17
-2.41172e-17
-3.26784e-17
-4.10302e-17
-3.73144e-17
5.0895e-23
-3.16955e-22
2.24332e-22
1.13624e-21
3.66114e-21
4.71991e-21
-8.44761e-21
-3.21439e-20
-4.44094e-20
-4.75474e-20
-1.11409e-19
-2.71386e-19
-3.45478e-19
2.73092e-20
1.03556e-18
2.46932e-18
3.95657e-18
5.75665e-18
1.03946e-17
1.33546e-17
2.43434e-23
-1.8304e-22
-5.3444e-22
-1.08804e-21
-8.54797e-22
1.42052e-21
9.50318e-22
-1.56338e-20
-5.51531e-20
-8.96638e-20
-5.33708e-20
1.06714e-19
3.67154e-19
6.235e-19
7.74315e-19
8.15739e-19
8.73547e-19
1.01879e-18
1.54219e-18
1.44306e-17
6.4477e-24
2.37201e-22
2.84171e-22
4.48118e-22
1.22813e-21
-1.49197e-21
-1.93764e-20
-6.22612e-20
-1.1343e-19
-1.04178e-19
8.80375e-20
5.86438e-19
1.38626e-18
2.236e-18
2.79114e-18
3.01187e-18
2.96518e-18
2.63116e-18
8.63379e-19
1.08691e-17
1.96232e-23
-4.30678e-23
-1.89665e-22
2.70371e-22
1.32111e-21
-4.27033e-21
-3.381e-20
-9.57536e-20
-1.46163e-19
-5.02037e-20
3.99518e-19
1.33589e-18
2.53087e-18
3.27759e-18
3.08187e-18
2.51197e-18
1.92815e-18
1.99546e-18
4.04413e-18
7.49816e-18
6.4759e-24
-4.73279e-23
-7.70176e-23
7.58857e-22
1.67103e-21
-5.51523e-21
-3.62512e-20
-9.4738e-20
-1.38164e-19
-5.0933e-20
3.22068e-19
1.02233e-18
1.76293e-18
2.01709e-18
1.65221e-18
1.28097e-18
1.57637e-18
2.80485e-18
4.75632e-18
5.12217e-18
-5.06388e-24
-9.20825e-23
-1.00968e-22
6.3471e-22
2.01852e-21
-3.69648e-22
-1.69528e-20
-5.74852e-20
-1.16679e-19
-1.63738e-19
-1.4716e-19
-1.82284e-20
2.24408e-19
4.82685e-19
5.89016e-19
4.89153e-19
3.7096e-19
5.12986e-19
1.02489e-18
1.24048e-18
-5.9098e-24
-3.62e-23
-6.28177e-24
3.56279e-22
1.25591e-21
1.82075e-21
-1.45677e-21
-1.53179e-20
-4.75028e-20
-1.01579e-19
-1.71573e-19
-2.40223e-19
-2.82955e-19
-2.78157e-19
-2.22501e-19
-1.41032e-19
-7.33907e-20
-4.12632e-20
-3.15137e-20
-1.15149e-20
)
;
    }
    inletOutletRight
    {
        type            cyclicAMI;
        value           nonuniform List<scalar> 
20
(
623.245
815.62
733.358
579.074
468.489
445.222
500.831
613.554
756.267
894.387
1019.87
1135.82
1243.54
1347.85
1426.91
1516.42
1598.06
1617.39
1438.97
724.896
)
;
    }
    inletRight
    {
        type            calculated;
        value           uniform -975;
    }
    inletWallsRight
    {
        type            calculated;
        value           uniform 0;
    }
    inletFacesRight
    {
        type            calculated;
        value           nonuniform List<scalar> 
800
(
5.75461e-24
3.53042e-23
6.31666e-24
-3.47266e-22
-1.22572e-21
-1.7773e-21
1.42751e-21
1.4979e-20
4.64381e-20
9.92754e-20
1.67629e-19
2.34608e-19
2.76189e-19
2.71269e-19
2.1665e-19
1.36924e-19
7.10065e-20
4.02123e-20
3.13794e-20
1.16626e-20
5.14552e-24
9.00084e-23
9.38269e-23
-6.40245e-22
-2.01317e-21
3.09128e-22
1.6523e-20
5.6153e-20
1.1402e-19
1.60036e-19
1.43891e-19
1.79855e-20
-2.18922e-19
-4.70697e-19
-5.73305e-19
-4.74228e-19
-3.59207e-19
-5.05726e-19
-1.02684e-18
-1.25366e-18
-5.60355e-24
4.7395e-23
6.12975e-23
-7.97214e-22
-1.7387e-21
5.25733e-21
3.53113e-20
9.24946e-20
1.34859e-19
4.93023e-20
-3.15625e-19
-9.99497e-19
-1.72013e-18
-1.96198e-18
-1.59758e-18
-1.23137e-18
-1.53531e-18
-2.79166e-18
-4.78629e-18
-5.16745e-18
-1.79497e-23
4.10267e-23
1.6281e-22
-3.39654e-22
-1.44399e-21
3.96173e-21
3.28329e-20
9.34136e-20
1.42627e-19
4.84352e-20
-3.91983e-19
-1.30772e-18
-2.47341e-18
-3.19535e-18
-2.99198e-18
-2.42348e-18
-1.85343e-18
-1.96678e-18
-4.07537e-18
-7.49665e-18
-6.17569e-24
-2.25559e-22
-2.86119e-22
-5.04208e-22
-1.33272e-21
1.25886e-21
1.87135e-20
6.06659e-20
1.1074e-19
1.01584e-19
-8.69707e-20
-5.75566e-19
-1.35877e-18
-2.18877e-18
-2.72749e-18
-2.93711e-18
-2.88404e-18
-2.55286e-18
-9.0458e-19
-1.06904e-17
-2.10136e-23
1.69642e-22
4.91047e-22
9.91409e-22
6.61451e-22
-1.5798e-21
-1.09165e-21
1.52e-20
5.37318e-20
8.67509e-20
4.99453e-20
-1.07665e-19
-3.62189e-19
-6.1154e-19
-7.58428e-19
-8.02771e-19
-8.70704e-19
-1.0342e-18
-1.59307e-18
-1.39867e-17
-4.93989e-23
2.86522e-22
-2.97412e-22
-1.15845e-21
-3.57398e-21
-5.06264e-21
7.51444e-21
3.00329e-20
4.12261e-20
4.507e-20
1.10535e-19
2.69842e-19
3.41766e-19
-2.5672e-20
-1.0099e-18
-2.39432e-18
-3.81211e-18
-5.52006e-18
-9.99485e-18
-1.26494e-17
8.86643e-22
-8.4815e-21
-1.03437e-20
-5.41667e-21
1.85128e-20
5.64165e-20
1.44703e-20
-9.83769e-20
-1.64087e-19
-1.40857e-19
-3.22106e-19
-8.44459e-19
-6.85129e-19
1.95699e-18
7.72212e-18
1.55217e-17
2.38206e-17
3.23098e-17
4.07515e-17
3.74279e-17
-7.17531e-21
6.27987e-20
9.03934e-20
7.36598e-20
-6.32852e-20
-3.65316e-19
-3.87877e-19
-2.42463e-19
-2.56636e-19
-1.79364e-19
1.11928e-18
1.86137e-18
-6.14964e-18
-2.91537e-17
-5.87804e-17
-7.33859e-17
-5.73812e-17
-3.07264e-17
-2.46121e-17
-1.58473e-17
4.91576e-20
-3.33669e-19
-5.33869e-19
-4.8787e-19
1.08953e-19
1.83035e-18
3.09386e-18
3.27552e-18
1.77648e-18
1.10323e-19
9.07116e-19
-6.86964e-19
-2.26823e-17
-8.65665e-17
-1.84912e-16
-2.36759e-16
-1.36419e-16
4.62775e-17
4.37809e-17
-1.4827e-16
-2.93966e-19
1.22913e-18
2.35208e-18
2.35116e-18
1.43029e-18
-3.34777e-18
-7.43416e-18
-9.40761e-18
-1.16515e-17
-1.38283e-17
-1.15421e-17
-5.11102e-18
-6.15723e-18
-5.49897e-17
-2.02629e-16
-2.76675e-16
2.84884e-16
1.69078e-15
2.92507e-15
2.03382e-15
1.10558e-18
-2.79959e-18
-7.3427e-18
-7.38318e-18
-7.8547e-18
-7.44202e-18
8.02043e-18
2.49049e-17
3.65239e-17
4.76591e-17
5.86056e-17
6.87216e-17
8.03301e-17
8.37568e-17
3.01699e-17
-1.03932e-16
-2.20575e-16
1.98188e-16
2.43037e-15
4.41498e-15
-2.94214e-18
-4.62724e-18
9.04632e-18
1.02689e-17
1.95902e-17
1.13671e-16
9.60859e-17
2.28813e-17
-4.06281e-17
-1.10291e-16
-1.8386e-16
-2.58846e-16
-3.48244e-16
-4.69458e-16
-6.0076e-16
-6.61686e-16
-5.64054e-16
3.32794e-17
1.81649e-15
4.59015e-15
4.24931e-18
1.46764e-16
1.05199e-16
9.85716e-17
1.42338e-17
-1.04615e-15
-1.17013e-15
-8.72676e-16
-6.57198e-16
-3.85593e-16
-3.32393e-17
4.88256e-16
1.25669e-15
2.3177e-15
3.55369e-15
4.64366e-15
5.08564e-15
4.67841e-15
3.84928e-15
5.9711e-15
-5.30943e-17
-1.26061e-15
-9.95618e-16
-9.81006e-16
-6.72688e-16
7.04518e-15
7.51448e-15
6.63219e-15
6.49859e-15
6.4313e-15
5.72866e-15
3.77059e-15
-9.71972e-17
-5.38675e-15
-1.11139e-14
-1.68067e-14
-2.03371e-14
-1.86004e-14
-9.49877e-15
-5.40999e-15
6.3539e-16
6.9991e-15
5.48987e-15
5.84218e-15
6.72855e-15
-3.93e-14
-3.78298e-14
-3.78509e-14
-3.84227e-14
-4.45347e-14
-4.75039e-14
-4.88493e-14
-3.80747e-14
-2.12484e-14
-9.28201e-15
2.26395e-16
2.8372e-15
-1.61176e-14
-4.55153e-14
-1.04532e-13
-2.31353e-15
-3.44542e-14
-2.49207e-14
-2.90549e-14
-4.02103e-14
1.40593e-13
1.3955e-13
1.55355e-13
1.59204e-13
1.81663e-13
2.23757e-13
2.86032e-13
2.9798e-13
2.77554e-13
3.07814e-13
3.69326e-13
3.93488e-13
3.62999e-13
2.55358e-13
2.78491e-13
5.31361e-15
1.06342e-13
6.91005e-14
9.12547e-14
1.07991e-13
2.77585e-13
1.76863e-13
1.91361e-13
1.99939e-13
2.26628e-13
2.08321e-13
1.81979e-13
1.37802e-13
1.50837e-13
2.69892e-13
4.0323e-13
4.53626e-13
3.95393e-13
2.55086e-13
2.99782e-13
-9.7747e-15
3.09542e-13
2.63945e-13
2.63869e-13
3.32523e-13
4.24671e-13
2.94338e-13
2.7341e-13
1.73603e-13
-5.51623e-15
-2.65495e-13
-4.66706e-13
-5.58787e-13
-5.07253e-13
-3.28778e-13
-9.7954e-15
2.67442e-13
3.67604e-13
3.39889e-13
3.73946e-13
-2.07948e-14
2.39306e-13
2.22294e-13
1.81807e-13
2.114e-13
2.67534e-13
2.09779e-13
1.62408e-13
7.49349e-14
-7.77959e-14
-3.23912e-13
-5.90275e-13
-7.98012e-13
-9.14892e-13
-9.05684e-13
-6.64075e-13
-2.73854e-13
5.48658e-14
2.13013e-13
2.68597e-13
-5.75461e-24
-3.53042e-23
-6.31666e-24
3.47266e-22
1.22572e-21
1.7773e-21
-1.42751e-21
-1.4979e-20
-4.64381e-20
-9.92754e-20
-1.67629e-19
-2.34608e-19
-2.76189e-19
-2.71269e-19
-2.1665e-19
-1.36924e-19
-7.10065e-20
-4.02123e-20
-3.13794e-20
-1.16626e-20
-5.14552e-24
-9.00084e-23
-9.38269e-23
6.40245e-22
2.01317e-21
-3.09128e-22
-1.6523e-20
-5.6153e-20
-1.1402e-19
-1.60036e-19
-1.43891e-19
-1.79855e-20
2.18922e-19
4.70697e-19
5.73305e-19
4.74228e-19
3.59207e-19
5.05726e-19
1.02684e-18
1.25366e-18
5.60355e-24
-4.7395e-23
-6.12975e-23
7.97214e-22
1.7387e-21
-5.25733e-21
-3.53113e-20
-9.24946e-20
-1.34859e-19
-4.93023e-20
3.15625e-19
9.99497e-19
1.72013e-18
1.96198e-18
1.59758e-18
1.23137e-18
1.53531e-18
2.79166e-18
4.78629e-18
5.16745e-18
1.79497e-23
-4.10267e-23
-1.6281e-22
3.39654e-22
1.44399e-21
-3.96173e-21
-3.28329e-20
-9.34136e-20
-1.42627e-19
-4.84352e-20
3.91983e-19
1.30772e-18
2.47341e-18
3.19535e-18
2.99198e-18
2.42348e-18
1.85343e-18
1.96678e-18
4.07537e-18
7.49665e-18
6.17569e-24
2.25559e-22
2.86119e-22
5.04208e-22
1.33272e-21
-1.25886e-21
-1.87135e-20
-6.06659e-20
-1.1074e-19
-1.01584e-19
8.69707e-20
5.75566e-19
1.35877e-18
2.18877e-18
2.72749e-18
2.93711e-18
2.88404e-18
2.55286e-18
9.0458e-19
1.06904e-17
2.10136e-23
-1.69642e-22
-4.91047e-22
-9.91409e-22
-6.61451e-22
1.5798e-21
1.09165e-21
-1.52e-20
-5.37318e-20
-8.67509e-20
-4.99453e-20
1.07665e-19
3.62189e-19
6.1154e-19
7.58428e-19
8.02771e-19
8.70704e-19
1.0342e-18
1.59307e-18
1.39867e-17
4.93989e-23
-2.86522e-22
2.97412e-22
1.15845e-21
3.57398e-21
5.06264e-21
-7.51444e-21
-3.00329e-20
-4.12261e-20
-4.507e-20
-1.10535e-19
-2.69842e-19
-3.41766e-19
2.5672e-20
1.0099e-18
2.39432e-18
3.81211e-18
5.52006e-18
9.99485e-18
1.26494e-17
-8.86643e-22
8.4815e-21
1.03437e-20
5.41667e-21
-1.85128e-20
-5.64165e-20
-1.44703e-20
9.83769e-20
1.64087e-19
1.40857e-19
3.22106e-19
8.44459e-19
6.85129e-19
-1.95699e-18
-7.72212e-18
-1.55217e-17
-2.38206e-17
-3.23098e-17
-4.07515e-17
-3.74279e-17
7.17531e-21
-6.27987e-20
-9.03934e-20
-7.36598e-20
6.32852e-20
3.65316e-19
3.87877e-19
2.42463e-19
2.56636e-19
1.79364e-19
-1.11928e-18
-1.86137e-18
6.14964e-18
2.91537e-17
5.87804e-17
7.33859e-17
5.73812e-17
3.07264e-17
2.46121e-17
1.58473e-17
-4.91576e-20
3.33669e-19
5.33869e-19
4.8787e-19
-1.08953e-19
-1.83035e-18
-3.09386e-18
-3.27552e-18
-1.77648e-18
-1.10323e-19
-9.07116e-19
6.86964e-19
2.26823e-17
8.65665e-17
1.84912e-16
2.36759e-16
1.36419e-16
-4.62775e-17
-4.37809e-17
1.4827e-16
2.93966e-19
-1.22913e-18
-2.35208e-18
-2.35116e-18
-1.43029e-18
3.34777e-18
7.43416e-18
9.40761e-18
1.16515e-17
1.38283e-17
1.15421e-17
5.11102e-18
6.15723e-18
5.49897e-17
2.02629e-16
2.76675e-16
-2.84884e-16
-1.69078e-15
-2.92507e-15
-2.03382e-15
-1.10558e-18
2.79959e-18
7.3427e-18
7.38318e-18
7.8547e-18
7.44202e-18
-8.02043e-18
-2.49049e-17
-3.65239e-17
-4.76591e-17
-5.86056e-17
-6.87216e-17
-8.03301e-17
-8.37568e-17
-3.01699e-17
1.03932e-16
2.20575e-16
-1.98188e-16
-2.43037e-15
-4.41498e-15
2.94214e-18
4.62724e-18
-9.04632e-18
-1.02689e-17
-1.95902e-17
-1.13671e-16
-9.60859e-17
-2.28813e-17
4.06281e-17
1.10291e-16
1.8386e-16
2.58846e-16
3.48244e-16
4.69458e-16
6.0076e-16
6.61686e-16
5.64054e-16
-3.32794e-17
-1.81649e-15
-4.59015e-15
-4.24931e-18
-1.46764e-16
-1.05199e-16
-9.85716e-17
-1.42338e-17
1.04615e-15
1.17013e-15
8.72676e-16
6.57198e-16
3.85593e-16
3.32393e-17
-4.88256e-16
-1.25669e-15
-2.3177e-15
-3.55369e-15
-4.64366e-15
-5.08564e-15
-4.67841e-15
-3.84928e-15
-5.9711e-15
5.30943e-17
1.26061e-15
9.95618e-16
9.81006e-16
6.72688e-16
-7.04518e-15
-7.51448e-15
-6.63219e-15
-6.49859e-15
-6.4313e-15
-5.72866e-15
-3.77059e-15
9.71972e-17
5.38675e-15
1.11139e-14
1.68067e-14
2.03371e-14
1.86004e-14
9.49877e-15
5.40999e-15
-6.3539e-16
-6.9991e-15
-5.48987e-15
-5.84218e-15
-6.72855e-15
3.93e-14
3.78298e-14
3.78509e-14
3.84227e-14
4.45347e-14
4.75039e-14
4.88493e-14
3.80747e-14
2.12484e-14
9.28201e-15
-2.26395e-16
-2.8372e-15
1.61176e-14
4.55153e-14
1.04532e-13
2.31353e-15
3.44542e-14
2.49207e-14
2.90549e-14
4.02103e-14
-1.40593e-13
-1.3955e-13
-1.55355e-13
-1.59204e-13
-1.81663e-13
-2.23757e-13
-2.86032e-13
-2.9798e-13
-2.77554e-13
-3.07814e-13
-3.69326e-13
-3.93488e-13
-3.62999e-13
-2.55358e-13
-2.78491e-13
-5.31361e-15
-1.06342e-13
-6.91005e-14
-9.12547e-14
-1.07991e-13
-2.77585e-13
-1.76863e-13
-1.91361e-13
-1.99939e-13
-2.26628e-13
-2.08321e-13
-1.81979e-13
-1.37802e-13
-1.50837e-13
-2.69892e-13
-4.0323e-13
-4.53626e-13
-3.95393e-13
-2.55086e-13
-2.99782e-13
9.7747e-15
-3.09542e-13
-2.63945e-13
-2.63869e-13
-3.32523e-13
-4.24671e-13
-2.94338e-13
-2.7341e-13
-1.73603e-13
5.51623e-15
2.65495e-13
4.66706e-13
5.58787e-13
5.07253e-13
3.28778e-13
9.7954e-15
-2.67442e-13
-3.67604e-13
-3.39889e-13
-3.73946e-13
2.07948e-14
-2.39306e-13
-2.22294e-13
-1.81807e-13
-2.114e-13
-2.67534e-13
-2.09779e-13
-1.62408e-13
-7.49349e-14
7.77959e-14
3.23912e-13
5.90275e-13
7.98012e-13
9.14892e-13
9.05684e-13
6.64075e-13
2.73854e-13
-5.48658e-14
-2.13013e-13
-2.68597e-13
)
;
    }
}


// ************************************************************************* //
