/*--------------------------------*- C++ -*----------------------------------*\
| =========                 |                                                 |
| \\      /  F ield         | OpenFOAM: The Open Source CFD Toolbox           |
|  \\    /   O peration     | Version:  4.1                                   |
|   \\  /    A nd           | Web:      www.OpenFOAM.org                      |
|    \\/     M anipulation  |                                                 |
\*---------------------------------------------------------------------------*/
FoamFile
{
    version     2.0;
    format      ascii;
    class       surfaceScalarField;
    location    "14";
    object      phi;
}
// * * * * * * * * * * * * * * * * * * * * * * * * * * * * * * * * * * * * * //

dimensions      [0 3 -1 0 0 0 0];

internalField   nonuniform List<scalar> 
2360
(
-3849.34
-1566.83
-2282.51
-1566.83
-1566.83
917.252
-2484.08
917.252
917.252
917.253
3368.55
-2451.3
3368.55
3368.55
6215.67
-2847.11
6215.67
6215.67
9934.9
-3719.23
9934.9
9934.9
15116.5
-5181.61
15116.5
15116.5
15670.5
16917.4
18562.4
20356.8
22124.1
23787
18064.5
7294.43
19495
20803.3
21988.2
23049.4
23985.3
24794.5
25475.8
26030.1
26463
26786.8
27026.1
27234.8
27322.1
15218.1
12104
15218.1
15218.1
15218.1
4241.37
10976.7
4241.37
4241.37
4241.37
-119.553
4360.92
-119.548
-119.548
-5327
5207.45
-5327
-5327
-5327
-16224.5
10897.5
-16224.5
-16224.5
-16224.6
-27976.3
11751.8
-27866.7
-27627.4
-27365.9
-27026.6
-26581.9
-26018.6
-25330.5
-24516.8
-23578.3
-22516
-21331
-20023.3
-18593.6
-23946.7
6925.12
-22286.3
-20524.9
-18744.7
-17127.4
-15919.9
-15401.5
-15401.5
-15401.5
-9007.84
-6393.66
-9007.84
-9007.84
-2322.25
-6685.58
-2322.25
-2322.25
3335.72
-5657.97
3335.72
3335.72
7776.27
-4440.54
7776.27
7776.27
7776.27
11402.3
-3626.01
11402.3
11402.3
14770.4
-3368.11
-557.987
-9289.61
-2718.72
-10904
-5170.76
-8561.89
-7031.38
-6805.6
-8674.78
-7201.51
-9829.96
-9507.62
-9987.23
-13157.7
-7985.74
-15490.5
-3593.38
-9691.1
-605.625
7455.1
212.602
19732.6
1030.94
23905.1
1947.06
25858.9
2784.37
25042
3374.5
20215.1
3719.07
12917.2
4009.37
4779.32
4143.54
-2863.51
-7549.05
-502.667
-7941.05
-3650.61
-7756.05
-6707.85
-5504.65
-8706.33
-4807.12
-10113.2
-5794.65
-10939.1
-8681.67
-11057.4
-13039.5
-9354.31
-17193.5
-4143.83
-14901.6
-93.7038
3404.98
159.408
19479.5
801.848
23262.7
1721.84
24938.9
2592.1
24171.8
3293.86
19513.3
3783.59
12427.5
4402.2
4160.71
4579.21
-3040.53
-6595.84
-1577.56
-5974.2
-4858.47
-4475.14
-7419.84
-2943.29
-8974.41
-3252.55
-9845.46
-4923.59
-10183.6
-8343.52
-10154.1
-13068.9
-9197.58
-18150.1
-5650.52
-18448.6
-606.78
-1638.76
283.452
18589.2
427.266
23118.9
1357.52
24008.6
2269.24
23260.1
3103.91
18678.6
3782.61
11748.8
4657.41
3285.91
5183.07
-3566.19
-5853.31
-2847.06
-3549.49
-5981.97
-1340.23
-7965.79
-959.466
-9039.43
-2178.91
-9401.44
-4561.58
-9289.69
-8455.27
-8995.54
-13363.1
-8344.7
-18800.9
-6209.59
-20583.7
-1353.86
-6494.5
194.994
17040.4
1.78427
23312.1
836.391
23174
1781.16
22315.3
2763.3
17696.5
3667.84
10844.2
4914.49
2039.25
6047.92
-4699.62
-5463.37
-4114.92
-1205.56
-6624.88
1169.74
-8019.87
435.519
-8667.66
-1531.12
-8666.33
-4562.92
-8329.8
-8791.8
-7936.51
-13756.4
-7473.8
-19263.6
-6276.14
-21781.4
-2549.21
-10221.4
-470.32
14961.5
-389.007
23230.8
131.235
22653.8
1127.69
21318.8
2243.14
16581
3353.68
9733.71
5218.45
174.479
6974.64
-6455.81
-5174.31
-4517.72
585.45
-6438.62
3090.64
-7659.25
1656.15
-8191.58
-998.791
-8138.82
-4615.67
-7845.65
-9084.97
-7500.6
-14101.4
-7154.65
-19609.6
-6557.52
-22378.5
-4157.87
-12621.1
-1601.66
12405.3
-891.116
22520.2
-731.019
22493.7
302.959
20284.9
1563.35
15320.6
2867.22
8429.84
5202.18
-2160.48
6420.71
-7674.34
-5147.26
-3937.9
1839.86
-5660.41
4813.15
-7115.89
3111.64
-7845.84
-268.848
-7906.27
-4555.24
-7707.14
-9284.1
-7415.85
-14392.7
-7193.97
-19831.5
-7105.76
-22466.8
-5819.72
-13907.1
-3145.84
9731.4
-1801.16
21175.6
-1672.57
22365.1
-716.134
19328.4
612.666
13991.8
3027.68
6014.83
4085.49
-3218.28
1213.79
-4802.64
2991.64
-2929.87
2630.06
-4511.72
6395.01
-6411.99
5011.9
-7596.14
915.298
-7814.49
-4336.88
-7629.73
-9468.86
-7338.67
-14683.8
-7267.74
-19902.4
-7722.36
-22012.1
-7469.25
-14160.2
-5095.46
7357.62
-3196.91
19277
-2777.41
21945.6
-1982.39
18533.4
-351.896
12361.3
1647.36
4015.57
-1940.57
369.655
-8440.36
1697.14
6303.08
-1920.13
2964.93
-3188.39
7663.27
-5487.02
7310.53
-7246.34
2674.62
-7649.24
-3933.99
-7420.74
-9697.35
-7128.85
-14975.7
-7267.26
-19764
-8295.29
-20984.1
-9007.24
-13448.3
-7173.83
5524.2
-5009.73
17112.9
-4092.53
21028.4
-3178.6
17619.5
-2898.6
12081.3
-6774.11
7891.09
-12166.5
5762.06
-13582.1
3112.7
3618.55
-1051.46
2972.43
-1914.44
8526.24
-4364.68
9760.77
-6671.75
4981.69
-7323.79
-3281.94
-7071.4
-9949.75
-6833.32
-15213.7
-7240.74
-19356.6
-8808.61
-19416.2
-10261.8
-11995.1
-8987.1
4249.48
-6903.86
15029.7
-5627.86
19752.4
-5583.35
17575
-7985.57
14483.6
-11815.3
11720.8
-12017.4
5964.18
-9218.39
313.686
-392.387
-298.93
2973.16
-897.368
9124.68
-3189.88
12053.3
-5871.95
7663.76
-6862.59
-2291.3
-6633.98
-10178.4
-6506.16
-15341.6
-7211.75
-18651
-9253.32
-17374.7
-11172.3
-10076
-10264.6
3341.75
-8492.83
13257.9
-7555.81
18815.4
-8844.24
18863.4
-11738.8
17378.1
-12840.6
12822.6
-10873.4
3997.02
-8479.99
-2079.77
-4511.45
375.613
3301.96
-265.481
9765.78
-2157.49
13945.3
-4916.11
10422.4
-6303.5
-903.912
-6137.33
-10344.5
-6151.43
-15327.5
-7133.82
-17668.6
-9597.07
-14911.4
-11971.5
-7701.57
-11435
2805.27
-10051
11873.8
-9758.74
18523.1
-11854.3
20959
-14853.5
20377.3
-16054.9
14024
-15308.1
3250.24
-14100.3
-3287.61
-7635.07
674.216
3947.72
-80.2879
10520.3
-1432.55
15297.5
-3918.32
12908.2
-5637.73
815.499
-5586.98
-10395.3
-5755.32
-15159.1
-6928.19
-16495.7
-9715.93
-12123.7
-12723.6
-4693.86
-12933.4
3015.04
-12024.1
10964.5
-11999.4
18498.4
-13721.4
22681
-15041.7
21697.6
-12758.6
11740.9
-8999.94
-508.392
-9406.29
-2881.26
-4937.35
497.233
4847.61
-340.956
11358.5
-1089.35
16045.9
-3019.02
14837.8
-4876.06
2672.54
-4997.66
-10273.7
-5314.9
-14841.9
-6519.1
-15291.5
-9361.09
-9281.68
-12897.1
-1157.8
-14059.6
4177.48
-13830.5
10735.5
-13740.2
18408
-14143.1
23083.9
-12701.3
20255.8
-6882.62
5922.24
-1604.92
-5786.09
-635.937
-3850.24
1721.14
-264.918
5804.99
-959.918
12053.5
-1103.67
16189.7
-2324.16
16058.3
-4098.04
4446.42
-4403.48
-9968.25
-4840.49
-14404.9
-5868.3
-14263.7
-8261.73
-6888.26
-11844.3
2424.78
-13751.9
6085.06
-14235.5
11219.2
-13981.3
18153.7
-12895.4
21998
-9328.52
16688.9
-3851.76
445.474
-674.321
-8963.52
2264.53
-6789.09
-1195.94
-1534.11
6404.72
-1732.86
12252.2
-1376.59
15833.4
-1897.53
16579.3
-3401.01
5949.89
-3851.65
-9517.6
-4352
-13904.5
-5030.56
-13585.1
-6397.18
-5521.63
-9544.12
5571.72
-11905.3
8446.21
-12842.7
12156.5
-12403.9
17714.9
-10317.8
19912
-5607.88
11979
-1190.84
-3971.57
877.558
-11031.9
2382.71
-8294.24
-2532.47
-2764.9
6583.34
-2480.16
11967.5
-1813.38
15166.6
-1765.26
16531.1
-2869.26
7053.9
-3394.76
-8992.11
-3876.53
-13422.8
-4193.98
-13267.7
-4349.02
-5366.59
-6651.99
7874.7
-9114.43
10908.6
-10273.8
13315.9
-9698.06
17139.2
-7261.97
17475.9
-2478.35
7195.36
855.978
-7305.9
1965.56
-12141.5
2393.27
-8721.95
-2986.31
-3749.32
6501.81
-3209.64
11427.8
-2421.26
14378.2
-1997.39
16107.3
-2608.84
7665.35
-3079.07
-8521.88
-3445.2
-13056.6
-3489.46
-13223.4
-2658.86
-6197.19
-3877
9092.84
-6021.4
13053
-7330.04
14624.5
-6800.56
16609.7
-4480.05
15155.4
-51.7168
2767.03
2473.36
-9830.98
2796.45
-12464.6
2529.26
-8454.75
-2908.35
-4352.81
6168.28
-3644.43
10719.4
-2907.14
13641
-2307.14
15507.3
-2494.56
7852.77
-2896.15
-8120.28
-3073.26
-12879.5
-2979.54
-13317.1
-1662.13
-7514.6
-1734.46
9165.16
-3132.98
14451.6
-4546.74
16038.3
-4276.5
16339.5
-2085.53
12964.4
1818.56
-1137.06
3484.11
-11496.5
3344.22
-12324.7
2788.88
-7899.42
-2603.55
-6113.57
-5153.53
-4390.47
-3554.06
-2987.41
-2831.84
-2750.32
-2626.11
-1628.75
-609.287
-512.42
-1082.81
-906.902
628.144
3168.81
4120.65
3640.7
2941.44
408.686
-962.646
925.342
-1763.55
1249.36
-1969.09
1376.3
-1921.3
1403.49
-1794.46
1395.45
-1654.9
1335.38
-1511.89
1274.34
-1369.42
1191.79
-1225.75
1088.88
-1082.04
965.881
-938.188
822.64
-792.618
657.197
-643.757
467.117
-491.235
259.234
-346.444
61.4574
-235.148
-79.0176
-183.323
-113.345
-204.937
-40.7115
-281.361
-127.952
394.424
-1357.07
650.174
-2019.31
547.761
-1866.68
271.011
-1644.55
-18.0239
-1505.43
-273.609
-1399.31
-499.573
-1285.93
-713.204
-1155.79
-922.663
-1016.29
-1131.98
-872.724
-1339.7
-730.469
-1538.74
-593.577
-1716.78
-465.717
-1853.42
-354.596
-1912.68
-287.186
-1838.71
-309.118
-1575.53
-446.498
-1116.78
-663.692
-563.132
-835.007
-691.084
-34.9575
-1322.11
-97.3672
-1956.9
-241.491
-1722.56
-390.269
-1495.77
-539.473
-1356.22
-694.853
-1243.93
-848.388
-1132.39
-993.559
-1010.62
-1127.92
-881.93
-1250.97
-749.67
-1360.3
-621.139
-1446.8
-507.083
-1491.51
-421.009
-1462.08
-384.021
-1326.19
-423.077
-1079.86
-555.447
-757.413
-768.946
-426.336
-994.77
-171.624
-1089.72
-862.708
-153.111
-1169
-149.117
-1960.89
-62.7649
-1808.91
4.89591
-1563.43
32.312
-1383.64
40.8503
-1252.47
57.0076
-1148.55
93.1242
-1046.74
155.306
-944.113
244.282
-838.647
355.125
-731.983
477.654
-629.613
598.326
-541.681
703.1
-488.796
772.319
-492.296
775.43
-558.558
679.048
-672.565
477.998
-793.719
218.929
-830.651
-643.779
-88.6206
-1080.38
-32.4736
-2017.04
74.8237
-1916.21
153.284
-1641.89
225.029
-1455.39
297.278
-1324.72
374.61
-1225.89
460.829
-1132.96
560.308
-1043.59
676.959
-955.3
812.121
-867.145
960.426
-777.92
1106.56
-687.815
1220.02
-602.252
1259.82
-532.104
1192.7
-491.435
1006.57
-486.434
712.782
-499.932
367.532
-485.4
-276.247
48.0303
-1128.41
95.0004
-2064.01
149.228
-1970.44
199.728
-1692.39
263.326
-1518.98
331.747
-1393.14
399.802
-1293.94
462.943
-1196.1
520.694
-1101.34
573.463
-1008.07
623.137
-916.819
672.696
-827.479
724.212
-739.33
773.333
-651.374
805.721
-564.491
794.553
-480.267
712.009
-403.89
538.682
-326.604
286.018
-232.735
9.77071
177.86
-1306.27
242.939
-2129.09
265.238
-1992.74
298.516
-1725.67
355.075
-1575.54
416.7
-1454.77
480.216
-1357.46
540.521
-1256.4
596.363
-1157.18
643.641
-1055.35
678.701
-951.879
698.223
-847.002
700.761
-741.868
686.28
-636.893
654.419
-532.63
600.441
-426.289
514.787
-318.235
380.379
-192.196
191.471
-43.826
201.242
300.047
-1606.32
357.84
-2186.88
352.4
-1987.3
386.133
-1759.4
455.974
-1645.39
531.043
-1529.84
612.572
-1438.98
693.692
-1337.52
773.31
-1236.8
842.747
-1124.78
895.504
-1004.64
924.817
-876.314
926.381
-743.432
896.813
-607.324
833.845
-469.663
735.146
-327.589
601.731
-184.821
424.587
-15.0521
212.244
168.517
413.485
314.825
-1921.15
289.557
-2161.62
263.553
-1961.29
297.754
-1793.61
365.758
-1713.39
440.601
-1604.68
530.112
-1528.5
624.035
-1431.45
719.347
-1332.12
799.9
-1205.34
856.629
-1061.37
881.295
-900.98
872.528
-734.665
826.883
-561.679
737.853
-380.634
593.444
-183.18
394.091
14.5319
248.818
130.221
106.225
311.109
519.711
136.983
-2058.13
7.8586
-2032.49
-51.6845
-1901.75
-75.8297
-1769.46
-87.4335
-1701.79
-91.8928
-1600.22
-85.4936
-1534.9
-73.8984
-1443.04
-63.8471
-1342.17
-68.717
-1200.47
-95.1531
-1034.93
-141.821
-854.312
-200.75
-675.737
-267.2
-495.229
-331.131
-316.703
-371.292
-143.02
-363.157
6.39563
-366.751
133.816
-293.709
238.066
226.002
-83.5829
-1974.55
-207.527
-1908.55
-304.929
-1804.35
-409.328
-1665.06
-514.572
-1596.54
-624.108
-1490.69
-736.899
-1422.11
-851.12
-1328.82
-966.399
-1226.89
-1082.6
-1084.26
-1202.65
-914.885
-1325.18
-731.776
-1444.82
-556.097
-1548.4
-391.658
-1615.44
-249.662
-1603.43
-155.029
-1469.9
-127.129
-1159.36
-176.732
-613.406
-307.884
-387.404
-128.802
-1845.74
-188.948
-1848.4
-275.456
-1717.84
-391.532
-1548.98
-508.501
-1479.57
-647.805
-1351.38
-799.891
-1270.02
-964.663
-1164.05
-1125.78
-1065.77
-1265.88
-944.161
-1373.04
-807.72
-1443.7
-661.114
-1476.12
-523.677
-1460
-407.782
-1382.38
-327.277
-1226.56
-310.848
-965.358
-388.335
-593.742
-548.349
-215.793
-685.832
-603.198
-0.671175
-1845.07
28.0357
-1877.11
48.3622
-1738.17
50.2373
-1550.86
51.6748
-1481.01
42.7625
-1342.47
24.1882
-1251.44
-1.96482
-1137.89
-27.988
-1039.75
-34.9846
-937.164
-6.82257
-835.882
65.335
-733.271
176.277
-634.618
314.847
-546.351
464.52
-476.949
591.163
-437.49
634.489
-431.662
536.147
-450.006
293.602
-443.286
-309.596
65.76
-1910.83
101.371
-1912.72
151.453
-1788.25
201.647
-1601.05
252.49
-1531.85
307.247
-1397.22
362.006
-1306.2
421.001
-1196.89
480.82
-1099.57
545.755
-1002.1
618.654
-908.781
703.234
-817.85
796.032
-727.416
884.934
-635.252
947.917
-539.932
951.975
-441.548
865.634
-345.32
663.658
-248.03
363.014
-142.642
53.4186
99.5921
-2010.42
110.145
-1923.27
160.552
-1838.65
215.348
-1655.85
275.782
-1592.28
337.454
-1458.9
404.169
-1372.92
474.631
-1267.35
550.438
-1175.38
629.118
-1080.78
707.963
-987.625
780.925
-890.812
840.215
-786.705
874.405
-669.442
871.144
-536.671
819.697
-390.101
716.958
-242.581
542.903
-73.9754
292.351
107.911
345.77
69.7358
-2080.16
55.0528
-1908.59
86.655
-1870.26
126.306
-1695.5
171.691
-1637.67
224.715
-1511.92
284.486
-1432.69
352.211
-1335.07
429.313
-1252.48
515.323
-1166.79
608.889
-1081.19
701.878
-983.799
777.37
-862.198
805.957
-698.028
754.962
-485.677
613.336
-248.475
408.303
-37.5488
262.924
71.4025
130.105
240.728
475.875
-34.1875
-2045.97
-96.8377
-1845.93
-133.087
-1834.01
-153.288
-1675.3
-171.818
-1619.14
-173.06
-1510.68
-169.401
-1436.35
-153.114
-1351.36
-128.069
-1277.52
-92.5167
-1202.34
-49.1337
-1124.57
-4.11987
-1028.81
27.205
-893.522
22.2692
-693.092
-31.0354
-432.371
-100.7
-178.808
-86.574
-51.671
-63.7473
48.5783
-94.0931
271.075
381.782
-187.679
-1858.29
-388.434
-1645.18
-554.16
-1668.28
-683.137
-1546.32
-802.412
-1499.86
-892.588
-1420.5
-970.712
-1358.22
-1030.35
-1291.72
-1077.8
-1230.07
-1111.8
-1168.33
-1132.69
-1103.69
-1134.91
-1026.59
-1105.94
-922.491
-1023.77
-775.264
-869.293
-586.848
-655.766
-392.335
-488.269
-219.168
-393.626
-46.0645
-234.195
111.644
147.587
-215.912
-1642.38
-479.291
-1381.8
-755.756
-1391.82
-995.057
-1307.02
-1226.88
-1268.04
-1429.86
-1217.52
-1612.96
-1175.13
-1772.31
-1132.37
-1910.51
-1091.87
-2026.63
-1052.21
-2117.47
-1012.85
-2172.39
-971.666
-2168.94
-925.946
-2072.23
-871.975
-1853.87
-805.203
-1522.85
-723.354
-1117.78
-624.244
-673.488
-490.355
-254.216
-307.628
-106.629
-667.379
-1074.18
-1490.99
-1823.01
-2116.05
-2358.57
-2558.7
-2716.06
-2832.94
-2910.15
-2948
-2944.67
-2895.61
-2792.59
-2622.79
-2371.14
-2020.39
-1535.74
-868.371
-667.371
1642.37
-1074.16
1381.79
-1490.96
1391.8
-1822.97
1307
-2115.99
1268.02
-2358.49
1217.5
-2558.6
1175.11
-2715.95
1132.35
-2832.79
1091.85
-2909.99
1052.19
-2947.81
1012.83
-2944.46
971.644
-2895.39
925.931
-2792.37
871.976
-2622.6
805.227
-2371
723.405
-2020.31
624.313
-1535.74
490.423
-868.419
307.681
106.581
-215.894
1858.26
-479.256
1645.15
-755.702
1668.25
-994.986
1546.28
-1226.79
1499.83
-1429.76
1420.46
-1612.84
1358.19
-1772.18
1291.69
-1910.37
1230.04
-2026.47
1168.29
-2117.28
1103.63
-2172.15
1026.52
-2168.6
922.379
-2071.77
775.148
-1853.38
586.839
-1522.48
392.501
-1117.52
219.353
-673.248
46.1507
-254.033
-111.534
-147.452
-187.698
2045.96
-388.489
1845.94
-554.245
1834
-683.267
1675.31
-802.587
1619.15
-892.82
1510.7
-971.008
1436.37
-1030.72
1351.4
-1078.26
1277.57
-1112.36
1202.39
-1133.35
1124.62
-1135.65
1028.82
-1106.71
893.433
-1024.44
692.881
-869.77
432.167
-656.098
178.829
-488.256
51.5096
-393.216
-48.8896
-233.854
-270.898
-381.305
-34.2602
2080.22
-96.9666
1908.64
-133.282
1870.32
-153.557
1695.58
-172.161
1637.75
-173.484
1512.02
-169.906
1432.79
-153.704
1335.19
-128.747
1252.61
-93.2873
1166.93
-50.0041
1081.34
-5.09115
983.906
26.1445
862.196
21.1913
697.833
-31.8724
485.228
-100.914
247.865
-87.4325
38.0203
-65.0981
-71.2294
-94.8284
-241.17
-476.134
69.6962
2010.52
54.9617
1923.38
86.5201
1838.76
126.134
1655.96
171.482
1592.4
224.477
1459.02
284.22
1373.05
351.923
1267.49
429.007
1175.53
514.999
1080.94
608.545
987.792
701.488
890.962
776.873
786.811
805.242
669.462
753.888
536.582
611.836
389.916
407.521
242.335
262.71
73.5812
129.897
-108.358
-346.236
99.6662
1910.85
110.166
1912.88
160.571
1788.35
215.371
1601.16
275.821
1531.95
337.501
1397.34
404.231
1306.32
474.705
1197.02
550.533
1099.7
629.244
1002.23
708.131
908.904
781.136
817.957
840.447
727.5
874.592
635.318
871.191
539.982
819.56
441.547
716.697
345.197
542.572
247.705
292.076
142.137
-54.1601
65.8755
1844.98
101.475
1877.27
151.581
1738.24
201.831
1550.91
252.737
1481.05
307.571
1342.51
362.425
1251.46
421.536
1137.9
481.487
1039.75
546.531
937.184
619.471
835.964
703.964
733.464
796.518
634.946
885.025
546.811
947.625
477.381
951.528
437.644
865.186
431.539
663.353
449.537
362.908
442.581
308.748
-0.399787
1845.38
28.4873
1848.39
49.0429
1717.69
51.1871
1548.77
52.888
1479.35
44.2797
1351.12
26.0226
1269.72
0.213577
1163.71
-25.462
1065.43
-32.1251
943.849
-3.68268
807.522
68.6607
661.123
179.7
523.907
318.385
408.128
468.16
327.606
594.661
311.144
637.291
388.909
537.841
548.985
294.299
686.123
603.047
-128.684
1974.06
-188.666
1908.37
-275.03
1804.05
-390.986
1664.73
-507.832
1596.19
-647.031
1490.31
-799.009
1421.7
-963.675
1328.38
-1124.65
1226.4
-1264.53
1083.73
-1371.37
914.357
-1441.58
731.337
-1473.47
555.8
-1456.84
391.491
-1378.87
249.639
-1222.99
155.269
-961.854
127.769
-590.872
178.004
-214.322
309.574
388.724
-84.0107
2058.07
-207.878
2032.24
-305.382
1901.56
-409.982
1769.33
-515.451
1701.66
-625.267
1600.13
-738.397
1534.83
-853.014
1443
-968.706
1342.09
-1085.29
1200.32
-1205.67
1034.74
-1328.43
854.096
-1448.17
675.538
-1551.75
495.079
-1618.73
316.614
-1605.85
142.389
-1469.99
-8.0824
-1158.91
-133.081
-612.588
-236.746
-223.864
136.357
1921.72
7.06096
2161.53
-52.675
1961.29
-77.1038
1793.75
-89.0408
1713.6
-93.8433
1604.93
-87.8026
1528.79
-76.5559
1431.75
-66.8587
1332.39
-72.0527
1205.52
-98.7332
1061.42
-145.567
900.93
-204.627
734.598
-271.06
561.513
-334.837
380.392
-374.814
182.367
-367.245
-15.6495
-370.492
-129.832
-295.828
-311.409
-519.692
314.781
1606.94
289.31
2187.01
263.213
1987.39
297.361
1759.61
365.316
1645.64
440.138
1530.11
529.648
1439.28
623.58
1337.82
718.889
1237.08
799.395
1125.01
856.023
1004.79
880.573
876.381
871.754
743.418
826.044
607.224
736.95
469.487
592.02
327.298
391.933
184.439
247.738
14.3643
105.548
-169.218
-414.143
300.49
1306.45
358.31
2129.19
352.821
1992.88
386.582
1725.85
456.501
1575.73
531.669
1454.95
613.323
1357.63
694.577
1256.57
774.331
1157.33
843.879
1055.46
896.715
951.954
926.072
847.025
927.656
741.835
898.079
636.801
835.083
532.484
736.283
426.098
602.689
318.034
425.16
191.895
212.503
43.44
-201.64
178.341
1128.11
243.506
2064.02
265.723
1970.67
298.993
1692.58
355.604
1519.12
417.295
1393.26
480.883
1294.04
541.26
1196.19
597.164
1101.43
644.494
1008.14
679.587
916.863
699.11
827.504
701.622
739.324
687.083
651.343
655.138
564.43
601.089
480.148
515.397
403.726
380.857
326.435
191.73
232.567
-9.90946
48.3394
1079.77
95.415
2016.95
149.518
1916.56
199.854
1642.25
263.357
1455.61
331.722
1324.9
399.724
1226.04
462.8
1133.12
520.477
1043.75
573.148
955.467
622.67
867.342
672.042
778.134
723.269
688.097
772.084
602.529
804.341
532.174
793.286
491.203
711.042
485.971
538.043
499.433
285.585
485.024
275.676
-88.12
1167.89
-31.7405
1960.57
76.0535
1808.77
154.736
1563.56
226.48
1383.87
298.753
1252.62
376.074
1148.72
462.143
1047.05
561.233
944.66
677.251
839.448
811.432
733.157
958.865
630.7
1104.57
542.385
1217.69
489.411
1257.49
492.367
1191.08
557.617
1005.85
671.199
712.859
792.419
367.951
829.928
643.627
-150.191
1318.08
-147.28
1957.66
-62.4127
1723.9
6.19673
1494.96
35.3796
1354.69
45.5015
1242.5
63.0489
1131.17
100.417
1009.68
163.623
881.457
253.402
749.671
365.001
621.561
488.3
507.401
609.735
420.954
714.836
384.311
783.324
423.883
784.399
556.542
685.207
770.396
481.63
995.999
220.978
1090.58
864.604
-25.104
1343.19
-80.4829
2013.04
-223.405
1866.83
-372.798
1644.35
-521.57
1503.46
-675.028
1395.96
-825.652
1281.79
-967.389
1151.42
-1098.02
1012.09
-1217.15
868.797
-1322.49
726.906
-1405.6
590.514
-1448.1
463.446
-1417.17
353.388
-1280.57
287.278
-1035.69
311.665
-719.368
454.071
-400.681
677.312
-161.204
851.108
703.4
408.318
934.866
682.101
1739.25
591.516
1957.41
316.906
1918.96
25.2748
1795.09
-233.093
1654.33
-460.668
1509.37
-675.512
1366.26
-886.182
1222.75
-1096.91
1079.52
-1306.35
936.351
-1507.53
791.685
-1688
643.924
-1827.04
492.428
-1888.21
348.444
-1815.41
238.866
-1553.1
191.761
-1096.85
221.067
-551.528
305.786
151.872
416.416
948.184
1288.34
1427.08
1460.79
1454.67
1392.1
1328.57
1243.64
1138.17
1012.22
865.425
695.622
500.002
285.06
79.2677
-68.2682
-108.756
-42.1707
)
;

boundaryField
{
    outletWall
    {
        type            calculated;
        value           nonuniform List<scalar> 
60
(
14770.4
8324.47
2729.35
-5069.62
-13261.8
-20805.2
-25879.3
-26775
-24723.5
-20550.8
-10442.9
5298.74
13489
13315
10662.8
8844.92
8666.23
11013.9
13064.7
9974.81
6728.19
4686.34
3830.85
2586.28
934.381
-692.457
-1397.12
-1319.98
-704.41
298.204
1043.96
1585.25
2139.67
2683.49
2726.71
1770.98
422.351
-389.298
-845.887
-127.216
3849.34
-1944.62
-7200.15
-11844.8
-12448.4
-3677.73
11429.3
16163.6
16608.7
14354.7
8145.7
-8511.95
-13441.3
-12961
-8275.86
7286.11
14670.9
12877.9
9759.37
5553.66
)
;
    }
    fineWalls
    {
        type            calculated;
        value           uniform 0;
    }
    fineFrontAndBack
    {
        type            calculated;
        value           nonuniform List<scalar> 
960
(
-1.72593e-12
-8.69078e-12
-1.57097e-12
-1.87082e-12
-1.064e-11
-1.58785e-12
-1.64926e-12
-9.41525e-13
-1.08075e-11
-2.12801e-12
-1.83162e-12
-1.07125e-11
-1.82598e-12
-1.96162e-12
-1.63526e-11
-4.17297e-12
-5.11168e-12
-3.00249e-11
-5.27273e-12
-4.87428e-12
-7.00653e-13
-4.34586e-13
-7.91605e-14
1.74397e-13
2.63551e-13
2.9487e-13
4.55164e-12
3.36126e-13
3.62999e-13
3.7097e-13
3.57393e-13
3.28257e-13
2.83813e-13
1.91047e-13
6.10266e-14
-9.91222e-14
-2.74672e-13
-5.11711e-13
-7.51187e-13
-1.1277e-12
-3.18178e-11
-4.10134e-12
-3.14491e-12
-1.84828e-12
7.46436e-12
3.44423e-12
4.61011e-12
4.59757e-12
2.78907e-11
1.70305e-11
6.93716e-11
2.54735e-11
-3.66193e-12
-2.1188e-12
-1.78254e-12
-1.41287e-12
1.31193e-12
2.52843e-12
3.46642e-12
2.77586e-11
9.6705e-13
6.62068e-13
4.64033e-13
2.69266e-13
1.18878e-13
-2.94414e-14
-1.50291e-13
-2.18315e-13
-2.38044e-13
-2.30642e-13
-2.14316e-13
-1.91593e-13
-1.50771e-13
3.02001e-12
5.17217e-14
1.70179e-13
3.04124e-13
5.6987e-13
8.77001e-13
1.03681e-12
5.69164e-12
6.14069e-12
3.69487e-11
7.17154e-12
7.74749e-12
4.29346e-11
7.7893e-12
8.65373e-12
4.62066e-11
8.51006e-12
7.71227e-12
4.6609e-11
9.36233e-12
9.31913e-12
8.85443e-12
4.5535e-11
7.22988e-12
6.43933e-12
2.96828e-11
6.74805e-12
-1.17071e-11
2.77843e-12
4.29211e-11
2.47691e-11
8.81558e-12
3.5047e-12
1.23136e-12
1.4588e-12
3.1488e-12
5.94986e-12
5.64807e-12
4.82345e-12
4.61782e-12
1.80294e-11
3.60882e-11
4.55907e-11
4.43536e-11
4.51131e-11
3.66664e-11
-7.56591e-12
-2.6951e-13
2.3684e-11
3.59961e-12
-5.68662e-12
-6.35808e-12
-7.58636e-12
-7.74852e-12
-4.43802e-12
5.05679e-12
5.65181e-12
4.83422e-12
4.50861e-12
1.72954e-11
3.49286e-11
4.4931e-11
4.4997e-11
4.63992e-11
3.74087e-11
-1.22473e-11
5.84749e-12
1.39117e-11
-4.76736e-12
-1.06783e-11
-1.38031e-11
-1.82039e-11
-1.98579e-11
-1.49382e-11
-8.87883e-13
5.78473e-12
4.90943e-12
4.409e-12
1.65239e-11
3.35907e-11
4.40154e-11
4.53664e-11
4.76669e-11
3.85788e-11
-2.50334e-11
5.55741e-12
1.36742e-12
-1.58623e-11
-2.1553e-11
-2.75502e-11
-3.3556e-11
-3.45468e-11
-2.62972e-11
-7.37608e-12
6.20602e-12
4.94228e-12
4.36807e-12
1.59608e-11
3.24341e-11
4.30432e-11
4.53342e-11
4.80451e-11
4.05039e-11
-3.52729e-11
5.06155e-12
-1.02638e-11
-2.79966e-11
-3.54965e-11
-4.3234e-11
-4.85441e-11
-4.69177e-11
-3.42767e-11
-1.02446e-11
6.64386e-12
4.86283e-12
4.34234e-12
1.57704e-11
3.16983e-11
4.21903e-11
4.49893e-11
4.75665e-11
4.02362e-11
-3.84086e-11
5.80254e-12
-1.82955e-11
-4.19291e-11
-5.08546e-11
-5.65694e-11
-5.85884e-11
-5.35756e-11
-3.66879e-11
-8.78894e-12
7.42399e-12
4.79939e-12
4.35108e-12
1.59999e-11
3.16499e-11
4.19451e-11
4.57419e-11
4.60448e-11
3.2604e-11
-4.08061e-11
9.2169e-12
-1.60686e-11
-5.21148e-11
-6.21453e-11
-6.26781e-11
-6.13146e-11
-5.46937e-11
-3.51614e-11
-4.34455e-12
9.60529e-12
5.04455e-12
4.84883e-12
1.71418e-11
3.24815e-11
4.07284e-11
5.36873e-11
4.28236e-11
2.29684e-11
-5.53005e-11
5.34319e-12
-3.9591e-12
-5.09492e-11
-6.54545e-11
-6.14778e-11
-5.80832e-11
-5.24049e-11
-3.27937e-11
8.26577e-13
1.31927e-11
6.00353e-12
5.84865e-12
1.81697e-11
3.33214e-11
4.4228e-11
4.74483e-11
3.27503e-11
4.87168e-11
-6.98662e-11
-1.37418e-11
1.02303e-11
-3.86804e-11
-6.3585e-11
-5.84058e-11
-5.18823e-11
-4.85004e-11
-3.11854e-11
5.43201e-12
1.69015e-11
4.56376e-12
8.67395e-12
2.42735e-11
4.36697e-11
2.70641e-11
-5.22546e-12
-7.40434e-12
2.22776e-12
-6.31292e-11
-4.39152e-11
1.67348e-11
-1.9523e-11
-6.11692e-11
-5.68635e-11
-4.73996e-11
-4.47131e-11
-3.0187e-11
9.12064e-12
3.72959e-11
2.4418e-11
1.35993e-11
2.17752e-11
-8.02306e-14
-2.24277e-11
-3.31433e-11
-1.50023e-11
-1.02904e-11
-3.38843e-11
-7.03097e-11
1.00468e-11
2.52382e-12
-5.22673e-11
-4.88028e-11
-4.5144e-11
-4.25761e-11
-2.86274e-11
6.67803e-12
3.10204e-11
2.93281e-11
1.43852e-11
4.23934e-12
-2.47904e-11
3.16625e-12
7.42653e-11
1.09897e-10
7.99395e-11
-1.751e-11
-8.21271e-11
-8.004e-12
2.31456e-11
-2.88842e-11
-2.89801e-11
-3.28057e-11
-4.24909e-11
-2.70115e-11
6.09156e-12
1.71979e-11
1.50341e-11
3.79648e-12
-1.37365e-11
-1.85293e-11
2.1342e-11
2.86874e-11
-5.54343e-12
2.41829e-12
-2.85094e-11
-8.46183e-11
-2.92334e-11
3.52606e-11
-8.63196e-12
-1.95884e-11
-3.055e-11
-4.25516e-11
-2.60212e-11
6.47637e-12
8.01911e-12
-1.39392e-13
-8.92752e-12
-1.83135e-11
-7.41525e-12
1.15832e-11
-1.7492e-11
-3.61572e-11
-4.31157e-11
-4.55965e-11
-8.56205e-11
-4.48388e-11
3.67846e-11
1.17767e-11
-9.48257e-12
-2.86817e-11
-4.34721e-11
-2.57206e-11
8.6317e-12
8.78996e-12
-2.1025e-12
-8.90166e-12
-9.97833e-12
-4.3732e-13
-3.13186e-12
-2.73292e-11
-2.09226e-11
1.8771e-12
-5.78101e-11
-8.40587e-11
-5.0809e-11
2.99255e-11
2.80405e-11
-2.51963e-12
-2.87937e-11
-4.37689e-11
-2.7205e-11
9.73848e-12
1.33582e-11
5.07035e-12
8.75205e-13
1.24317e-12
1.90334e-12
-1.11641e-11
-2.03191e-11
-2.59625e-11
-9.4694e-12
-5.61251e-11
-7.62978e-11
-4.86124e-11
1.96626e-11
3.77298e-11
1.50864e-12
-2.95539e-11
-4.27997e-11
-3.14325e-11
5.26912e-12
1.50829e-11
1.13357e-11
9.06184e-12
7.81026e-12
1.10891e-12
-1.4714e-11
-2.06907e-11
-2.62884e-11
-2.40782e-11
-3.87287e-11
-6.09244e-11
-4.04599e-11
1.17312e-11
4.09769e-11
3.08557e-12
-2.95668e-11
-4.07898e-11
-3.69863e-11
-6.43151e-12
1.14357e-11
1.34418e-11
1.19457e-11
9.47406e-12
1.39352e-12
-1.00938e-11
-2.50256e-11
-2.76272e-11
-2.49978e-11
-1.34205e-11
-3.80391e-11
-2.61248e-11
1.07633e-11
4.00946e-11
3.11399e-12
-2.76817e-11
-3.88428e-11
-4.05369e-11
-2.19057e-11
1.07239e-12
1.12533e-11
1.17642e-11
9.24124e-12
1.53778e-12
-1.53188e-11
-2.96085e-11
-2.82653e-11
-2.16489e-11
1.3466e-11
-1.09739e-11
-7.59926e-12
1.69382e-11
3.99701e-11
3.30502e-12
-2.43713e-11
-3.76582e-11
-4.13148e-11
-3.4545e-11
-1.40939e-11
4.85161e-12
1.13705e-11
1.07125e-11
4.53207e-12
-2.34187e-11
-3.36009e-11
-2.7435e-11
-1.94837e-11
4.23528e-11
3.21732e-11
3.16887e-11
4.1797e-11
4.26738e-11
5.07122e-12
-2.16862e-11
-3.6968e-11
-4.11108e-11
-4.15995e-11
-3.33889e-11
-1.72319e-11
-5.47538e-12
-1.60204e-12
-3.71942e-12
-2.89642e-11
-3.4077e-11
-2.56909e-11
-1.78916e-11
1.72593e-12
8.69078e-12
1.57097e-12
1.87082e-12
1.064e-11
1.58785e-12
1.64926e-12
9.41525e-13
1.08075e-11
2.12801e-12
1.83162e-12
1.07125e-11
1.82598e-12
1.96162e-12
1.63526e-11
4.17297e-12
5.11168e-12
3.00249e-11
5.27273e-12
4.87428e-12
7.00653e-13
4.34586e-13
7.91605e-14
-1.74397e-13
-2.63551e-13
-2.9487e-13
-4.55164e-12
-3.36126e-13
-3.62999e-13
-3.7097e-13
-3.57393e-13
-3.28257e-13
-2.83813e-13
-1.91047e-13
-6.10266e-14
9.91222e-14
2.74672e-13
5.11711e-13
7.51187e-13
1.1277e-12
3.18178e-11
4.10134e-12
3.14491e-12
1.84828e-12
-7.46436e-12
-3.44423e-12
-4.61011e-12
-4.59757e-12
-2.78907e-11
-1.70305e-11
-6.93716e-11
-2.54735e-11
3.66193e-12
2.1188e-12
1.78254e-12
1.41287e-12
-1.31193e-12
-2.52843e-12
-3.46642e-12
-2.77586e-11
-9.6705e-13
-6.62068e-13
-4.64033e-13
-2.69266e-13
-1.18878e-13
2.94414e-14
1.50291e-13
2.18315e-13
2.38044e-13
2.30642e-13
2.14316e-13
1.91593e-13
1.50771e-13
-3.02001e-12
-5.17217e-14
-1.70179e-13
-3.04124e-13
-5.6987e-13
-8.77001e-13
-1.03681e-12
-5.69164e-12
-6.14069e-12
-3.69487e-11
-7.17154e-12
-7.74749e-12
-4.29346e-11
-7.7893e-12
-8.65373e-12
-4.62066e-11
-8.51006e-12
-7.71227e-12
-4.6609e-11
-9.36233e-12
-9.31913e-12
-8.85443e-12
-4.5535e-11
-7.22988e-12
-6.43933e-12
-2.96828e-11
-6.74805e-12
1.17071e-11
-2.77843e-12
-4.29211e-11
-2.47691e-11
-8.81558e-12
-3.5047e-12
-1.23136e-12
-1.4588e-12
-3.1488e-12
-5.94986e-12
-5.64807e-12
-4.82345e-12
-4.61782e-12
-1.80294e-11
-3.60882e-11
-4.55907e-11
-4.43536e-11
-4.51131e-11
-3.66664e-11
7.56591e-12
2.6951e-13
-2.3684e-11
-3.59961e-12
5.68662e-12
6.35808e-12
7.58636e-12
7.74852e-12
4.43802e-12
-5.05679e-12
-5.65181e-12
-4.83422e-12
-4.50861e-12
-1.72954e-11
-3.49286e-11
-4.4931e-11
-4.4997e-11
-4.63992e-11
-3.74087e-11
1.22473e-11
-5.84749e-12
-1.39117e-11
4.76736e-12
1.06783e-11
1.38031e-11
1.82039e-11
1.98579e-11
1.49382e-11
8.87883e-13
-5.78473e-12
-4.90943e-12
-4.409e-12
-1.65239e-11
-3.35907e-11
-4.40154e-11
-4.53664e-11
-4.76669e-11
-3.85788e-11
2.50334e-11
-5.55741e-12
-1.36742e-12
1.58623e-11
2.1553e-11
2.75502e-11
3.3556e-11
3.45468e-11
2.62972e-11
7.37608e-12
-6.20602e-12
-4.94228e-12
-4.36807e-12
-1.59608e-11
-3.24341e-11
-4.30432e-11
-4.53342e-11
-4.80451e-11
-4.05039e-11
3.52729e-11
-5.06155e-12
1.02638e-11
2.79966e-11
3.54965e-11
4.3234e-11
4.85441e-11
4.69177e-11
3.42767e-11
1.02446e-11
-6.64386e-12
-4.86283e-12
-4.34234e-12
-1.57704e-11
-3.16983e-11
-4.21903e-11
-4.49893e-11
-4.75665e-11
-4.02362e-11
3.84086e-11
-5.80254e-12
1.82955e-11
4.19291e-11
5.08546e-11
5.65694e-11
5.85884e-11
5.35756e-11
3.66879e-11
8.78894e-12
-7.42399e-12
-4.79939e-12
-4.35108e-12
-1.59999e-11
-3.16499e-11
-4.19451e-11
-4.57419e-11
-4.60448e-11
-3.2604e-11
4.08061e-11
-9.2169e-12
1.60686e-11
5.21148e-11
6.21453e-11
6.26781e-11
6.13146e-11
5.46937e-11
3.51614e-11
4.34455e-12
-9.60529e-12
-5.04455e-12
-4.84883e-12
-1.71418e-11
-3.24815e-11
-4.07284e-11
-5.36873e-11
-4.28236e-11
-2.29684e-11
5.53005e-11
-5.34319e-12
3.9591e-12
5.09492e-11
6.54545e-11
6.14778e-11
5.80832e-11
5.24049e-11
3.27937e-11
-8.26577e-13
-1.31927e-11
-6.00353e-12
-5.84865e-12
-1.81697e-11
-3.33214e-11
-4.4228e-11
-4.74483e-11
-3.27503e-11
-4.87168e-11
6.98662e-11
1.37418e-11
-1.02303e-11
3.86804e-11
6.3585e-11
5.84058e-11
5.18823e-11
4.85004e-11
3.11854e-11
-5.43201e-12
-1.69015e-11
-4.56376e-12
-8.67395e-12
-2.42735e-11
-4.36697e-11
-2.70641e-11
5.22546e-12
7.40434e-12
-2.22776e-12
6.31292e-11
4.39152e-11
-1.67348e-11
1.9523e-11
6.11692e-11
5.68635e-11
4.73996e-11
4.47131e-11
3.0187e-11
-9.12064e-12
-3.72959e-11
-2.4418e-11
-1.35993e-11
-2.17752e-11
8.02306e-14
2.24277e-11
3.31433e-11
1.50023e-11
1.02904e-11
3.38843e-11
7.03097e-11
-1.00468e-11
-2.52382e-12
5.22673e-11
4.88028e-11
4.5144e-11
4.25761e-11
2.86274e-11
-6.67803e-12
-3.10204e-11
-2.93281e-11
-1.43852e-11
-4.23934e-12
2.47904e-11
-3.16625e-12
-7.42653e-11
-1.09897e-10
-7.99395e-11
1.751e-11
8.21271e-11
8.004e-12
-2.31456e-11
2.88842e-11
2.89801e-11
3.28057e-11
4.24909e-11
2.70115e-11
-6.09156e-12
-1.71979e-11
-1.50341e-11
-3.79648e-12
1.37365e-11
1.85293e-11
-2.1342e-11
-2.86874e-11
5.54343e-12
-2.41829e-12
2.85094e-11
8.46183e-11
2.92334e-11
-3.52606e-11
8.63196e-12
1.95884e-11
3.055e-11
4.25516e-11
2.60212e-11
-6.47637e-12
-8.01911e-12
1.39392e-13
8.92752e-12
1.83135e-11
7.41525e-12
-1.15832e-11
1.7492e-11
3.61572e-11
4.31157e-11
4.55965e-11
8.56205e-11
4.48388e-11
-3.67846e-11
-1.17767e-11
9.48257e-12
2.86817e-11
4.34721e-11
2.57206e-11
-8.6317e-12
-8.78996e-12
2.1025e-12
8.90166e-12
9.97833e-12
4.3732e-13
3.13186e-12
2.73292e-11
2.09226e-11
-1.8771e-12
5.78101e-11
8.40587e-11
5.0809e-11
-2.99255e-11
-2.80405e-11
2.51963e-12
2.87937e-11
4.37689e-11
2.7205e-11
-9.73848e-12
-1.33582e-11
-5.07035e-12
-8.75205e-13
-1.24317e-12
-1.90334e-12
1.11641e-11
2.03191e-11
2.59625e-11
9.4694e-12
5.61251e-11
7.62978e-11
4.86124e-11
-1.96626e-11
-3.77298e-11
-1.50864e-12
2.95539e-11
4.27997e-11
3.14325e-11
-5.26912e-12
-1.50829e-11
-1.13357e-11
-9.06184e-12
-7.81026e-12
-1.10891e-12
1.4714e-11
2.06907e-11
2.62884e-11
2.40782e-11
3.87287e-11
6.09244e-11
4.04599e-11
-1.17312e-11
-4.09769e-11
-3.08557e-12
2.95668e-11
4.07898e-11
3.69863e-11
6.43151e-12
-1.14357e-11
-1.34418e-11
-1.19457e-11
-9.47406e-12
-1.39352e-12
1.00938e-11
2.50256e-11
2.76272e-11
2.49978e-11
1.34205e-11
3.80391e-11
2.61248e-11
-1.07633e-11
-4.00946e-11
-3.11399e-12
2.76817e-11
3.88428e-11
4.05369e-11
2.19057e-11
-1.07239e-12
-1.12533e-11
-1.17642e-11
-9.24124e-12
-1.53778e-12
1.53188e-11
2.96085e-11
2.82653e-11
2.16489e-11
-1.3466e-11
1.09739e-11
7.59926e-12
-1.69382e-11
-3.99701e-11
-3.30502e-12
2.43713e-11
3.76582e-11
4.13148e-11
3.4545e-11
1.40939e-11
-4.85161e-12
-1.13705e-11
-1.07125e-11
-4.53207e-12
2.34187e-11
3.36009e-11
2.7435e-11
1.94837e-11
-4.23528e-11
-3.21732e-11
-3.16887e-11
-4.1797e-11
-4.26738e-11
-5.07122e-12
2.16862e-11
3.6968e-11
4.11108e-11
4.15995e-11
3.33889e-11
1.72319e-11
5.47538e-12
1.60204e-12
3.71942e-12
2.89642e-11
3.4077e-11
2.56909e-11
1.78916e-11
)
;
    }
    fineplugLeft
    {
        type            cyclicAMI;
        value           nonuniform List<scalar> 
20
(
-87.2404
-208.73
-239.266
-323.801
-432.922
-554.327
-681.314
-809.201
-935.858
-1061.19
-1184.95
-1308.29
-1430.46
-1571.97
-1662.94
-1767.27
-1794.36
-1645.07
-1246.9
-553.96
)
;
    }
    fineplugRight
    {
        type            cyclicAMI;
        value           nonuniform List<scalar> 
20
(
-109.701
-239.211
-261.56
-339.304
-444.657
-563.388
-688.046
-813.729
-938.477
-1062.31
-1184.98
-1307.69
-1429.78
-1571.94
-1660.45
-1761.38
-1780.21
-1617.26
-1207.49
-518.451
)
;
    }
    inletOutletLeft
    {
        type            cyclicAMI;
        value           nonuniform List<scalar> 
20
(
87.2404
208.73
239.266
323.801
432.922
554.327
681.314
809.201
935.858
1061.19
1184.95
1308.29
1430.46
1571.97
1662.94
1767.27
1794.36
1645.07
1246.9
553.96
)
;
    }
    inletLeft
    {
        type            calculated;
        value           uniform -975;
    }
    inletWallsLeft
    {
        type            calculated;
        value           uniform 0;
    }
    inletFacesLeft
    {
        type            calculated;
        value           nonuniform List<scalar> 
800
(
7.17165e-15
1.09267e-14
-3.72524e-14
-5.86965e-14
-4.49263e-14
-4.11228e-14
-8.03376e-14
-1.22409e-13
-1.79456e-13
-2.69555e-13
-4.05099e-13
-5.70897e-13
-7.2045e-13
-8.03334e-13
-8.39152e-13
-8.51016e-13
-7.98454e-13
-5.93756e-13
-3.12274e-13
3.85131e-14
-5.6875e-15
9.48358e-14
8.92696e-14
8.38597e-14
1.13075e-13
1.44167e-13
6.92353e-14
9.71189e-15
-1.33908e-13
-4.03101e-13
-7.89412e-13
-1.14658e-12
-1.27907e-12
-1.19446e-12
-1.11985e-12
-1.05536e-12
-7.70837e-13
-3.43418e-13
-7.80117e-14
6.51687e-15
-4.11718e-15
7.16736e-14
7.06258e-14
7.48186e-14
1.19964e-13
1.87567e-13
1.17818e-13
8.49932e-14
-2.94771e-14
-2.62828e-13
-6.1333e-13
-8.941e-13
-8.81544e-13
-5.66257e-13
-2.17672e-13
-3.17087e-14
4.09459e-14
8.26319e-14
9.26087e-14
9.03327e-14
6.74741e-16
-1.79307e-14
-1.68655e-14
-1.50997e-14
3.53571e-15
1.06749e-13
1.03953e-13
1.11951e-13
9.6615e-14
8.63686e-14
2.21697e-14
-5.76322e-14
-1.18621e-13
-6.66615e-14
9.37052e-14
2.39057e-13
2.67924e-13
1.8482e-13
8.07598e-14
6.26961e-14
-1.12092e-16
2.52373e-15
2.12832e-15
1.49355e-15
-4.01613e-15
-2.72899e-14
-2.43289e-14
-2.22856e-14
-1.58278e-14
-4.38531e-15
1.90775e-14
5.04813e-14
8.7932e-14
1.27138e-13
1.61919e-13
1.73012e-13
1.39319e-13
6.30931e-14
-1.5851e-14
-4.61838e-14
1.35431e-17
-1.32024e-16
1.74983e-17
1.20954e-16
7.48554e-16
3.38786e-15
2.36104e-15
1.11567e-15
-5.91988e-16
-2.93314e-15
-6.42155e-15
-1.11011e-14
-1.73755e-14
-2.46144e-14
-3.03073e-14
-3.05264e-14
-2.43092e-14
-1.83381e-14
-1.56278e-14
-7.68252e-15
6.17868e-18
-6.3272e-17
-1.15986e-16
-1.25884e-16
-7.15572e-17
4.26812e-18
3.29022e-16
6.44151e-16
9.75077e-16
1.29084e-15
1.61753e-15
2.09789e-15
2.89e-15
3.71838e-15
3.76717e-15
2.2023e-15
-9.75277e-16
-4.09742e-15
-3.02279e-15
-2.20278e-15
-3.21614e-18
2.50103e-17
4.1061e-17
4.24267e-17
3.03889e-18
-1.2018e-16
-2.1341e-16
-2.62892e-16
-2.9717e-16
-3.1068e-16
-3.06383e-16
-3.25917e-16
-4.01055e-16
-4.62982e-16
-3.41507e-16
1.33575e-16
1.0407e-15
2.54437e-15
4.68652e-15
5.20486e-15
8.03452e-19
-5.80747e-18
-9.50465e-18
-9.6437e-18
7.15109e-19
3.55592e-17
5.66589e-17
6.09826e-17
5.70412e-17
4.59807e-17
3.03868e-17
2.06238e-17
2.34586e-17
2.79919e-17
9.11322e-18
-5.47077e-17
-2.11092e-16
-3.11688e-16
7.87038e-16
7.10786e-15
-1.37326e-19
1.12483e-18
1.75449e-18
1.77291e-18
-2.57342e-19
-7.55234e-18
-1.12544e-17
-1.29902e-17
-1.6375e-17
-2.06771e-17
-2.19402e-17
-1.87609e-17
-1.48073e-17
-1.09832e-17
5.00908e-18
2.55269e-17
-2.05213e-16
-8.66857e-16
3.65189e-16
6.84474e-15
1.31976e-20
-1.91014e-19
-2.55784e-19
-1.28929e-19
6.70125e-19
2.19281e-18
1.90277e-18
-1.92081e-18
-1.04135e-17
-2.02243e-17
-2.30036e-17
-1.5509e-17
-7.36618e-18
-1.2311e-17
-3.80701e-17
-9.45062e-17
-1.31417e-16
1.74772e-16
1.28706e-15
2.25906e-15
1.23769e-21
1.37749e-20
5.74802e-21
3.1829e-21
3.71423e-20
1.8478e-19
1.15451e-19
-1.83425e-18
-6.90603e-18
-1.21851e-17
-1.02441e-17
2.23183e-18
1.0683e-17
-2.78208e-17
-1.63499e-16
-3.66372e-16
-4.7708e-16
-3.69181e-16
-1.58857e-16
-9.19725e-17
-7.76438e-22
2.92779e-21
6.65712e-21
1.15877e-20
2.08252e-20
4.38503e-20
1.25426e-19
2.24311e-19
-8.17102e-20
-1.00961e-18
-9.15015e-19
2.8018e-18
7.78832e-18
6.24962e-18
-4.57221e-18
-1.41318e-17
1.29734e-18
5.13785e-17
1.0611e-16
8.56988e-17
3.21768e-22
-3.16099e-21
-6.70813e-21
-5.29482e-21
1.00002e-20
4.22979e-20
9.25126e-20
2.35717e-19
6.8086e-19
1.54453e-18
2.3785e-18
2.28171e-18
1.25119e-18
1.2533e-18
5.2254e-18
1.48908e-17
2.87323e-17
4.05566e-17
4.18534e-17
1.71565e-17
-1.6824e-23
1.32933e-23
-9.95139e-22
2.92681e-21
1.75336e-20
4.33169e-20
8.29468e-20
1.37584e-19
1.96727e-19
2.60268e-19
3.87622e-19
6.32366e-19
8.01766e-19
3.296e-19
-1.42066e-18
-4.53694e-18
-8.28826e-18
-1.21171e-17
-1.58601e-17
-1.44594e-17
4.67374e-23
-1.25171e-21
-3.05341e-21
-1.1368e-21
8.9487e-21
3.33939e-20
9.17356e-20
2.20357e-19
4.20411e-19
5.65342e-19
3.59038e-19
-5.54505e-19
-2.35693e-18
-4.8202e-18
-7.24009e-18
-8.76387e-18
-9.01188e-18
-8.39749e-18
-9.96609e-18
-2.31839e-17
1.92423e-23
-7.07492e-22
-2.28291e-21
-2.56549e-21
8.05646e-22
2.00907e-20
9.5452e-20
2.77241e-19
5.23609e-19
5.59797e-19
-1.7469e-19
-2.34017e-18
-6.24083e-18
-1.12351e-17
-1.56326e-17
-1.82196e-17
-1.8036e-17
-9.56681e-18
-9.56119e-18
-2.43984e-17
3.74574e-23
-4.25934e-22
-2.08942e-21
-5.47628e-21
-8.58154e-21
6.04236e-21
8.44995e-20
2.69437e-19
4.90414e-19
4.36154e-19
-4.62508e-19
-2.79803e-18
-6.61439e-18
-1.07663e-17
-1.34644e-17
-1.45371e-17
-1.54296e-17
-1.60047e-17
-1.63593e-17
-1.69614e-17
5.2348e-23
9.34924e-23
-9.75281e-22
-5.33723e-21
-1.36781e-20
-1.63132e-20
1.78643e-20
1.30072e-19
3.20987e-19
4.89523e-19
4.28499e-19
-9.11161e-20
-1.19833e-18
-2.80084e-18
-4.47629e-18
-5.62643e-18
-6.08079e-18
-6.27351e-18
-6.355e-18
-4.32199e-18
2.39853e-23
1.07028e-22
-6.82265e-23
-1.60379e-21
-6.09912e-21
-1.32354e-20
-1.44961e-20
1.39639e-20
1.09959e-19
3.05867e-19
5.97345e-19
9.26718e-19
1.2041e-18
1.35272e-18
1.33871e-18
1.17317e-18
9.02509e-19
5.84678e-19
2.75533e-19
4.36816e-20
-7.17165e-15
-1.09267e-14
3.72524e-14
5.86965e-14
4.49263e-14
4.11228e-14
8.03376e-14
1.22409e-13
1.79456e-13
2.69555e-13
4.05099e-13
5.70897e-13
7.2045e-13
8.03334e-13
8.39152e-13
8.51016e-13
7.98454e-13
5.93756e-13
3.12274e-13
-3.85131e-14
5.6875e-15
-9.48358e-14
-8.92696e-14
-8.38597e-14
-1.13075e-13
-1.44167e-13
-6.92353e-14
-9.71189e-15
1.33908e-13
4.03101e-13
7.89412e-13
1.14658e-12
1.27907e-12
1.19446e-12
1.11985e-12
1.05536e-12
7.70837e-13
3.43418e-13
7.80117e-14
-6.51687e-15
4.11718e-15
-7.16736e-14
-7.06258e-14
-7.48186e-14
-1.19964e-13
-1.87567e-13
-1.17818e-13
-8.49932e-14
2.94771e-14
2.62828e-13
6.1333e-13
8.941e-13
8.81544e-13
5.66257e-13
2.17672e-13
3.17087e-14
-4.09459e-14
-8.26319e-14
-9.26087e-14
-9.03327e-14
-6.74741e-16
1.79307e-14
1.68655e-14
1.50997e-14
-3.53571e-15
-1.06749e-13
-1.03953e-13
-1.11951e-13
-9.6615e-14
-8.63686e-14
-2.21697e-14
5.76322e-14
1.18621e-13
6.66615e-14
-9.37052e-14
-2.39057e-13
-2.67924e-13
-1.8482e-13
-8.07598e-14
-6.26961e-14
1.12092e-16
-2.52373e-15
-2.12832e-15
-1.49355e-15
4.01613e-15
2.72899e-14
2.43289e-14
2.22856e-14
1.58278e-14
4.38531e-15
-1.90775e-14
-5.04813e-14
-8.7932e-14
-1.27138e-13
-1.61919e-13
-1.73012e-13
-1.39319e-13
-6.30931e-14
1.5851e-14
4.61838e-14
-1.35431e-17
1.32024e-16
-1.74983e-17
-1.20954e-16
-7.48554e-16
-3.38786e-15
-2.36104e-15
-1.11567e-15
5.91988e-16
2.93314e-15
6.42155e-15
1.11011e-14
1.73755e-14
2.46144e-14
3.03073e-14
3.05264e-14
2.43092e-14
1.83381e-14
1.56278e-14
7.68252e-15
-6.17868e-18
6.3272e-17
1.15986e-16
1.25884e-16
7.15572e-17
-4.26812e-18
-3.29022e-16
-6.44151e-16
-9.75077e-16
-1.29084e-15
-1.61753e-15
-2.09789e-15
-2.89e-15
-3.71838e-15
-3.76717e-15
-2.2023e-15
9.75277e-16
4.09742e-15
3.02279e-15
2.20278e-15
3.21614e-18
-2.50103e-17
-4.1061e-17
-4.24267e-17
-3.03889e-18
1.2018e-16
2.1341e-16
2.62892e-16
2.9717e-16
3.1068e-16
3.06383e-16
3.25917e-16
4.01055e-16
4.62982e-16
3.41507e-16
-1.33575e-16
-1.0407e-15
-2.54437e-15
-4.68652e-15
-5.20486e-15
-8.03452e-19
5.80747e-18
9.50465e-18
9.6437e-18
-7.15109e-19
-3.55592e-17
-5.66589e-17
-6.09826e-17
-5.70412e-17
-4.59807e-17
-3.03868e-17
-2.06238e-17
-2.34586e-17
-2.79919e-17
-9.11322e-18
5.47077e-17
2.11092e-16
3.11688e-16
-7.87038e-16
-7.10786e-15
1.37326e-19
-1.12483e-18
-1.75449e-18
-1.77291e-18
2.57342e-19
7.55234e-18
1.12544e-17
1.29902e-17
1.6375e-17
2.06771e-17
2.19402e-17
1.87609e-17
1.48073e-17
1.09832e-17
-5.00908e-18
-2.55269e-17
2.05213e-16
8.66857e-16
-3.65189e-16
-6.84474e-15
-1.31976e-20
1.91014e-19
2.55784e-19
1.28929e-19
-6.70125e-19
-2.19281e-18
-1.90277e-18
1.92081e-18
1.04135e-17
2.02243e-17
2.30036e-17
1.5509e-17
7.36618e-18
1.2311e-17
3.80701e-17
9.45062e-17
1.31417e-16
-1.74772e-16
-1.28706e-15
-2.25906e-15
-1.23769e-21
-1.37749e-20
-5.74802e-21
-3.1829e-21
-3.71423e-20
-1.8478e-19
-1.15451e-19
1.83425e-18
6.90603e-18
1.21851e-17
1.02441e-17
-2.23183e-18
-1.0683e-17
2.78208e-17
1.63499e-16
3.66372e-16
4.7708e-16
3.69181e-16
1.58857e-16
9.19725e-17
7.76438e-22
-2.92779e-21
-6.65712e-21
-1.15877e-20
-2.08252e-20
-4.38503e-20
-1.25426e-19
-2.24311e-19
8.17102e-20
1.00961e-18
9.15015e-19
-2.8018e-18
-7.78832e-18
-6.24962e-18
4.57221e-18
1.41318e-17
-1.29734e-18
-5.13785e-17
-1.0611e-16
-8.56988e-17
-3.21768e-22
3.16099e-21
6.70813e-21
5.29482e-21
-1.00002e-20
-4.22979e-20
-9.25126e-20
-2.35717e-19
-6.8086e-19
-1.54453e-18
-2.3785e-18
-2.28171e-18
-1.25119e-18
-1.2533e-18
-5.2254e-18
-1.48908e-17
-2.87323e-17
-4.05566e-17
-4.18534e-17
-1.71565e-17
1.6824e-23
-1.32933e-23
9.95139e-22
-2.92681e-21
-1.75336e-20
-4.33169e-20
-8.29468e-20
-1.37584e-19
-1.96727e-19
-2.60268e-19
-3.87622e-19
-6.32366e-19
-8.01766e-19
-3.296e-19
1.42066e-18
4.53694e-18
8.28826e-18
1.21171e-17
1.58601e-17
1.44594e-17
-4.67374e-23
1.25171e-21
3.05341e-21
1.1368e-21
-8.9487e-21
-3.33939e-20
-9.17356e-20
-2.20357e-19
-4.20411e-19
-5.65342e-19
-3.59038e-19
5.54505e-19
2.35693e-18
4.8202e-18
7.24009e-18
8.76387e-18
9.01188e-18
8.39749e-18
9.96609e-18
2.31839e-17
-1.92423e-23
7.07492e-22
2.28291e-21
2.56549e-21
-8.05646e-22
-2.00907e-20
-9.5452e-20
-2.77241e-19
-5.23609e-19
-5.59797e-19
1.7469e-19
2.34017e-18
6.24083e-18
1.12351e-17
1.56326e-17
1.82196e-17
1.8036e-17
9.56681e-18
9.56119e-18
2.43984e-17
-3.74574e-23
4.25934e-22
2.08942e-21
5.47628e-21
8.58154e-21
-6.04236e-21
-8.44995e-20
-2.69437e-19
-4.90414e-19
-4.36154e-19
4.62508e-19
2.79803e-18
6.61439e-18
1.07663e-17
1.34644e-17
1.45371e-17
1.54296e-17
1.60047e-17
1.63593e-17
1.69614e-17
-5.2348e-23
-9.34924e-23
9.75281e-22
5.33723e-21
1.36781e-20
1.63132e-20
-1.78643e-20
-1.30072e-19
-3.20987e-19
-4.89523e-19
-4.28499e-19
9.11161e-20
1.19833e-18
2.80084e-18
4.47629e-18
5.62643e-18
6.08079e-18
6.27351e-18
6.355e-18
4.32199e-18
-2.39853e-23
-1.07028e-22
6.82265e-23
1.60379e-21
6.09912e-21
1.32354e-20
1.44961e-20
-1.39639e-20
-1.09959e-19
-3.05867e-19
-5.97345e-19
-9.26718e-19
-1.2041e-18
-1.35272e-18
-1.33871e-18
-1.17317e-18
-9.02509e-19
-5.84678e-19
-2.75533e-19
-4.36816e-20
)
;
    }
    inletOutletRight
    {
        type            cyclicAMI;
        value           nonuniform List<scalar> 
20
(
109.701
239.211
261.56
339.304
444.657
563.388
688.046
813.729
938.477
1062.31
1184.98
1307.69
1429.78
1571.94
1660.45
1761.38
1780.21
1617.26
1207.49
518.451
)
;
    }
    inletRight
    {
        type            calculated;
        value           uniform -975;
    }
    inletWallsRight
    {
        type            calculated;
        value           uniform 0;
    }
    inletFacesRight
    {
        type            calculated;
        value           nonuniform List<scalar> 
800
(
2.54061e-23
1.12106e-22
-7.53529e-23
-1.6851e-21
-6.35773e-21
-1.37066e-20
-1.48751e-20
1.46406e-20
1.13273e-19
3.13132e-19
6.08076e-19
9.37863e-19
1.21163e-18
1.35507e-18
1.33856e-18
1.17472e-18
9.06686e-19
5.88694e-19
2.77472e-19
4.41632e-20
5.48037e-23
1.03754e-22
-9.98213e-22
-5.52716e-21
-1.41549e-20
-1.67945e-20
1.85459e-20
1.33792e-19
3.28883e-19
5.00225e-19
4.38491e-19
-8.3903e-20
-1.19109e-18
-2.78891e-18
-4.46399e-18
-5.63133e-18
-6.11421e-18
-6.32842e-18
-6.43982e-18
-4.42737e-18
3.91967e-23
-4.27793e-22
-2.1426e-21
-5.64793e-21
-8.71468e-21
6.84158e-21
8.82122e-20
2.78021e-19
5.02207e-19
4.42381e-19
-4.74555e-19
-2.83312e-18
-6.66882e-18
-1.08678e-17
-1.3699e-17
-1.49302e-17
-1.58362e-17
-1.63623e-17
-1.68618e-17
-1.76957e-17
2.06799e-23
-7.23495e-22
-2.36209e-21
-2.65944e-21
1.0135e-21
2.16167e-20
1.00365e-19
2.87854e-19
5.39082e-19
5.71456e-19
-1.83849e-19
-2.38611e-18
-6.32913e-18
-1.13782e-17
-1.58877e-17
-1.86433e-17
-1.84219e-17
-9.6726e-18
-1.00023e-17
-2.57827e-17
4.47217e-23
-1.278e-21
-3.1092e-21
-1.22337e-21
9.20616e-21
3.50053e-20
9.65376e-20
2.30786e-19
4.37334e-19
5.84005e-19
3.67153e-19
-5.71698e-19
-2.40706e-18
-4.90109e-18
-7.34884e-18
-8.90349e-18
-9.15851e-18
-8.56176e-18
-1.04233e-17
-2.45367e-17
-4.04796e-24
1.40839e-23
-1.17267e-21
2.91028e-21
1.79834e-20
4.4736e-20
8.64429e-20
1.43749e-19
2.04767e-19
2.70301e-19
4.03713e-19
6.59523e-19
8.31391e-19
3.26766e-19
-1.5132e-18
-4.77392e-18
-8.69987e-18
-1.27275e-17
-1.68298e-17
-1.45226e-17
2.84971e-22
-3.28438e-21
-6.55901e-21
-5.66178e-21
9.72104e-21
4.35694e-20
9.62886e-20
2.47866e-19
7.16626e-19
1.61319e-18
2.45472e-18
2.31173e-18
1.25176e-18
1.41513e-18
5.8782e-18
1.63662e-17
3.12557e-17
4.42097e-17
4.64729e-17
2.17683e-17
-6.7748e-22
3.36376e-21
6.48677e-21
1.31288e-20
2.17869e-20
3.9433e-20
1.20522e-19
2.23961e-19
-8.91694e-20
-1.00741e-18
-7.66082e-19
3.21202e-18
7.99723e-18
5.05518e-18
-8.24538e-18
-1.99134e-17
-3.6966e-18
5.029e-17
1.09108e-16
9.05782e-17
1.15295e-21
1.17592e-20
2.77296e-21
-4.37657e-21
3.71704e-20
2.15261e-19
1.37885e-19
-1.94073e-18
-7.19919e-18
-1.24438e-17
-1.00028e-17
3.04656e-18
1.05643e-17
-3.32543e-17
-1.80194e-16
-3.93917e-16
-5.0183e-16
-3.76607e-16
-1.56091e-16
-1.00345e-16
1.24333e-20
-1.82021e-19
-2.33166e-19
-9.40054e-20
7.02681e-19
2.15934e-18
1.74649e-18
-2.27439e-18
-1.10913e-17
-2.1101e-17
-2.36857e-17
-1.57915e-17
-7.52377e-18
-1.39646e-17
-4.58284e-17
-1.09789e-16
-1.32111e-16
2.43207e-16
1.47656e-15
2.48604e-15
-1.33093e-19
1.08014e-18
1.6138e-18
1.62441e-18
-2.84098e-19
-7.22032e-18
-1.06202e-17
-1.23832e-17
-1.60977e-17
-2.0792e-17
-2.21314e-17
-1.85504e-17
-1.38233e-17
-9.0853e-18
6.57429e-18
2.25252e-17
-2.36852e-16
-9.42547e-16
4.49166e-16
7.42247e-15
7.89732e-19
-5.5092e-18
-8.72252e-18
-8.97305e-18
4.04662e-19
3.30828e-17
5.32159e-17
5.68675e-17
5.27816e-17
4.25245e-17
2.78222e-17
1.80523e-17
1.9644e-17
2.1366e-17
-2.32875e-18
-7.23227e-17
-2.37168e-16
-3.31886e-16
9.18616e-16
7.58383e-15
-3.22513e-18
2.27526e-17
3.67531e-17
3.97354e-17
7.58218e-18
-1.00944e-16
-1.92043e-16
-2.37394e-16
-2.71204e-16
-2.92679e-16
-2.96305e-16
-3.17336e-16
-3.87338e-16
-4.33436e-16
-2.74994e-16
2.63063e-16
1.25139e-15
2.85791e-15
5.13673e-15
5.35411e-15
6.67625e-18
-4.7473e-17
-9.38319e-17
-1.15955e-16
-1.0312e-16
-1.11913e-16
2.14656e-16
5.15269e-16
8.5833e-16
1.21722e-15
1.55064e-15
2.00128e-15
2.76087e-15
3.54746e-15
3.47524e-15
1.66755e-15
-1.7769e-15
-4.99153e-15
-3.69757e-15
-2.49782e-15
9.67e-18
-2.23022e-16
-8.8424e-17
7.57245e-17
8.8337e-16
3.88774e-15
2.75463e-15
1.43789e-15
-3.71495e-16
-2.76824e-15
-5.87538e-15
-1.00654e-14
-1.60186e-14
-2.32225e-14
-2.89227e-14
-2.90163e-14
-2.28822e-14
-1.76091e-14
-1.50446e-14
-6.10718e-15
-9.46366e-17
2.91947e-15
2.58318e-15
1.74507e-15
-4.37444e-15
-2.83794e-14
-2.32853e-14
-2.13926e-14
-1.5216e-14
-4.24023e-15
1.46866e-14
4.19356e-14
7.65433e-14
1.15075e-13
1.51132e-13
1.6689e-13
1.38221e-13
6.32758e-14
-2.17631e-14
-5.18778e-14
7.05972e-16
-1.88898e-14
-1.7749e-14
-1.61091e-14
3.25523e-15
1.03994e-13
8.08676e-14
1.00417e-13
9.45726e-14
8.41057e-14
4.95947e-14
-1.27505e-14
-7.13318e-14
-2.69259e-14
1.26685e-13
2.54825e-13
2.78603e-13
1.86338e-13
8.02767e-14
5.85457e-14
-4.34232e-15
7.00828e-14
6.1474e-14
7.98374e-14
1.28957e-13
1.85047e-13
1.09624e-13
8.12565e-14
-2.47876e-14
-2.33302e-13
-5.38483e-13
-7.93344e-13
-7.82492e-13
-4.85406e-13
-1.46717e-13
4.06656e-14
1.0684e-13
1.22551e-13
1.12517e-13
9.28318e-14
-5.83497e-15
1.02939e-13
1.02254e-13
9.9389e-14
1.26693e-13
1.61848e-13
8.25884e-14
2.52663e-14
-1.15457e-13
-3.68936e-13
-7.27519e-13
-1.05434e-12
-1.16326e-12
-1.06129e-12
-9.66245e-13
-8.98822e-13
-6.46721e-13
-2.70947e-13
-3.96112e-14
2.11354e-14
-1.26505e-15
6.55317e-15
-3.6841e-14
-5.529e-14
-4.16197e-14
-3.40668e-14
-7.38565e-14
-1.11454e-13
-1.6224e-13
-2.44474e-13
-3.73659e-13
-5.31503e-13
-6.65805e-13
-7.34253e-13
-7.49774e-13
-7.45391e-13
-6.93506e-13
-5.14606e-13
-2.66011e-13
-2.52686e-14
-2.54061e-23
-1.12106e-22
7.53529e-23
1.6851e-21
6.35773e-21
1.37066e-20
1.48751e-20
-1.46406e-20
-1.13273e-19
-3.13132e-19
-6.08076e-19
-9.37863e-19
-1.21163e-18
-1.35507e-18
-1.33856e-18
-1.17472e-18
-9.06686e-19
-5.88694e-19
-2.77472e-19
-4.41632e-20
-5.48037e-23
-1.03754e-22
9.98213e-22
5.52716e-21
1.41549e-20
1.67945e-20
-1.85459e-20
-1.33792e-19
-3.28883e-19
-5.00225e-19
-4.38491e-19
8.3903e-20
1.19109e-18
2.78891e-18
4.46399e-18
5.63133e-18
6.11421e-18
6.32842e-18
6.43982e-18
4.42737e-18
-3.91967e-23
4.27793e-22
2.1426e-21
5.64793e-21
8.71468e-21
-6.84158e-21
-8.82122e-20
-2.78021e-19
-5.02207e-19
-4.42381e-19
4.74555e-19
2.83312e-18
6.66882e-18
1.08678e-17
1.3699e-17
1.49302e-17
1.58362e-17
1.63623e-17
1.68618e-17
1.76957e-17
-2.06799e-23
7.23495e-22
2.36209e-21
2.65944e-21
-1.0135e-21
-2.16167e-20
-1.00365e-19
-2.87854e-19
-5.39082e-19
-5.71456e-19
1.83849e-19
2.38611e-18
6.32913e-18
1.13782e-17
1.58877e-17
1.86433e-17
1.84219e-17
9.6726e-18
1.00023e-17
2.57827e-17
-4.47217e-23
1.278e-21
3.1092e-21
1.22337e-21
-9.20616e-21
-3.50053e-20
-9.65376e-20
-2.30786e-19
-4.37334e-19
-5.84005e-19
-3.67153e-19
5.71698e-19
2.40706e-18
4.90109e-18
7.34884e-18
8.90349e-18
9.15851e-18
8.56176e-18
1.04233e-17
2.45367e-17
4.04796e-24
-1.40839e-23
1.17267e-21
-2.91028e-21
-1.79834e-20
-4.4736e-20
-8.64429e-20
-1.43749e-19
-2.04767e-19
-2.70301e-19
-4.03713e-19
-6.59523e-19
-8.31391e-19
-3.26766e-19
1.5132e-18
4.77392e-18
8.69987e-18
1.27275e-17
1.68298e-17
1.45226e-17
-2.84971e-22
3.28438e-21
6.55901e-21
5.66178e-21
-9.72104e-21
-4.35694e-20
-9.62886e-20
-2.47866e-19
-7.16626e-19
-1.61319e-18
-2.45472e-18
-2.31173e-18
-1.25176e-18
-1.41513e-18
-5.8782e-18
-1.63662e-17
-3.12557e-17
-4.42097e-17
-4.64729e-17
-2.17683e-17
6.7748e-22
-3.36376e-21
-6.48677e-21
-1.31288e-20
-2.17869e-20
-3.9433e-20
-1.20522e-19
-2.23961e-19
8.91694e-20
1.00741e-18
7.66082e-19
-3.21202e-18
-7.99723e-18
-5.05518e-18
8.24538e-18
1.99134e-17
3.6966e-18
-5.029e-17
-1.09108e-16
-9.05782e-17
-1.15295e-21
-1.17592e-20
-2.77296e-21
4.37657e-21
-3.71704e-20
-2.15261e-19
-1.37885e-19
1.94073e-18
7.19919e-18
1.24438e-17
1.00028e-17
-3.04656e-18
-1.05643e-17
3.32543e-17
1.80194e-16
3.93917e-16
5.0183e-16
3.76607e-16
1.56091e-16
1.00345e-16
-1.24333e-20
1.82021e-19
2.33166e-19
9.40054e-20
-7.02681e-19
-2.15934e-18
-1.74649e-18
2.27439e-18
1.10913e-17
2.1101e-17
2.36857e-17
1.57915e-17
7.52377e-18
1.39646e-17
4.58284e-17
1.09789e-16
1.32111e-16
-2.43207e-16
-1.47656e-15
-2.48604e-15
1.33093e-19
-1.08014e-18
-1.6138e-18
-1.62441e-18
2.84098e-19
7.22032e-18
1.06202e-17
1.23832e-17
1.60977e-17
2.0792e-17
2.21314e-17
1.85504e-17
1.38233e-17
9.0853e-18
-6.57429e-18
-2.25252e-17
2.36852e-16
9.42547e-16
-4.49166e-16
-7.42247e-15
-7.89732e-19
5.5092e-18
8.72252e-18
8.97305e-18
-4.04662e-19
-3.30828e-17
-5.32159e-17
-5.68675e-17
-5.27816e-17
-4.25245e-17
-2.78222e-17
-1.80523e-17
-1.9644e-17
-2.1366e-17
2.32875e-18
7.23227e-17
2.37168e-16
3.31886e-16
-9.18616e-16
-7.58383e-15
3.22513e-18
-2.27526e-17
-3.67531e-17
-3.97354e-17
-7.58218e-18
1.00944e-16
1.92043e-16
2.37394e-16
2.71204e-16
2.92679e-16
2.96305e-16
3.17336e-16
3.87338e-16
4.33436e-16
2.74994e-16
-2.63063e-16
-1.25139e-15
-2.85791e-15
-5.13673e-15
-5.35411e-15
-6.67625e-18
4.7473e-17
9.38319e-17
1.15955e-16
1.0312e-16
1.11913e-16
-2.14656e-16
-5.15269e-16
-8.5833e-16
-1.21722e-15
-1.55064e-15
-2.00128e-15
-2.76087e-15
-3.54746e-15
-3.47524e-15
-1.66755e-15
1.7769e-15
4.99153e-15
3.69757e-15
2.49782e-15
-9.67e-18
2.23022e-16
8.8424e-17
-7.57245e-17
-8.8337e-16
-3.88774e-15
-2.75463e-15
-1.43789e-15
3.71495e-16
2.76824e-15
5.87538e-15
1.00654e-14
1.60186e-14
2.32225e-14
2.89227e-14
2.90163e-14
2.28822e-14
1.76091e-14
1.50446e-14
6.10718e-15
9.46366e-17
-2.91947e-15
-2.58318e-15
-1.74507e-15
4.37444e-15
2.83794e-14
2.32853e-14
2.13926e-14
1.5216e-14
4.24023e-15
-1.46866e-14
-4.19356e-14
-7.65433e-14
-1.15075e-13
-1.51132e-13
-1.6689e-13
-1.38221e-13
-6.32758e-14
2.17631e-14
5.18778e-14
-7.05972e-16
1.88898e-14
1.7749e-14
1.61091e-14
-3.25523e-15
-1.03994e-13
-8.08676e-14
-1.00417e-13
-9.45726e-14
-8.41057e-14
-4.95947e-14
1.27505e-14
7.13318e-14
2.69259e-14
-1.26685e-13
-2.54825e-13
-2.78603e-13
-1.86338e-13
-8.02767e-14
-5.85457e-14
4.34232e-15
-7.00828e-14
-6.1474e-14
-7.98374e-14
-1.28957e-13
-1.85047e-13
-1.09624e-13
-8.12565e-14
2.47876e-14
2.33302e-13
5.38483e-13
7.93344e-13
7.82492e-13
4.85406e-13
1.46717e-13
-4.06656e-14
-1.0684e-13
-1.22551e-13
-1.12517e-13
-9.28318e-14
5.83497e-15
-1.02939e-13
-1.02254e-13
-9.9389e-14
-1.26693e-13
-1.61848e-13
-8.25884e-14
-2.52663e-14
1.15457e-13
3.68936e-13
7.27519e-13
1.05434e-12
1.16326e-12
1.06129e-12
9.66245e-13
8.98822e-13
6.46721e-13
2.70947e-13
3.96112e-14
-2.11354e-14
1.26505e-15
-6.55317e-15
3.6841e-14
5.529e-14
4.16197e-14
3.40668e-14
7.38565e-14
1.11454e-13
1.6224e-13
2.44474e-13
3.73659e-13
5.31503e-13
6.65805e-13
7.34253e-13
7.49774e-13
7.45391e-13
6.93506e-13
5.14606e-13
2.66011e-13
2.52686e-14
)
;
    }
}


// ************************************************************************* //
