/*--------------------------------*- C++ -*----------------------------------*\
| =========                 |                                                 |
| \\      /  F ield         | OpenFOAM: The Open Source CFD Toolbox           |
|  \\    /   O peration     | Version:  4.1                                   |
|   \\  /    A nd           | Web:      www.OpenFOAM.org                      |
|    \\/     M anipulation  |                                                 |
\*---------------------------------------------------------------------------*/
FoamFile
{
    version     2.0;
    format      ascii;
    class       volVectorField;
    location    "14";
    object      U;
}
// * * * * * * * * * * * * * * * * * * * * * * * * * * * * * * * * * * * * * //

dimensions      [0 1 -1 0 0 0 0];

internalField   nonuniform List<vector> 
1280
(
(-1.24728e-15 -1.25694 -1.73069)
(-1.47708e-15 -0.641879 -1.64295)
(-1.1353e-15 -0.743913 -1.17406)
(-1.35199e-15 -0.444903 -1.44976)
(-1.80838e-15 -0.114844 -2.03159)
(-1.1475e-15 0.0861429 -1.33936)
(-1.19188e-15 0.329735 -1.21829)
(-5.94307e-16 0.434273 -1.01508)
(-2.07456e-15 0.85091 -1.97427)
(-1.56428e-15 1.03015 -1.5178)
(-1.32366e-15 1.26872 -1.26129)
(-1.76231e-15 1.79631 -2.34975)
(-1.31765e-15 1.87767 -1.86209)
(-1.41761e-15 2.20821 -1.58562)
(-2.85301e-15 2.924 -3.05251)
(-3.0157e-15 2.96708 -2.47216)
(-3.69408e-15 3.43274 -2.06968)
(-5.10302e-15 4.3094 -4.27985)
(-3.81046e-15 4.54109 -3.40267)
(-3.52251e-15 4.67996 -3.48241)
(-2.87447e-15 5.13396 -2.24905)
(-1.78292e-15 5.34198 0.551131)
(-3.24761e-16 5.25465 4.51913)
(7.15474e-16 5.29604 8.56148)
(1.08123e-15 5.15862 11.32)
(1.20972e-15 5.52363 12.8232)
(9.59503e-16 3.19517 8.84294)
(1.37898e-15 9.04654 14.943)
(1.48923e-15 8.97343 14.7368)
(1.52193e-15 9.03828 14.2123)
(1.46623e-15 9.05841 13.5617)
(1.3467e-15 9.0272 12.8708)
(1.16436e-15 8.99383 12.1954)
(7.83784e-16 8.95475 11.564)
(2.50366e-16 8.89241 10.9877)
(-4.06655e-16 8.81907 10.456)
(-1.12686e-15 8.71942 9.9891)
(-2.09933e-15 8.61132 9.53367)
(-3.08179e-15 8.52584 9.27725)
(-4.62646e-15 8.33799 8.27796)
(-5.53834e-15 9.17274 10.4368)
(-3.29425e-15 5.97084 7.55185)
(-2.52603e-15 5.36296 7.48503)
(-1.43673e-15 4.32927 7.53344)
(1.68195e-15 3.24774 7.88594)
(2.76645e-15 1.86874 4.88173)
(3.7029e-15 1.39428 4.7216)
(3.69283e-15 0.754528 5.0347)
(6.21683e-15 -0.0817924 2.47817)
(1.66808e-14 0.579671 -1.85984)
(6.83826e-14 -0.76193 0.00262289)
(4.43404e-15 -0.14573 3.4727)
(-2.94131e-15 -1.08439 5.2609)
(-1.70185e-15 -1.75269 4.94744)
(-1.43176e-15 -2.22968 5.08775)
(-2.45931e-16 -3.70762 7.97555)
(1.10404e-15 -4.65755 7.40205)
(2.03087e-15 -5.67761 7.41899)
(2.78427e-15 -6.30199 7.51427)
(4.7733e-15 -9.7491 10.3967)
(3.96738e-15 -8.53236 8.27278)
(2.71618e-15 -8.74848 9.3305)
(1.90373e-15 -8.79321 9.6049)
(1.10468e-15 -8.90866 10.0668)
(4.87706e-16 -9.00282 10.5202)
(-1.20785e-16 -9.07424 11.0145)
(-6.16577e-16 -9.13175 11.5363)
(-8.95653e-16 -9.16429 12.1041)
(-9.76592e-16 -9.18888 12.7182)
(-9.46223e-16 -9.21075 13.3602)
(-8.79245e-16 -9.18333 13.9809)
(-7.86025e-16 -9.11 14.4968)
(-6.18549e-16 -9.17394 14.708)
(6.3663e-16 -3.30966 8.41069)
(2.12192e-16 -5.6743 12.3396)
(6.98171e-16 -5.3203 10.6449)
(1.24769e-15 -5.4777 7.70152)
(2.33793e-15 -5.44433 3.47442)
(3.59795e-15 -5.52561 -0.588075)
(4.25358e-15 -5.30753 -3.37397)
(4.1132e-15 -4.83387 -4.39264)
(4.43772e-15 -4.5021 -4.34418)
(6.27979e-15 -4.00269 -5.66664)
(5.18269e-15 -3.31077 -3.72029)
(5.59891e-15 -2.46855 -4.27148)
(7.2146e-15 -1.63236 -5.21747)
(5.62913e-15 -1.12617 -2.57326)
(6.25382e-15 -0.526693 -3.25945)
(8.37786e-15 0.457538 -4.45969)
(5.93337e-15 0.71887 -3.01169)
(5.57345e-15 1.20466 -2.63246)
(8.77093e-15 2.2792 -3.39972)
(6.86028e-15 2.14707 -2.26258)
(6.73469e-15 2.71697 -2.13804)
(6.39886e-15 2.7773 -1.8942)
(7.73911e-15 3.93631 -2.64862)
(5.22485e-15 3.57487 -1.81619)
(4.65757e-15 4.03269 -1.5677)
(5.04318e-15 4.43185 -2.1977)
(4.87664e-15 4.84537 -2.1584)
(-1.30079e-15 3.31033 -0.0963489)
(3.08714e-16 4.30705 1.0049)
(4.76902e-15 3.60904 3.53451)
(2.75212e-15 2.83207 5.08915)
(9.79509e-16 2.88714 6.62665)
(3.89411e-16 3.5025 7.82941)
(1.36818e-16 4.42261 8.55115)
(1.62089e-16 4.56131 8.1024)
(3.49867e-16 1.89927 5.16795)
(6.61096e-16 -3.12977 0.896428)
(6.27563e-16 -6.71855 0.0937301)
(5.35939e-16 -8.16707 -0.472023)
(5.13091e-16 -8.85696 -1.23324)
(2.00327e-15 -8.58042 -2.0158)
(4.0098e-15 -6.91952 -2.63187)
(5.06564e-15 -4.42692 -2.9923)
(4.92818e-15 -1.7025 -3.20451)
(5.01257e-15 0.919924 -3.44938)
(4.07405e-15 2.75236 -3.49742)
(-8.40656e-16 2.90208 -0.681817)
(-2.99456e-17 3.03113 1.46648)
(2.63156e-15 2.19216 4.65063)
(3.99956e-16 1.7886 6.52771)
(-6.31847e-16 2.00724 7.98443)
(-7.06454e-16 2.9154 8.87311)
(-8.42929e-16 4.36709 9.35787)
(-8.60946e-16 5.65183 9.05166)
(-4.93113e-16 4.4006 6.55928)
(5.61865e-16 -2.12615 0.329194)
(6.27979e-16 -6.61044 -0.10744)
(5.37136e-16 -7.85799 -0.251601)
(5.00957e-16 -8.47693 -1.052)
(1.92171e-15 -8.19862 -1.83364)
(3.88095e-15 -6.6099 -2.50309)
(4.99233e-15 -4.20815 -2.97901)
(4.99967e-15 -1.483 -3.32624)
(5.15546e-15 0.978887 -3.96093)
(4.15653e-15 2.2966 -3.61751)
(-1.36081e-15 2.39158 -0.268836)
(6.49721e-16 2.08953 2.77682)
(1.54575e-15 1.42704 5.39412)
(-5.29707e-16 1.36984 6.96727)
(-1.18648e-15 1.80727 7.99082)
(-1.53368e-15 2.83707 8.41771)
(-2.02265e-15 4.32875 8.55422)
(-2.20643e-15 5.88117 8.36596)
(-1.6598e-15 5.61784 6.99913)
(-9.86537e-17 -0.445233 2.12007)
(6.42747e-16 -6.38982 -0.741159)
(5.45492e-16 -7.67301 0.0889629)
(4.89889e-16 -8.14061 -0.745507)
(1.83599e-15 -7.89424 -1.5368)
(3.73229e-15 -6.36922 -2.26934)
(4.8906e-15 -4.04751 -2.89177)
(5.04072e-15 -1.27409 -3.43208)
(5.29632e-15 1.05318 -4.25593)
(4.28653e-15 2.0721 -4.27834)
(-2.78149e-15 1.61234 0.456831)
(6.17489e-16 0.917233 4.07565)
(1.51936e-16 0.568092 6.02032)
(-1.76248e-15 0.829976 7.24331)
(-2.39477e-15 1.50651 7.82575)
(-3.06114e-15 2.74602 7.83951)
(-3.72845e-15 4.38543 7.64236)
(-3.83853e-15 6.19709 7.35424)
(-2.92192e-15 6.62241 6.55926)
(-8.19564e-16 1.49217 3.59128)
(6.89558e-16 -5.97742 -0.964613)
(5.49143e-16 -7.73572 0.380347)
(4.85341e-16 -7.85048 -0.309326)
(1.77342e-15 -7.60468 -1.10416)
(3.60378e-15 -6.08388 -1.90119)
(4.78258e-15 -3.79195 -2.68869)
(5.03714e-15 -0.926315 -3.47165)
(5.33834e-15 1.32418 -4.6253)
(4.50043e-15 1.85725 -5.30272)
(-3.91921e-15 0.752647 1.61236)
(5.62395e-16 -0.0287176 4.97705)
(-1.14042e-15 0.0662835 6.22458)
(-3.11074e-15 0.611037 7.12201)
(-3.94406e-15 1.51893 7.32832)
(-4.80378e-15 2.87667 7.10748)
(-5.39379e-15 4.51748 6.77516)
(-5.21308e-15 6.34413 6.46001)
(-3.80852e-15 7.10971 5.96825)
(-1.13829e-15 2.92897 4.44471)
(7.38207e-16 -5.37411 0.088531)
(5.40315e-16 -7.81156 0.405309)
(4.82482e-16 -7.60414 0.318786)
(1.75226e-15 -7.28036 -0.549619)
(3.52204e-15 -5.72558 -1.38194)
(4.68781e-15 -3.45697 -2.33878)
(4.99881e-15 -0.454628 -3.34743)
(5.28517e-15 1.77782 -5.20976)
(4.47069e-15 1.59453 -6.25348)
(-4.26763e-15 0.0352512 2.40224)
(6.44727e-16 -0.722878 4.89701)
(-2.03283e-15 -0.342257 5.96383)
(-4.65878e-15 0.413319 6.78221)
(-5.65051e-15 1.52522 6.87424)
(-6.28549e-15 2.9829 6.6791)
(-6.50982e-15 4.64799 6.39746)
(-5.95284e-15 6.4906 6.10686)
(-4.07643e-15 7.40444 5.76271)
(-9.76549e-16 3.92186 5.23605)
(8.24888e-16 -4.55882 1.90393)
(5.33265e-16 -7.68073 0.470353)
(4.83453e-16 -7.50174 1.08017)
(1.77777e-15 -6.93933 0.137935)
(3.51665e-15 -5.33643 -0.713965)
(4.66057e-15 -3.03504 -1.86991)
(5.08243e-15 0.354187 -3.09179)
(5.11609e-15 2.57732 -5.40353)
(3.62267e-15 2.15725 -5.05523)
(-4.53402e-15 -0.452797 2.30624)
(1.0241e-15 -1.33042 4.11576)
(-1.7854e-15 -0.761091 5.41017)
(-5.79054e-15 0.248975 6.44354)
(-6.90503e-15 1.54501 6.62812)
(-6.96423e-15 3.068 6.53676)
(-6.81273e-15 4.75074 6.31066)
(-6.07707e-15 6.58266 6.04491)
(-3.90682e-15 7.51589 5.875)
(-4.82728e-16 4.52371 6.11836)
(1.06725e-15 -3.65915 3.71888)
(5.60505e-16 -7.33229 1.25667)
(5.38759e-16 -7.49383 1.78588)
(1.90465e-15 -6.58208 1.01723)
(3.60905e-15 -4.88565 0.0849978)
(4.52538e-15 -2.58856 -1.09143)
(5.96525e-15 0.913403 -4.17102)
(4.75817e-15 2.71121 -2.51671)
(2.55204e-15 1.86588 1.42981)
(-6.14451e-15 -0.785085 1.80315)
(5.93688e-16 -1.89203 2.99826)
(-4.399e-16 -1.31557 4.59377)
(-5.66103e-15 -0.0601986 6.10877)
(-7.27272e-15 1.49182 6.52985)
(-6.83087e-15 3.12069 6.48419)
(-6.45369e-15 4.84351 6.23523)
(-5.82277e-15 6.63659 5.98277)
(-3.64375e-15 7.46299 6.0571)
(9.18419e-17 4.77503 7.0118)
(1.46586e-15 -2.80643 5.48687)
(6.67059e-16 -6.77397 2.81399)
(6.4985e-16 -7.41881 2.51556)
(2.01886e-15 -6.31442 2.14297)
(3.70238e-15 -4.46207 1.06386)
(4.91422e-15 -1.48168 -0.579077)
(5.27204e-15 1.18941 -2.20515)
(3.63892e-15 0.183732 5.49347)
(5.41297e-15 -3.88477 8.95067)
(-7.76292e-15 -0.968004 1.32)
(-1.52686e-15 -2.37854 1.82556)
(1.1367e-15 -2.02958 3.54645)
(-4.29783e-15 -0.546512 5.6346)
(-7.065e-15 1.38616 6.40404)
(-6.48953e-15 3.18839 6.34055)
(-5.7647e-15 4.94331 6.03047)
(-5.38893e-15 6.6296 5.82945)
(-3.46504e-15 7.21375 6.21624)
(6.03557e-16 4.67466 7.82078)
(1.87794e-15 -2.10067 7.16305)
(5.07084e-16 -6.06359 4.69745)
(9.63772e-16 -7.2163 3.61116)
(2.69706e-15 -6.03187 3.25334)
(4.85219e-15 -3.82002 1.95972)
(3.00712e-15 -1.46118 2.75617)
(-5.80607e-16 -1.36114 8.71965)
(-8.22705e-16 -1.27932 11.7186)
(2.47529e-16 -1.688 10.582)
(-7.01435e-15 -1.00615 0.863292)
(-4.87946e-15 -2.73028 0.845137)
(1.85942e-15 -2.84863 2.39074)
(-2.16923e-15 -1.23539 4.93155)
(-6.79658e-15 1.2064 6.14056)
(-6.31817e-15 3.27064 6.06698)
(-5.1319e-15 5.03657 5.72157)
(-4.96812e-15 6.54284 5.63867)
(-3.35411e-15 6.77574 6.37342)
(1.0134e-15 4.28236 8.50788)
(4.14399e-15 -1.605 8.51656)
(2.96242e-15 -5.33817 6.44879)
(1.51103e-15 -6.80268 4.99101)
(2.41947e-15 -5.73647 4.41917)
(-5.84155e-16 -4.23691 4.81157)
(-2.49197e-15 -3.49999 8.514)
(-3.68259e-15 -2.35383 11.2347)
(-1.66692e-15 -0.688669 8.96487)
(-1.14338e-15 -0.0693236 5.8739)
(-3.76492e-15 -0.978368 0.250387)
(-7.81219e-15 -2.95767 0.197908)
(1.11632e-15 -3.66468 1.33361)
(2.80425e-16 -2.0879 4.02875)
(-5.80748e-15 0.948622 5.7282)
(-5.42253e-15 3.3576 5.6994)
(-5.15185e-15 5.1015 5.36088)
(-4.73067e-15 6.3577 5.44847)
(-3.18082e-15 6.16948 6.52351)
(7.42003e-16 3.70997 9.07895)
(3.44672e-15 -1.24991 9.4384)
(3.25868e-15 -4.67874 7.71427)
(1.59836e-15 -6.36387 6.3576)
(4.71038e-16 -5.95751 6.25068)
(-2.75449e-15 -5.33275 8.45933)
(3.51805e-16 -4.27522 11.1347)
(8.2517e-15 -1.69064 10.271)
(1.22108e-14 0.353622 8.00831)
(8.88216e-15 0.382563 5.599)
(-1.94555e-15 -1.01386 -0.573638)
(-9.12523e-15 -3.14118 -0.11087)
(-8.89333e-16 -4.3761 0.580698)
(2.57173e-15 -3.02144 3.04742)
(-3.20936e-15 0.581892 5.18072)
(-3.22001e-15 3.43192 5.26629)
(-3.64508e-15 5.12252 4.96806)
(-4.72121e-15 6.07152 5.2463)
(-3.00128e-15 5.41338 6.59737)
(6.7684e-16 3.00524 9.55462)
(1.91088e-15 -0.976029 10.2977)
(1.67045e-15 -4.14553 8.83645)
(4.21831e-16 -6.1722 7.82784)
(-1.52627e-15 -6.60986 8.44617)
(-2.05881e-15 -6.30067 11.2987)
(2.37133e-15 -4.38638 13.4831)
(3.18749e-15 -0.989348 13.2827)
(-6.15936e-16 1.03803 12.3122)
(2.68699e-16 2.01562 10.8847)
(-3.16772e-15 -1.1794 -1.07518)
(-9.40203e-15 -3.36046 -0.105752)
(-3.24816e-15 -4.9228 0.252983)
(3.91785e-15 -3.92571 2.14864)
(-9.59107e-16 0.0577739 4.5007)
(-2.17649e-15 3.47458 4.774)
(-3.39444e-15 5.09306 4.54723)
(-4.72795e-15 5.70107 5.00527)
(-2.89124e-15 4.51965 6.48763)
(7.19596e-16 2.09526 9.83659)
(8.91013e-16 -0.901125 11.2995)
(-1.5488e-17 -3.75485 10.3361)
(-9.91946e-16 -6.16247 9.62321)
(-2.03484e-15 -7.34835 10.367)
(-8.23916e-16 -7.21522 12.5122)
(1.28702e-15 -4.7168 12.6349)
(-1.94356e-15 -0.922801 8.54857)
(-4.01747e-15 1.39572 6.29184)
(-4.79064e-15 4.3032 9.60327)
(-5.06628e-15 -1.43851 -1.12426)
(-9.51339e-15 -3.63882 0.236135)
(-4.98209e-15 -5.2732 0.33641)
(4.08717e-15 -4.68035 1.47143)
(1.30852e-15 -0.565712 3.73376)
(-1.05362e-15 3.4634 4.23649)
(-3.18686e-15 5.01136 4.11136)
(-4.83023e-15 5.2875 4.70727)
(-2.85785e-15 3.54116 6.07803)
(9.59077e-16 0.972048 9.64398)
(9.76663e-16 -1.12736 11.8204)
(-2.33611e-16 -3.55745 11.6764)
(-9.89074e-16 -6.16476 11.3087)
(-1.1087e-15 -7.76378 11.5751)
(-4.85911e-17 -7.23468 12.0493)
(-3.47984e-16 -3.19256 9.17465)
(-3.03658e-15 1.11941 2.1775)
(-2.32473e-15 0.356037 0.063556)
(2.08567e-16 -1.49508 1.86679)
(-6.42334e-15 -1.7871 -0.519412)
(-9.33985e-15 -3.93608 0.890726)
(-5.64545e-15 -5.42168 0.71465)
(3.32506e-15 -5.2184 1.09483)
(3.11562e-15 -1.20318 2.97663)
(-2.79959e-16 3.38979 3.68586)
(-3.1993e-15 4.88337 3.68289)
(-4.86321e-15 4.89809 4.34678)
(-3.02278e-15 2.61123 5.30345)
(1.08205e-15 -0.251135 8.61171)
(1.48424e-15 -1.67638 11.1218)
(5.63372e-16 -3.62379 11.8388)
(9.7245e-17 -6.11956 11.8386)
(1.3813e-16 -7.62827 11.4493)
(2.11483e-16 -6.27035 10.133)
(-1.24046e-15 -0.885772 5.44431)
(-2.25767e-15 2.66412 0.849641)
(-2.88473e-15 2.10018 0.0186289)
(-1.05216e-15 0.0852733 -3.8794)
(-6.23612e-15 -2.07347 0.831554)
(-8.47753e-15 -4.09402 1.66593)
(-5.40138e-15 -5.36631 1.22963)
(2.18474e-15 -5.48958 1.0198)
(4.1922e-15 -1.74578 2.33656)
(1.67627e-16 3.25734 3.17288)
(-3.28377e-15 4.72313 3.28692)
(-4.75553e-15 4.60682 3.93157)
(-3.4925e-15 1.93852 4.25355)
(5.85458e-16 -1.37981 6.61771)
(1.67588e-15 -2.39451 9.27669)
(1.25952e-15 -3.86632 10.5909)
(1.00687e-15 -5.98861 10.7776)
(8.67806e-16 -7.03262 9.8904)
(1.23212e-16 -4.82016 7.4101)
(-1.63489e-15 0.778902 2.0935)
(-2.29897e-15 3.36212 -0.427899)
(-2.92093e-15 2.56085 -1.12078)
(-2.67535e-15 0.756341 -2.89171)
(-4.30319e-15 -2.20687 2.19354)
(-6.76938e-15 -4.0817 2.37387)
(-4.49555e-15 -5.19541 1.76877)
(1.30346e-15 -5.57757 1.20362)
(4.55299e-15 -2.23647 1.90191)
(3.42841e-16 3.07256 2.75056)
(-3.28519e-15 4.54879 2.95206)
(-4.5322e-15 4.45089 3.47733)
(-4.10959e-15 1.69669 3.25158)
(-7.14612e-16 -2.35809 4.27789)
(1.27064e-15 -3.25536 6.77329)
(1.49353e-15 -4.24576 8.43675)
(1.3273e-15 -5.82209 8.65971)
(1.05267e-15 -6.23726 7.52127)
(1.54836e-16 -3.20534 4.64091)
(-1.12154e-15 1.90185 -0.2535)
(-2.78063e-15 3.95643 -1.58605)
(-3.06969e-15 2.93856 -1.69757)
(-2.77753e-15 0.99049 -2.26736)
(-1.49117e-15 -2.17477 3.21851)
(-4.22657e-15 -3.88564 3.00463)
(-2.90276e-15 -4.90469 2.35234)
(1.19592e-15 -5.42749 1.64085)
(4.45496e-15 -2.44628 1.80098)
(3.45999e-16 2.90644 2.46491)
(-3.07575e-15 4.39582 2.70291)
(-4.31587e-15 4.39873 3.00991)
(-4.5041e-15 1.8822 2.52321)
(-2.43396e-15 -2.81208 2.25486)
(1.19155e-16 -3.99313 4.12021)
(1.25037e-15 -4.61277 5.9373)
(1.30714e-15 -5.58947 6.25849)
(1.0268e-15 -5.40166 5.12178)
(1.70865e-16 -1.66917 2.30239)
(-1.70209e-15 2.88691 -1.95572)
(-3.28984e-15 4.14595 -2.50779)
(-3.14059e-15 2.892 -2.13211)
(-2.40543e-15 0.994573 -2.0477)
(1.49622e-15 -2.18855 3.9166)
(-1.21933e-15 -3.76789 3.32767)
(-8.44363e-16 -4.70999 2.7538)
(1.88203e-15 -5.34997 2.06027)
(4.44112e-15 -2.7285 1.83242)
(3.67225e-16 2.79782 2.32416)
(-2.70792e-15 4.32254 2.50729)
(-4.18424e-15 4.39761 2.58355)
(-4.59053e-15 2.18003 2.14215)
(-3.83834e-15 -3.21467 0.986894)
(-1.56599e-15 -4.7322 1.76749)
(5.39068e-16 -5.13607 3.48125)
(1.26339e-15 -5.48287 4.07484)
(1.19028e-15 -4.67214 3.11686)
(5.03563e-16 0.016262 0.194051)
(-2.60208e-15 3.70005 -2.96774)
(-3.73343e-15 4.208 -3.07286)
(-3.04833e-15 2.75844 -2.47746)
(-2.16485e-15 0.965707 -2.12095)
(4.70587e-15 -1.87966 5.61233)
(3.5748e-15 -3.30505 4.57689)
(3.52096e-15 -4.33019 4.00827)
(4.64411e-15 -4.92179 3.30275)
(4.74153e-15 -2.44615 2.61622)
(5.63468e-16 2.68961 2.38796)
(-2.40958e-15 4.29804 2.32338)
(-4.10755e-15 4.50813 2.2488)
(-4.56787e-15 2.93051 2.07455)
(-4.62217e-15 -2.78139 0.787144)
(-3.70987e-15 -4.80948 0.140703)
(-1.91465e-15 -5.53985 0.714219)
(-6.08375e-16 -5.40131 1.07926)
(-1.78004e-16 -3.92288 0.478448)
(-4.13269e-16 0.953329 -1.61192)
(-3.21824e-15 4.02744 -3.55909)
(-3.78633e-15 3.96868 -3.39313)
(-2.85454e-15 2.44608 -2.66055)
(-1.98796e-15 0.704707 -2.2198)
(-8.82665e-17 6.28904 10.9303)
(-1.34482e-16 15.1211 23.6918)
(4.58491e-16 19.8686 30.4066)
(7.22418e-16 21.3533 32.2809)
(5.5294e-16 20.7453 31.0747)
(5.06127e-16 19.4192 28.6941)
(9.8877e-16 17.8034 26.0807)
(1.50657e-15 16.3051 23.7017)
(2.20869e-15 14.8441 21.4082)
(3.3176e-15 13.3614 19.1754)
(4.98583e-15 11.8459 16.9566)
(7.02643e-15 10.2835 14.7181)
(8.86707e-15 8.65648 12.4499)
(9.88718e-15 6.96289 10.1428)
(1.0328e-14 5.2051 7.82901)
(1.0474e-14 3.46945 5.58163)
(9.82713e-15 1.7994 3.49257)
(7.30777e-15 0.684778 1.77931)
(3.84337e-15 -0.15566 1.26588)
(-4.74008e-16 -1.30029 -1.70679)
(7e-17 11.1872 19.0742)
(-1.32465e-15 19.0405 30.762)
(-1.17692e-15 18.8998 30.3373)
(-1.11559e-15 16.4765 27.0009)
(-1.49925e-15 14.304 24.343)
(-1.89557e-15 12.6855 22.4758)
(-9.44465e-16 11.1985 20.7181)
(-1.79519e-16 9.62786 18.7229)
(1.58615e-15 7.96302 16.5884)
(4.92725e-15 6.28078 14.3948)
(9.68143e-15 4.57542 12.1799)
(1.40992e-14 2.86105 9.92685)
(1.57273e-14 1.12826 7.59781)
(1.46829e-14 -0.589354 5.18999)
(1.37679e-14 -2.06283 3.01923)
(1.29669e-14 -2.79021 1.80167)
(9.46688e-15 -2.23473 2.23695)
(4.19563e-15 -0.130519 4.5432)
(9.10305e-16 2.71757 7.53634)
(-1.61661e-16 3.1074 6.8365)
(5.0673e-17 12.811 22.2141)
(-1.24235e-15 17.8854 31.0839)
(-1.15067e-15 15.2194 26.7991)
(-1.2343e-15 12.8558 23.2605)
(-1.66546e-15 11.5799 21.5717)
(-2.49114e-15 10.4333 20.1136)
(-1.45007e-15 9.09114 18.3676)
(-1.04607e-15 7.63666 16.3544)
(3.62795e-16 6.09812 14.1928)
(3.2348e-15 4.55612 11.9692)
(7.54868e-15 3.06833 9.81676)
(1.10043e-14 1.7387 7.88019)
(1.08498e-14 0.671896 6.31134)
(6.96931e-15 0.0696872 5.34675)
(2.67904e-15 0.313441 5.4912)
(3.9026e-16 1.83159 7.42269)
(-5.0395e-16 4.63849 11.2404)
(-1.01701e-15 7.8848 15.6296)
(-1.1398e-15 10.0538 17.8833)
(-1.11179e-15 7.39633 13.9615)
(-8.30451e-18 10.9282 18.9283)
(2.20685e-16 16.5811 29.446)
(2.07575e-16 15.1813 26.5405)
(1.85843e-16 13.3738 23.1292)
(-4.35164e-17 11.9522 20.5405)
(-1.73164e-15 10.875 18.5544)
(-1.54372e-15 9.89617 16.8788)
(-1.88215e-15 8.98391 15.1572)
(-1.57991e-15 8.05381 13.3734)
(-1.50738e-15 7.15821 11.5272)
(-7.41197e-16 6.2947 9.69386)
(-6.40674e-17 5.5918 8.063)
(9.95511e-16 5.14942 6.89073)
(3.89698e-16 5.16216 6.60003)
(-1.53258e-15 5.87234 7.55398)
(-3.26706e-15 7.12958 9.64288)
(-3.58039e-15 8.70056 12.3856)
(-2.57223e-15 9.79257 14.971)
(-1.28006e-15 9.96299 15.6849)
(-1.18573e-15 7.21848 12.6161)
(1.3796e-18 9.76775 16.9087)
(-3.10613e-17 17.6268 30.8189)
(-2.61947e-17 16.8069 29.0424)
(-1.83821e-17 14.6803 24.8923)
(4.94293e-17 13.0188 21.9449)
(3.35876e-16 12.0572 19.8978)
(2.99433e-16 11.2863 18.3849)
(2.74284e-16 10.666 16.9902)
(1.94804e-16 10.0665 15.643)
(5.39731e-17 9.50125 14.2835)
(-2.348e-16 8.9486 12.8815)
(-6.21309e-16 8.39027 11.4111)
(-1.08224e-15 7.83498 9.91058)
(-1.56478e-15 7.33819 8.56956)
(-1.99285e-15 7.00641 7.68515)
(-2.12938e-15 6.92517 7.59157)
(-1.7147e-15 7.10386 8.33021)
(-7.76531e-16 7.25428 9.45632)
(1.95089e-16 6.81093 9.87841)
(5.68416e-16 4.65236 7.16316)
(-1.66685e-19 9.65577 16.459)
(1.62491e-18 18.3286 31.317)
(-2.15363e-19 17.475 29.9945)
(-1.48866e-18 15.3045 25.7112)
(-9.21297e-18 13.6386 22.9236)
(-4.16968e-17 12.744 20.95)
(-2.9059e-17 11.9408 19.4199)
(-1.37313e-17 11.2471 17.9519)
(7.28601e-18 10.5482 16.546)
(3.61002e-17 9.87203 15.1859)
(7.90345e-17 9.21537 13.874)
(1.36629e-16 8.57627 12.5995)
(2.13853e-16 7.94412 11.3303)
(3.02946e-16 7.30817 10.0415)
(3.73013e-16 6.66245 8.76975)
(3.7571e-16 6.04828 7.61335)
(2.9919e-16 5.427 6.72768)
(2.257e-16 4.85455 6.03161)
(1.92342e-16 3.76801 5.20283)
(9.45541e-17 1.73181 1.59365)
(-7.60453e-20 10.6831 18.181)
(7.78733e-19 19.2522 32.1486)
(1.42752e-18 17.9933 30.5938)
(1.54934e-18 15.9218 26.3182)
(8.80704e-19 14.2861 23.7696)
(-5.25307e-20 13.4755 21.8708)
(-4.0495e-18 12.6391 20.3496)
(-7.92801e-18 11.9093 18.8079)
(-1.2001e-17 11.1442 17.2993)
(-1.58872e-17 10.3793 15.7907)
(-1.99081e-17 9.60017 14.2966)
(-2.58202e-17 8.80525 12.8241)
(-3.55692e-17 7.99185 11.3834)
(-4.57647e-17 7.16637 9.968)
(-4.63652e-17 6.29959 8.56796)
(-2.71052e-17 5.41072 7.13396)
(1.20034e-17 4.38192 5.67076)
(5.04297e-17 3.32033 3.99264)
(3.72035e-17 1.52341 1.93682)
(2.71112e-17 -0.107987 -1.87204)
(3.95833e-20 12.8542 22.0565)
(-3.07819e-19 20.4283 33.3815)
(-5.05366e-19 18.1061 30.7416)
(-5.22175e-19 16.467 26.8008)
(-3.74018e-20 14.9527 24.7287)
(1.47914e-18 14.3282 22.9086)
(2.62658e-18 13.4814 21.4319)
(3.23559e-18 12.8117 19.8596)
(3.65748e-18 12.0524 18.3098)
(3.82376e-18 11.2744 16.678)
(3.77087e-18 10.419 14.9802)
(4.01129e-18 9.48797 13.2155)
(4.93606e-18 8.4766 11.4089)
(5.69824e-18 7.40106 9.57833)
(4.20316e-18 6.24201 7.7492)
(-1.644e-18 5.03038 5.88247)
(-1.28087e-17 3.65063 3.97781)
(-3.13154e-17 2.17162 1.69352)
(-5.76803e-17 -0.166076 -0.941383)
(-6.40598e-17 -1.45803 -4.75069)
(-9.88864e-21 15.5749 27.4615)
(7.14766e-20 20.9975 33.9787)
(1.1698e-19 17.5194 30.4897)
(1.18692e-19 16.8053 27.4315)
(-8.80134e-21 15.3485 26.0032)
(-4.37652e-19 14.998 24.2783)
(-6.9734e-19 14.0923 22.9676)
(-7.50556e-19 13.5687 21.43)
(-7.02045e-19 12.7816 19.8938)
(-5.65916e-19 11.973 18.0963)
(-3.73992e-19 10.9535 16.1187)
(-2.53831e-19 9.80405 13.9618)
(-2.88722e-19 8.51951 11.7122)
(-3.44516e-19 7.14121 9.39403)
(-1.12163e-19 5.6438 7.03589)
(6.73326e-19 4.05318 4.59865)
(2.59805e-18 2.2778 2.22761)
(3.83616e-18 0.484067 -0.544345)
(-9.68662e-18 -2.12772 -3.38564)
(-8.74814e-17 -2.79344 -7.18984)
(1.69017e-21 17.3315 31.5912)
(-1.38441e-20 19.8936 32.4951)
(-2.15937e-20 16.3409 29.8248)
(-2.18205e-20 16.443 27.7189)
(3.16728e-21 14.776 26.6832)
(9.29518e-20 14.5597 25.0652)
(1.38515e-19 13.4474 24.0376)
(1.59879e-19 12.9641 22.5948)
(2.01539e-19 11.8924 21.0823)
(2.54488e-19 10.8116 18.9922)
(2.70033e-19 9.28425 16.5639)
(2.30903e-19 7.63842 13.8304)
(1.82244e-19 5.8453 11.0284)
(1.35178e-19 3.99924 8.11134)
(-6.16502e-20 2.07337 5.02975)
(-3.14177e-19 -0.129384 1.62081)
(2.5257e-18 -2.28767 -1.51473)
(1.0669e-17 -2.11001 -2.64225)
(-4.49463e-18 -4.87784 -5.62931)
(-8.42429e-17 -4.0097 -8.21967)
(-1.62432e-22 16.9892 31.5985)
(2.35095e-21 17.9267 29.9099)
(3.14811e-21 15.2689 28.544)
(1.58682e-21 15.1689 26.5736)
(-8.2477e-21 13.4525 25.5256)
(-2.69885e-20 12.9924 24.0117)
(-2.34187e-20 11.7696 23.0215)
(2.36407e-20 11.0135 21.627)
(1.28166e-19 9.67569 20.0216)
(2.48915e-19 8.22734 17.7248)
(2.83121e-19 6.35286 15.0077)
(1.9088e-19 4.45924 12.0858)
(9.06607e-20 2.54997 9.25484)
(1.5152e-19 0.713571 6.45979)
(4.68556e-19 -0.994915 3.82403)
(1.16315e-18 -2.41469 1.51506)
(1.61744e-18 -3.67987 -0.840626)
(-2.15104e-18 -4.4634 -2.9624)
(-1.58407e-17 -3.57175 -2.68803)
(-2.78039e-17 -0.689932 0.419712)
(-1.52331e-23 15.556 28.9995)
(-1.69537e-22 17.1963 28.6456)
(-7.07448e-23 14.2881 26.7895)
(-3.91741e-23 14.1058 24.4564)
(-4.57136e-22 12.2135 23.3821)
(-2.27422e-21 11.6681 21.6235)
(-1.42094e-21 10.2495 20.4905)
(2.25754e-20 9.34952 19.0027)
(8.49973e-20 7.95883 17.4597)
(1.49971e-19 6.51902 15.3544)
(1.26081e-19 4.76983 12.8452)
(-2.74687e-20 3.04048 10.1209)
(-1.31483e-19 1.42932 7.54173)
(3.4241e-19 0.0997365 5.28174)
(2.01229e-18 -0.814444 3.56253)
(4.5092e-18 -0.941568 2.97419)
(5.87176e-18 0.309769 4.46149)
(4.54377e-18 3.14324 8.06538)
(1.95516e-18 6.23541 11.7045)
(1.13197e-18 5.41266 10.8007)
(9.55616e-24 15.0224 28.0227)
(-3.60343e-23 17.6734 28.4576)
(-8.19338e-23 14.247 26.3014)
(-1.42617e-22 14.5345 23.4505)
(-2.5631e-22 12.4553 22.3922)
(-5.39697e-22 12.2202 20.2105)
(-1.5437e-21 10.7564 18.8403)
(-2.76075e-21 10.0614 17.0643)
(1.00566e-21 8.95246 15.5787)
(1.24259e-20 8.06367 13.9376)
(1.12617e-20 7.06029 12.2438)
(-3.44837e-20 6.15763 10.452)
(-9.58563e-20 5.39971 8.78807)
(-7.69184e-20 4.88696 7.44307)
(5.62734e-20 4.68165 6.62475)
(1.7393e-19 4.9326 6.65533)
(-1.59673e-20 5.66253 7.53266)
(-6.3235e-19 6.32416 8.91952)
(-1.30597e-18 6.6541 9.62605)
(-1.05475e-18 4.79392 8.03318)
(-3.96023e-24 15.2994 28.7007)
(3.89045e-23 18.4423 29.2591)
(8.25616e-23 14.7726 27.1346)
(6.5167e-23 15.2223 24.2229)
(-1.23079e-22 13.2631 23.1315)
(-5.20589e-22 13.057 21.0539)
(-1.13862e-21 11.8583 19.6272)
(-2.90113e-21 11.2116 17.9181)
(-8.37982e-21 10.3646 16.3955)
(-1.90096e-20 9.64874 14.8977)
(-2.92739e-20 8.97622 13.5013)
(-2.80825e-20 8.37072 12.181)
(-1.53993e-20 7.80849 10.8883)
(-1.54252e-20 7.24678 9.58485)
(-6.43127e-20 6.64801 8.2507)
(-1.83271e-19 5.98517 6.94726)
(-3.53629e-19 5.26006 5.82781)
(-4.99158e-19 4.51767 4.96103)
(-5.15118e-19 3.36532 4.04217)
(-2.11157e-19 1.6144 1.46818)
(2.07064e-25 15.8662 30.192)
(-1.6361e-25 19.0099 29.6879)
(1.22479e-23 15.0737 27.9823)
(-3.60223e-23 15.8869 25.1352)
(-2.15798e-22 13.7876 24.0925)
(-5.3313e-22 13.6929 22.0263)
(-1.02088e-21 12.5058 20.6464)
(-1.69335e-21 11.919 18.9872)
(-2.42125e-21 11.123 17.5078)
(-3.20329e-21 10.4322 15.9984)
(-4.77073e-21 9.72988 14.5139)
(-7.78296e-21 9.02663 13.0258)
(-9.86789e-21 8.29469 11.5249)
(-4.05661e-21 7.50976 9.98206)
(1.74851e-20 6.60863 8.37397)
(5.58392e-20 5.57923 6.63899)
(1.02009e-19 4.31455 4.78203)
(1.49134e-19 2.91696 2.63405)
(1.95201e-19 0.858089 0.290222)
(1.77961e-19 -0.519488 -3.17223)
(-5.75229e-25 16.2335 31.7733)
(1.54057e-23 19.2035 29.6094)
(3.75805e-23 15.1291 28.725)
(1.39914e-23 16.3451 25.9604)
(-1.10138e-22 14.0315 25.0527)
(-4.11002e-22 14.1059 23.0268)
(-1.12905e-21 12.8573 21.7667)
(-2.71208e-21 12.3845 20.1872)
(-5.17429e-21 11.6123 18.8429)
(-6.95805e-21 11.0253 17.449)
(-4.41892e-21 10.3923 16.0742)
(6.82468e-21 9.73492 14.5922)
(2.90084e-20 8.93255 12.903)
(5.93255e-20 7.88131 10.8588)
(8.91088e-20 6.44482 8.41727)
(1.07863e-19 4.73152 5.70161)
(1.10916e-19 2.78999 3.13355)
(1.03354e-19 0.930632 0.257532)
(1.2266e-19 -1.80722 -2.82253)
(2.85341e-19 -2.4359 -6.5783)
(-2.36829e-25 15.8543 32.025)
(8.70759e-24 18.7678 28.8926)
(2.80973e-23 14.6325 28.6177)
(3.15752e-23 15.831 26.0036)
(-9.91564e-24 13.5368 25.1509)
(-2.4727e-22 13.4807 23.3168)
(-1.17479e-21 12.2543 22.1578)
(-3.4122e-21 11.7484 20.7502)
(-6.44442e-21 10.9633 19.5737)
(-6.88981e-21 10.3843 18.3534)
(2.15002e-21 9.71441 17.1207)
(2.88021e-20 8.95494 15.6352)
(7.68102e-20 7.85604 13.6151)
(1.38278e-19 6.17719 10.6575)
(1.92401e-19 3.78682 6.67382)
(2.24241e-19 1.12787 2.39556)
(2.21981e-19 -1.03377 -0.37027)
(1.17745e-19 -0.397888 -0.865903)
(1.17676e-19 -3.7222 -4.29108)
(3.00288e-19 -3.39223 -7.87271)
(-4.61015e-25 14.4076 30.9664)
(5.24226e-24 18.1044 27.9037)
(2.57159e-23 13.4945 27.7715)
(6.74004e-23 14.34 25.4846)
(1.05619e-22 12.2927 24.5729)
(-7.43675e-23 11.8003 23.0423)
(-1.03999e-21 10.6982 21.8855)
(-3.31615e-21 9.9598 20.6495)
(-6.03586e-21 9.1589 19.5269)
(-5.36804e-21 8.44637 18.4034)
(5.6924e-21 7.69272 17.2104)
(3.44373e-20 6.80375 15.7159)
(8.14079e-20 5.5593 13.5388)
(1.32509e-19 3.76091 10.2619)
(1.65716e-19 1.55462 6.03462)
(1.78918e-19 -0.389442 1.97391)
(1.89902e-19 -1.72348 -1.08536)
(1.96981e-19 -2.93656 -3.60028)
(2.01346e-19 -3.90265 -5.10365)
(2.08756e-19 -2.70044 -4.58082)
(-6.44283e-25 11.2073 28.4905)
(-1.15068e-24 16.8818 24.8883)
(1.20035e-23 11.9002 25.2918)
(6.56889e-23 12.499 23.6064)
(1.68346e-22 10.7424 22.8828)
(2.00778e-22 10.0386 21.818)
(-2.19869e-22 9.00483 20.93)
(-1.60089e-21 8.18513 20.012)
(-3.95061e-21 7.36581 19.1428)
(-6.0249e-21 6.62072 18.2811)
(-5.27383e-21 5.90214 17.4059)
(1.12143e-21 5.20078 16.4557)
(1.47486e-20 4.50202 15.365)
(3.44719e-20 3.82653 14.0569)
(5.50928e-20 3.20944 12.4409)
(6.92484e-20 2.63612 10.4692)
(7.48405e-20 2.02592 8.12197)
(7.72124e-20 1.29092 5.203)
(7.82154e-20 0.265837 1.71801)
(5.31937e-20 -0.534983 -0.761784)
(-2.95204e-25 2.57507 17.0231)
(-1.31727e-24 8.03719 13.6063)
(8.3971e-25 5.16321 14.4594)
(1.97389e-23 4.99048 14.0598)
(7.5066e-23 4.07724 14.0133)
(1.62898e-22 3.52335 13.832)
(1.78413e-22 2.95698 13.6666)
(-1.71863e-22 2.49619 13.4711)
(-1.35334e-21 2.10012 13.2651)
(-3.76452e-21 1.7848 13.0536)
(-7.35194e-21 1.54985 12.8476)
(-1.14058e-20 1.39818 12.6473)
(-1.48197e-20 1.32381 12.4382)
(-1.66488e-20 1.32514 12.1861)
(-1.64765e-20 1.41041 11.8482)
(-1.4439e-20 1.54641 11.4187)
(-1.11078e-20 1.75929 10.8646)
(-7.19603e-21 2.3509 9.90826)
(-3.39117e-21 2.53185 8.51129)
(-5.37619e-22 -0.244087 6.45282)
(3.1269e-25 -2.57504 17.023)
(1.37976e-24 -8.03719 13.6062)
(-9.27421e-25 -5.16321 14.4593)
(-2.07397e-23 -4.9905 14.0597)
(-7.82489e-23 -4.07728 14.0132)
(-1.68697e-22 -3.52341 13.8318)
(-1.83078e-22 -2.95707 13.6665)
(1.80192e-22 -2.49631 13.471)
(1.39413e-21 -2.10029 13.2649)
(3.85393e-21 -1.78502 13.0535)
(7.48402e-21 -1.55012 12.8474)
(1.15429e-20 -1.39847 12.6471)
(1.49124e-20 -1.32405 12.4379)
(1.66778e-20 -1.32526 12.1855)
(1.64745e-20 -1.41038 11.8474)
(1.44581e-20 -1.54625 11.4178)
(1.11592e-20 -1.75903 10.8638)
(7.24547e-21 -2.35059 9.9076)
(3.41504e-21 -2.53148 8.51083)
(5.43547e-22 0.244219 6.45241)
(6.74507e-25 -11.2071 28.4903)
(1.27697e-24 -16.8818 24.888)
(-1.22857e-23 -11.9001 25.2915)
(-6.80266e-23 -12.4989 23.606)
(-1.74214e-22 -10.7423 22.8823)
(-2.06701e-22 -10.0385 21.8175)
(2.28257e-22 -9.00475 20.9294)
(1.64666e-21 -8.18506 20.0115)
(4.04779e-21 -7.36574 19.1422)
(6.15661e-21 -6.62066 18.2804)
(5.39681e-21 -5.9021 17.4052)
(-1.03265e-21 -5.20087 16.4552)
(-1.46595e-20 -4.50248 15.3648)
(-3.4325e-20 -3.82767 14.0574)
(-5.49414e-20 -3.21134 12.4423)
(-6.93087e-20 -2.63848 10.4716)
(-7.52518e-20 -2.02825 8.12487)
(-7.78882e-20 -1.29314 5.20575)
(-7.92594e-20 -0.268127 1.72047)
(-5.44907e-20 0.533898 -0.761138)
(4.82421e-25 -14.4074 30.9659)
(-5.26514e-24 -18.104 27.9033)
(-2.63704e-23 -13.4941 27.771)
(-6.9513e-23 -14.3395 25.4842)
(-1.07258e-22 -12.2922 24.5725)
(8.42041e-23 -11.7997 23.0419)
(1.08569e-21 -10.6975 21.8852)
(3.4218e-21 -9.95901 20.6493)
(6.181e-21 -9.158 19.5268)
(5.44469e-21 -8.44527 18.4033)
(-5.84068e-21 -7.69126 17.2099)
(-3.48692e-20 -6.80163 15.7147)
(-8.20778e-20 -5.55624 13.5362)
(-1.33757e-19 -3.75752 10.2586)
(-1.68603e-19 -1.55306 6.03401)
(-1.83756e-19 0.38774 1.97825)
(-1.94907e-19 1.72064 -1.08014)
(-2.01382e-19 2.9348 -3.59756)
(-2.0753e-19 3.90014 -5.10003)
(-2.17793e-19 2.69819 -4.57407)
(2.54521e-25 -15.8544 32.0251)
(-8.90456e-24 -18.7674 28.8929)
(-2.90718e-23 -14.6326 28.6179)
(-3.27316e-23 -15.8305 26.0042)
(1.24739e-23 -13.5366 25.1514)
(2.66052e-22 -13.4802 23.3176)
(1.23526e-21 -12.2538 22.1587)
(3.54282e-21 -11.7478 20.7513)
(6.63486e-21 -10.9627 19.575)
(7.03331e-21 -10.3837 18.3549)
(-2.26276e-21 -9.71342 17.122)
(-2.93675e-20 -8.95321 15.6357)
(-7.7897e-20 -7.85268 13.6133)
(-1.4004e-19 -6.17131 10.6518)
(-1.95541e-19 -3.77839 6.66367)
(-2.29456e-19 -1.11948 2.38415)
(-2.26731e-19 1.02368 -0.362622)
(-1.19047e-19 0.40068 -0.864607)
(-1.23105e-19 3.72439 -4.29444)
(-3.17326e-19 3.39307 -7.87058)
(5.50421e-25 -16.2344 31.775)
(-1.57293e-23 -19.204 29.6106)
(-3.8267e-23 -15.1298 28.7265)
(-1.50568e-23 -16.3457 25.9622)
(1.13307e-22 -14.0323 25.0546)
(4.30835e-22 -14.1067 23.0289)
(1.18816e-21 -12.8581 21.769)
(2.84044e-21 -12.3854 20.1897)
(5.38257e-21 -11.6133 18.8456)
(7.18775e-21 -11.0264 17.452)
(4.51881e-21 -10.3935 16.0773)
(-7.03629e-21 -9.73598 14.5951)
(-2.96254e-20 -8.93302 12.9051)
(-6.03211e-20 -7.88057 10.8593)
(-9.04473e-20 -6.44227 8.41559)
(-1.09581e-19 -4.72722 5.69822)
(-1.1272e-19 -2.78517 3.12924)
(-1.05376e-19 -0.925811 0.250535)
(-1.28287e-19 1.81219 -2.83023)
(-3.01991e-19 2.43873 -6.58551)
(-4.98211e-26 -15.8671 30.1932)
(1.7334e-25 -19.0111 29.6898)
(-1.44328e-23 -15.0747 27.984)
(3.58189e-23 -15.8879 25.1369)
(2.21335e-22 -13.7887 24.0943)
(5.50596e-22 -13.6941 22.0282)
(1.06391e-21 -12.507 20.6483)
(1.76922e-21 -11.9204 18.9892)
(2.52021e-21 -11.1243 17.5099)
(3.32679e-21 -10.4337 16.0007)
(4.96878e-21 -9.73143 14.5161)
(8.11721e-21 -9.02813 13.0278)
(1.02325e-20 -8.29591 11.5262)
(4.02173e-21 -7.51041 9.98238)
(-1.8624e-20 -6.60837 8.37309)
(-5.87559e-20 -5.57793 6.63694)
(-1.07075e-19 -4.31219 4.7789)
(-1.56646e-19 -2.91349 2.62914)
(-2.07135e-19 -0.853117 0.283968)
(-1.7874e-19 0.523842 -3.18088)
(3.50734e-24 -15.2998 28.7004)
(-4.04231e-23 -18.4439 29.2622)
(-8.07263e-23 -14.7743 27.1364)
(-6.96835e-23 -15.2232 24.2248)
(1.19644e-22 -13.2649 23.133)
(5.36239e-22 -13.0584 21.0558)
(1.18509e-21 -11.8604 19.6289)
(3.05065e-21 -11.2136 17.9201)
(8.82001e-21 -10.367 16.3974)
(1.98547e-20 -9.65127 14.8995)
(3.0212e-20 -8.97882 13.5028)
(2.8452e-20 -8.37313 12.1823)
(1.54062e-20 -7.81052 10.8895)
(1.7417e-20 -7.24846 9.58652)
(7.2347e-20 -6.64918 8.25314)
(2.0143e-19 -5.9856 6.9494)
(3.84686e-19 -5.25857 5.82739)
(5.4412e-19 -4.51405 4.95628)
(5.71974e-19 -3.35957 4.03361)
(2.67917e-19 -1.60847 1.45575)
(-8.33821e-24 -15.0215 28.0198)
(4.14002e-23 -17.6751 28.4593)
(7.98372e-23 -14.2484 26.3017)
(1.61585e-22 -14.5358 23.4499)
(2.68146e-22 -12.4571 22.3914)
(4.8533e-22 -12.2224 20.2094)
(1.48335e-21 -10.7589 18.8388)
(2.75645e-21 -10.0644 17.0623)
(-1.09747e-21 -8.9561 15.5766)
(-1.23989e-20 -8.06849 13.9365)
(-9.4287e-21 -7.06727 12.2451)
(3.95326e-20 -6.16755 10.4575)
(9.84275e-20 -5.41105 8.79707)
(6.22177e-20 -4.89846 7.45345)
(-1.01482e-19 -4.69288 6.63331)
(-2.45087e-19 -4.93872 6.65592)
(-4.54966e-20 -5.66622 7.52807)
(6.18954e-19 -6.32333 8.90924)
(1.34287e-18 -6.64798 9.61249)
(1.11481e-18 -4.78811 8.01911)
(1.41901e-23 -15.5525 28.992)
(1.44728e-22 -17.1957 28.6442)
(3.41287e-23 -14.2865 26.7853)
(-5.38655e-23 -14.1039 24.4511)
(4.57482e-22 -12.2115 23.3766)
(2.64936e-21 -11.6661 21.6171)
(1.69704e-21 -10.2472 20.4835)
(-2.38859e-20 -9.34698 18.9949)
(-8.86054e-20 -7.95623 17.4515)
(-1.53154e-19 -6.51671 15.3461)
(-1.23111e-19 -4.76859 12.8378)
(3.74961e-20 -3.04119 10.1156)
(1.30022e-19 -1.4326 7.53909)
(-4.09284e-19 -0.105383 5.28105)
(-2.21777e-18 0.806647 3.56348)
(-4.8482e-18 0.92895 2.98267)
(-6.17637e-18 -0.330836 4.48435)
(-4.63516e-18 -3.16791 8.09588)
(-1.92112e-18 -6.25416 11.7271)
(-1.23502e-18 -5.42015 10.8098)
(1.53026e-22 -16.9853 31.5915)
(-2.24026e-21 -17.9229 29.9062)
(-2.86973e-21 -15.2662 28.5394)
(-1.15699e-21 -15.1647 26.5689)
(8.64838e-21 -13.4486 25.5207)
(2.65765e-20 -12.9875 24.0071)
(2.14953e-20 -11.7645 23.0167)
(-2.79925e-20 -11.0072 21.622)
(-1.36509e-19 -9.66837 20.0158)
(-2.59705e-19 -8.21848 17.718)
(-2.91517e-19 -6.34319 15.0006)
(-1.94357e-19 -4.44952 12.0797)
(-9.26002e-20 -2.54107 9.25081)
(-1.71872e-19 -0.705771 6.45816)
(-5.64042e-19 1.00096 3.82562)
(-1.35125e-18 2.41872 1.51793)
(-1.62598e-18 3.68104 -0.838974)
(2.99331e-18 4.45525 -2.94926)
(1.81731e-17 3.55052 -2.65408)
(3.05974e-17 0.670878 0.458583)
(-1.63806e-21 -17.3329 31.5959)
(1.3294e-20 -19.8891 32.4904)
(1.98621e-20 -16.3378 29.8228)
(1.99928e-20 -16.4403 27.7189)
(-3.49659e-21 -14.7731 26.6836)
(-8.88655e-20 -14.5565 25.0663)
(-1.3071e-19 -13.4437 24.0394)
(-1.52409e-19 -12.9599 22.5968)
(-1.98126e-19 -11.8866 21.0837)
(-2.55902e-19 -10.8041 18.9916)
(-2.72386e-19 -9.2742 16.561)
(-2.28313e-19 -7.62746 13.8256)
(-1.70133e-19 -5.83474 11.0235)
(-1.11819e-19 -3.98626 8.10519)
(8.09143e-20 -2.06531 5.0235)
(2.77233e-19 0.140209 1.59944)
(-2.9151e-18 2.3186 -1.55178)
(-1.16006e-17 2.10012 -2.62586)
(5.52819e-18 4.88377 -5.62864)
(9.13535e-17 4.00863 -8.20558)
(9.71978e-21 -15.5803 27.4732)
(-6.78055e-20 -20.9982 33.9798)
(-1.07354e-19 -17.5187 30.4904)
(-1.10438e-19 -16.8065 27.4347)
(4.98046e-21 -15.3498 26.0076)
(4.07173e-19 -14.9999 24.2833)
(6.54965e-19 -14.0943 22.9732)
(6.99908e-19 -13.5711 21.4359)
(6.49619e-19 -12.7838 19.8994)
(5.23378e-19 -11.9748 18.1011)
(3.42427e-19 -10.9543 16.1222)
(2.22182e-19 -9.80395 13.9638)
(2.41772e-19 -8.51855 11.7129)
(2.62966e-19 -7.13897 9.39324)
(-2.86615e-20 -5.64114 7.03413)
(-8.90126e-19 -4.04952 4.59507)
(-2.919e-18 -2.27194 2.2226)
(-4.08475e-18 -0.474845 -0.554724)
(1.1306e-17 2.13534 -3.39568)
(9.33394e-17 2.79691 -7.19966)
(-3.96939e-20 -12.858 22.0634)
(2.80033e-19 -20.4311 33.384)
(4.52345e-19 -18.108 30.7437)
(4.89051e-19 -16.4697 26.8039)
(9.33191e-20 -14.9556 24.7323)
(-1.24239e-18 -14.3315 22.9123)
(-2.36361e-18 -13.4849 21.4357)
(-2.92177e-18 -12.8155 19.8633)
(-3.3379e-18 -12.0563 18.3133)
(-3.6022e-18 -11.2783 16.6809)
(-3.64683e-18 -10.4225 14.9823)
(-3.90567e-18 -9.49114 13.2166)
(-4.76724e-18 -8.47924 11.409)
(-5.33459e-18 -7.40308 9.57738)
(-3.38455e-18 -6.24332 7.74717)
(3.23769e-18 -5.03078 5.87946)
(1.54017e-17 -3.65124 3.97463)
(3.51742e-17 -2.1695 1.68761)
(6.32212e-17 0.170124 -0.948594)
(6.58967e-17 1.46141 -4.75904)
(8.21692e-20 -10.6832 18.1804)
(-5.84283e-19 -19.2543 32.1497)
(-1.15485e-18 -17.9961 30.5968)
(-1.42714e-18 -15.9246 26.3213)
(-1.26916e-18 -14.2888 23.7724)
(-1.37739e-18 -13.4782 21.8734)
(2.64192e-18 -12.6418 20.352)
(6.34178e-18 -11.9121 18.81)
(1.05641e-17 -11.1469 17.3012)
(1.49812e-17 -10.382 15.7922)
(1.90848e-17 -9.60267 14.2977)
(2.46311e-17 -8.80741 12.8246)
(3.39799e-17 -7.99356 11.3831)
(4.3661e-17 -7.16755 9.96693)
(4.27722e-17 -6.30023 8.56626)
(2.05237e-17 -5.41096 7.13193)
(-2.18696e-17 -4.38214 5.66878)
(-6.14342e-17 -3.32033 3.99058)
(-4.55086e-17 -1.52282 1.93439)
(-3.07423e-17 0.108012 -1.87269)
(1.19015e-19 -9.65079 16.4497)
(-2.74488e-18 -18.3287 31.3161)
(-1.08829e-18 -17.4779 29.9984)
(9.31994e-19 -15.3062 25.7138)
(1.08723e-17 -13.6394 22.9248)
(4.78491e-17 -12.7444 20.9509)
(3.39031e-17 -11.9411 19.4207)
(1.76971e-17 -11.2473 17.9526)
(-4.57224e-18 -10.5483 16.5468)
(-3.40706e-17 -9.87182 15.1864)
(-7.23124e-17 -9.21465 13.8741)
(-1.23881e-16 -8.57524 12.5995)
(-1.97152e-16 -7.94239 11.3299)
(-2.85816e-16 -7.3056 10.0409)
(-3.55971e-16 -6.65901 8.76866)
(-3.57124e-16 -6.0438 7.6106)
(-2.81627e-16 -5.42194 6.72333)
(-2.16727e-16 -4.85001 6.0269)
(-1.85165e-16 -3.76359 5.19787)
(-7.51653e-17 -1.72693 1.58565)
(-1.16476e-18 -9.76291 16.8989)
(3.59319e-17 -17.6266 30.8168)
(3.1793e-17 -16.8126 29.0491)
(2.14777e-17 -14.6877 24.9002)
(-5.38393e-17 -13.025 21.9502)
(-3.49285e-16 -12.0623 19.9017)
(-2.86588e-16 -11.2914 18.3883)
(-2.63294e-16 -10.6711 16.9938)
(-1.87274e-16 -10.0712 15.6467)
(-5.21874e-17 -9.50525 14.2877)
(1.80758e-16 -8.95168 12.8871)
(5.1613e-16 -8.3917 11.4176)
(9.42072e-16 -7.83644 9.91965)
(1.4163e-15 -7.33844 8.57862)
(1.86009e-15 -7.00226 7.68825)
(2.05403e-15 -6.91763 7.58715)
(1.70118e-15 -7.09489 8.32048)
(7.78778e-16 -7.24713 9.44596)
(-2.67854e-16 -6.80706 9.87213)
(-6.38496e-16 -4.64882 7.15481)
(8.68889e-18 -10.9205 18.9036)
(-2.32489e-16 -16.581 29.4384)
(-2.18449e-16 -15.1762 26.5299)
(-1.98266e-16 -13.3719 23.1265)
(4.00644e-17 -11.9574 20.5438)
(1.69964e-15 -10.8837 18.5573)
(1.2993e-15 -9.90855 16.8831)
(1.78692e-15 -9.00213 15.1664)
(1.79938e-15 -8.07738 13.3903)
(1.47374e-15 -7.18437 11.5509)
(1.07072e-15 -6.32906 9.72641)
(3.09993e-16 -5.62345 8.08934)
(-4.22555e-16 -5.16789 6.89843)
(3.55328e-16 -5.1816 6.60266)
(1.93228e-15 -5.89172 7.54663)
(3.45711e-15 -7.13181 9.61377)
(3.8846e-15 -8.69703 12.3505)
(2.55637e-15 -9.78565 14.9395)
(1.27309e-15 -9.95869 15.667)
(1.13348e-15 -7.22303 12.6155)
(-5.3444e-17 -12.7673 22.1116)
(1.22408e-15 -17.9267 31.1124)
(1.06427e-15 -15.2855 26.849)
(1.275e-15 -12.8751 23.2361)
(1.75433e-15 -11.5843 21.519)
(2.48524e-15 -10.4418 20.0646)
(1.34922e-15 -9.10699 18.3237)
(1.00008e-15 -7.66114 16.3143)
(-3.05079e-16 -6.13229 14.1572)
(-2.8714e-15 -4.60077 11.9383)
(-6.62749e-15 -3.12365 9.78911)
(-9.76424e-15 -1.80346 7.85532)
(-9.63067e-15 -0.747367 6.29479)
(-5.97423e-15 -0.161123 5.35014)
(-1.80574e-15 -0.425568 5.52552)
(5.00499e-16 -1.96371 7.49114)
(1.31496e-15 -4.77635 11.3277)
(1.50832e-15 -7.99188 15.7054)
(1.38483e-15 -10.1207 17.9318)
(1.14254e-15 -7.44135 14.0238)
(-7.18151e-17 -11.0201 18.7338)
(1.42403e-15 -18.9478 30.5343)
(1.32726e-15 -18.9523 30.2871)
(1.34868e-15 -16.5794 27.0168)
(1.66455e-15 -14.3907 24.3351)
(2.04585e-15 -12.7336 22.4161)
(1.11101e-15 -11.22 20.6221)
(3.72287e-16 -9.64344 18.6169)
(-1.36033e-15 -7.97778 16.4843)
(-4.49333e-15 -6.29584 14.2956)
(-8.92054e-15 -4.59247 12.0897)
(-1.29567e-14 -2.88201 9.85023)
(-1.42977e-14 -1.15435 7.5382)
(-1.30429e-14 0.560761 5.14369)
(-1.18731e-14 2.03364 2.98197)
(-1.10429e-14 2.74024 1.80548)
(-7.93186e-15 2.10893 2.37617)
(-3.3069e-15 -0.108771 4.88045)
(-4.42056e-16 -3.01016 7.97794)
(3.3158e-16 -3.30308 7.14726)
(-1.55699e-17 -6.04776 10.4816)
(8.06544e-17 -14.8554 23.1975)
(-4.53428e-16 -19.765 30.1156)
(-6.80492e-16 -21.4051 32.2088)
(-5.12242e-16 -20.8803 31.1158)
(-4.19284e-16 -19.5715 28.7533)
(-9.09003e-16 -17.9464 26.1218)
(-1.37174e-15 -16.4357 23.7342)
(-1.9968e-15 -14.9726 21.4438)
(-3.00891e-15 -13.4907 19.2206)
(-4.59888e-15 -11.9771 17.0142)
(-6.54157e-15 -10.4176 14.7912)
(-8.19453e-15 -8.79445 12.5423)
(-9.03697e-15 -7.10536 10.2582)
(-9.22799e-15 -5.35165 7.96956)
(-9.17405e-15 -3.62076 5.75198)
(-8.53545e-15 -1.96977 3.70896)
(-6.33361e-15 -0.886097 2.0988)
(-3.27398e-15 -0.32082 1.73721)
(-3.10998e-16 1.03052 -1.21435)
)
;

boundaryField
{
    outletWall
    {
        type            zeroGradient;
    }
    fineWalls
    {
        type            noSlip;
    }
    fineFrontAndBack
    {
        type            zeroGradient;
    }
    fineplugLeft
    {
        type            cyclicAMI;
        value           nonuniform List<vector> 
20
(
(-1.3045e-15 0.627368 0.290156)
(2.45834e-15 1.58064 2.86816)
(5.42635e-15 2.27009 3.33018)
(7.63633e-15 3.1834 4.79188)
(8.2979e-15 4.53937 6.55651)
(8.31249e-15 5.94256 8.46074)
(8.0665e-15 7.36126 10.427)
(7.32653e-15 8.72395 12.399)
(5.89048e-15 10.0323 14.3487)
(4.28191e-15 11.2884 16.2776)
(2.95847e-15 12.4967 18.1828)
(2.0648e-15 13.6699 20.0739)
(1.48105e-15 14.8534 21.95)
(9.85442e-16 16.1423 24.1206)
(6.46846e-16 16.6401 25.5199)
(6.58598e-16 17.6279 27.1238)
(7.21029e-16 18.1419 27.537)
(3.01841e-16 16.9458 25.2291)
(-4.64169e-16 13.1652 19.0637)
(-6.45508e-16 6.05802 8.29442)
)
;
    }
    fineplugRight
    {
        type            cyclicAMI;
        value           nonuniform List<vector> 
20
(
(5.44678e-16 -0.882058 0.683079)
(-2.07595e-15 -2.00635 3.25587)
(-4.68614e-15 -2.46752 3.60002)
(-6.60743e-15 -3.35755 4.98054)
(-7.2417e-15 -4.69717 6.70563)
(-7.40655e-15 -6.09617 8.57854)
(-7.35289e-15 -7.51064 10.5139)
(-6.73475e-15 -8.86841 12.4547)
(-5.42857e-15 -10.1718 14.3766)
(-3.86835e-15 -11.4238 16.2834)
(-2.58298e-15 -12.6292 18.1727)
(-1.75464e-15 -13.8001 20.0544)
(-1.2211e-15 -14.9834 21.929)
(-7.33252e-16 -16.282 24.1079)
(-2.92989e-16 -16.7921 25.4706)
(-2.70159e-16 -17.7683 27.0217)
(-2.94856e-16 -18.2196 27.3073)
(1.04843e-16 -16.9008 24.7873)
(7.84114e-16 -12.9894 18.4404)
(8.38259e-16 -5.89971 7.71045)
)
;
    }
    inletOutletLeft
    {
        type            cyclicAMI;
        value           nonuniform List<vector> 
20
(
(-1.3045e-15 0.627368 0.290156)
(2.45834e-15 1.58064 2.86816)
(5.42635e-15 2.27009 3.33018)
(7.63633e-15 3.1834 4.79188)
(8.2979e-15 4.53937 6.55651)
(8.31249e-15 5.94256 8.46074)
(8.0665e-15 7.36126 10.427)
(7.32653e-15 8.72395 12.399)
(5.89048e-15 10.0323 14.3487)
(4.28191e-15 11.2884 16.2776)
(2.95847e-15 12.4967 18.1828)
(2.0648e-15 13.6699 20.0739)
(1.48105e-15 14.8534 21.95)
(9.85442e-16 16.1423 24.1206)
(6.46846e-16 16.6401 25.5199)
(6.58598e-16 17.6279 27.1238)
(7.21029e-16 18.1419 27.537)
(3.01841e-16 16.9458 25.2291)
(-4.64169e-16 13.1652 19.0637)
(-6.45508e-16 6.05802 8.29442)
)
;
    }
    inletLeft
    {
        type            fixedValue;
        value           uniform (0 -8.7 15);
    }
    inletWallsLeft
    {
        type            noSlip;
    }
    inletFacesLeft
    {
        type            zeroGradient;
    }
    inletOutletRight
    {
        type            cyclicAMI;
        value           nonuniform List<vector> 
20
(
(5.44678e-16 -0.882058 0.683079)
(-2.07595e-15 -2.00635 3.25587)
(-4.68614e-15 -2.46752 3.60002)
(-6.60743e-15 -3.35755 4.98054)
(-7.2417e-15 -4.69717 6.70563)
(-7.40655e-15 -6.09617 8.57854)
(-7.35289e-15 -7.51064 10.5139)
(-6.73475e-15 -8.86841 12.4547)
(-5.42857e-15 -10.1718 14.3766)
(-3.86835e-15 -11.4238 16.2834)
(-2.58298e-15 -12.6292 18.1727)
(-1.75464e-15 -13.8001 20.0544)
(-1.2211e-15 -14.9834 21.929)
(-7.33252e-16 -16.282 24.1079)
(-2.92989e-16 -16.7921 25.4706)
(-2.70159e-16 -17.7683 27.0217)
(-2.94856e-16 -18.2196 27.3073)
(1.04843e-16 -16.9008 24.7873)
(7.84114e-16 -12.9894 18.4404)
(8.38259e-16 -5.89971 7.71045)
)
;
    }
    inletRight
    {
        type            fixedValue;
        value           uniform (0 8.7 15);
    }
    inletWallsRight
    {
        type            noSlip;
    }
    inletFacesRight
    {
        type            zeroGradient;
    }
}


// ************************************************************************* //
