/*--------------------------------*- C++ -*----------------------------------*\
| =========                 |                                                 |
| \\      /  F ield         | OpenFOAM: The Open Source CFD Toolbox           |
|  \\    /   O peration     | Version:  4.1                                   |
|   \\  /    A nd           | Web:      www.OpenFOAM.org                      |
|    \\/     M anipulation  |                                                 |
\*---------------------------------------------------------------------------*/
FoamFile
{
    version     2.0;
    format      ascii;
    class       surfaceScalarField;
    location    "19";
    object      phi;
}
// * * * * * * * * * * * * * * * * * * * * * * * * * * * * * * * * * * * * * //

dimensions      [0 3 -1 0 0 0 0];

internalField   nonuniform List<scalar> 
2360
(
44198.9
49479.4
-5280.56
49479.4
49479.4
56311.7
-6832.29
56311.7
56311.7
56311.7
66341.8
-10030
66341.8
66341.8
80730.6
-14388.9
80730.6
80730.6
102743
-22012.9
102743
102743
134106
-31362.3
134106
134106
145553
161766
178305
194144
209178
223305
201664
35199.3
214044
225364
235611
244783
252871
259874
265793
270643
274465
277333
279264
280314
280907
148635
132271
148635
148635
148635
41352.9
107283
41352.9
41352.9
41352.9
10011.9
31341
10011.9
10011.9
-5040.05
15051.9
-5040.06
-5040.06
-5040.07
-94106.2
89066.1
-94106.2
-94106.2
-94106.2
-244287
150181
-242322
-238701
-234303
-229231
-223556
-217291
-210452
-203028
-194990
-186280
-176820
-166518
-155283
-196415
53430.4
-183461
-169431
-154502
-139068
-124522
-115717
-115717
-115717
-74258.1
-41459.2
-74258.1
-74258.1
-40882.4
-33375.6
-40882.4
-40882.4
-13479.8
-27402.6
-13479.8
-13479.8
9775.97
-23255.8
9775.98
9775.97
9775.98
33868.3
-24092.3
33868.3
33868.3
60204.5
-26336.2
-32734.7
90210.1
-27236.7
-40572.6
-32372.1
-95128.8
-39343.9
-92107.6
-29252.6
-45762.4
-15605.2
42891.1
-10525.1
101752
-6876.68
122368
-3220
125517
990.213
115118
4792.48
99701.5
9923.42
74453.8
18531.7
-7897.82
26676.2
-32861.7
30061.5
-24022.3
29711.2
7203.3
28551.9
29451.7
28692.6
25305.9
12015.6
-35658.9
84708.1
-39466.3
-36765.2
-53961.2
-80633.9
-61340.1
-84728.7
-41011.8
-66090.7
-15783.1
17662.4
-10772.2
96740.6
-8597.95
120194
-4967.1
121886
-805.558
110956
3001.13
95894.8
11907.6
65547.3
24905.3
-20895.5
36758.5
-44714.9
42521.5
-29785.2
39042.4
10682.3
31706.1
36788
26891.1
30120.8
14814.4
-42947.5
83051.6
-53824.4
-25888.2
-68662
-65796.4
-73573
-79817.6
-55576.2
-84087.5
-22219.9
-15694
-10838.9
85359.6
-10765
120120
-7929.62
119051
-3931.9
106959
-696.186
92659.1
11161.6
53689.5
26955.2
-36689.1
39500.6
-57260.3
47650.1
-37934.8
46074.6
12257.9
36742.9
46119.7
28323.6
38540.2
19882.2
-51181.7
85833.6
-66593.4
-10476.5
-78760.5
-53629.4
-80774
-77804.1
-67106.4
-97755
-33374.8
-49425.6
-14100.7
66085.5
-12823.5
118843
-11831.3
118058
-8152.21
103280
-6306.6
90813.4
7624.59
39758.3
22415.6
-51480.1
30399.3
-65244
39112.7
-46648.1
43082.8
8287.7
37995.7
51206.9
31331.8
45204
23811.4
-57493.2
91883.7
-74224.9
6255.22
-80854.5
-46999.7
-78328.8
-80329.8
-68888
-107196
-44667.9
-73645.7
-22699.4
44116.9
-16260
112403
-16574.6
118373
-17684.7
104390
-16682.3
89811
-1842.84
24918.9
4668.61
-57991.5
5129.18
-65704.6
12332
-53851
24041.7
-3422
30049.4
45199.2
30600.4
44653
21036.2
-60630.8
99252.7
-75140.6
20765
-75792.3
-46348.1
-70205.3
-85916.7
-65348.5
-112053
-54210.5
-84783.7
-35588.5
25494.9
-23599.6
100414
-22493.5
117267
-25345.8
107242
-24075.4
88540.6
-16513.6
17357.1
-21001.6
-53503.5
-25770.8
-60935.4
-22427
-57194.7
-4812.58
-21036.4
11595.4
28791.1
23473.9
32774.6
3050.8
-60893
106467
-72405
32277
-70186.8
-48566.3
-65292.8
-90810.8
-65150.2
-112195
-64336.7
-85597.1
-51010.7
12168.9
-36204.2
85607.9
-31614.6
112677
-33206.9
108834
-31535.6
86869.2
-33648.6
19470.2
-47257.9
-39894.3
-55943
-52250.3
-57401.9
-55735.8
-42152.5
-36285.9
-12512.9
-848.467
-2400.12
22661.8
54081.1
-59718.4
113137
-70016.7
42575.3
-68824.5
-49758.5
-67178
-92457.3
-71523.3
-107850
-77122.5
-79997.9
-68484.7
3531.1
-54286.9
71410.1
-46886.3
105277
-46657.7
108606
-46857.2
87068.8
-57583.3
30196.3
-74368.3
-23109.3
-84412.3
-42206.4
-94568.1
-45579.9
-103474
-27380.1
-108765
4442.36
-125374
39271.2
78887.8
-58031.2
119399
-68956.3
53500.4
-70657.5
-48057.3
-72512.1
-90602.6
-80949.5
-99412.5
-90544.2
-70403.2
-85449.3
-1563.84
-73243.6
59204.5
-64498.4
96531.7
-63072.1
107179
-68871.6
92868.4
-85431.9
46756.5
-99128
-9413.11
-105392
-35942
-115452
-35520.6
-127093
-15738.4
-130975
8324.36
-121066
29362.3
46887.5
-56023.1
125336
-68077.6
65554.9
-72516.9
-43617.9
-77273.6
-85846
-89788.4
-86897.7
-103138
-57053.7
-101225
-3476.42
-91081.9
49061
-83558.2
89007.9
-84718
108339
-94614.6
102765
-106806
58948
-111283
-4936.56
-112956
-34268.5
-117907
-30569.5
-119931
-13715.1
-108867
-2739.34
-75560.1
-3944.49
-13620.7
-53674.6
130863
-66533.8
78414
-72994.7
-37156.9
-79890.2
-78950.5
-96289.4
-70498.5
-114133
-39210
-117599
-10.6512
-111878
43339.9
-107561
84691.5
-109751
110529
-113429
106442
-109977
55496.5
-105990
-8923.49
-111779
-28479.9
-120897
-21451
-123202
-11410.7
-112677
-13264.5
-83601.2
-33019.9
-65880.8
-51031.6
135860
-64096
91478.4
-71712.5
-29540.4
-79623.3
-71039.7
-98837
-51284.8
-120235
-17812
-129647
9401.08
-130487
44180.2
-129147
83351.7
-126093
107475
-113476
93824.9
-90862.8
32883.8
-80975.1
-18811.3
-93209.5
-16245.4
-113109
-1551.6
-127263
2743.44
-132797
-7730.77
-130631
-35186.1
-89228.9
-48237.4
140241
-60776.2
104017
-68473
-21843.6
-75735.6
-63777.2
-95721.8
-31298.6
-117950
4416.06
-130826
22277.4
-136808
50162.1
-136197
82741.1
-124173
95450.3
-94753.6
64405.7
-62512.9
643.068
-50969.7
-30354.4
-56936.4
-10278.7
-69232.9
10744.9
-77274.1
10784.7
-82257.5
-2747.36
-101805
-15638.5
-58762.8
-45437.7
144042
-56793.7
115373
-63336.8
-15300.5
-67871
-59243.1
-85838.6
-13331
-106877
25454.6
-121023
36423.2
-128746
57885.1
-125839
79834
-104561
74172.5
-65318.2
25162.7
-35930.1
-28745
-28467.8
-37816.7
-27296.2
-11450.4
-25264.3
8713.06
-16022.7
1543
86.7517
-18856.8
10039.9
-25591.6
-13523.6
-42841.1
147287
-52372.4
124905
-56697
-10975.9
-57217.8
-58722.3
-71369.4
820.638
-90739.4
44824.6
-105104
50788.3
-111990
64770.8
-104552
72396.3
-74549.2
44169.3
-35661
-13725.5
-16715.2
-47690.8
-13349.5
-41182.4
-8895.59
-15904.3
-1209.07
1026.54
5178.08
-4844.14
8385.52
-22064.2
18259.5
-35465.7
-26626.4
-40542.5
150111
-47980.3
132342
-49307.2
-9649.03
-45974.1
-62055.3
-56062.2
10908.7
-73472.6
62235
-87367.5
64683.2
-91877.8
69281.1
-77247
57765.5
-40159.3
7081.69
-11652.6
-42232.2
-6330.41
-53013
-4849.87
-42663
225.12
-20979.3
7305.59
-6053.93
12038.6
-9577.12
12231.5
-22257.1
16012.8
-39246.9
-32626.4
-38984.8
152319
-43494.1
136852
-41402.1
-11741
-35586.5
-67870.9
-42008.4
17330.6
-57065.7
77292.3
-69955.5
77572.9
-71070.7
70396.3
-49340.3
36035.1
-18905.7
-23352.9
-6314.85
-54823.1
-4606.65
-54721.2
-513.488
-46756.1
5428.69
-26921.4
10920.2
-11545.4
14959
-13616
14138.5
-21436.6
12774.2
-37882.6
-34241.1
-38585.5
153843
-39968.6
138235
-34382.6
-17327
-26841.3
-75412.2
-30368.5
20857.8
-42750.6
89674.4
-53863.6
88685.9
-52142.8
68675.5
-29155.8
13048.1
-10385.8
-42122.9
-5629.19
-59579.7
-2288.09
-58062.3
2390.48
-51434.7
8198.3
-32729.3
13168.6
-16515.7
15905.7
-16353.1
13332.4
-18863.3
10309
-34859.2
-33962.2
-38231.5
154528
-35749.9
135753
-28476.8
-24600.1
-20266.1
-83622.8
-20546.9
21138.6
-31440.2
100568
-41625.2
98870.9
-37856.7
64907
-18514.1
-6294.53
-7953.53
-52683.5
-4118.37
-63414.9
-179.563
-62001.1
3706.05
-55320.3
8383.64
-37406.9
12210.2
-20342.3
13256.5
-17399.4
10212.2
-15819
8301.81
-32948.8
-32492.7
-44075.5
-35207.6
-24812.4
-17621.6
-13232.2
-18767.8
-26553.7
-23910.8
-12934.4
-6963.61
-2847.78
827.612
4182.33
7375.08
9582.09
10294.1
8481.74
7839.23
3324.48
-14771.4
5643.98
-18533.1
7154.26
-18048.7
8321.4
-17006.7
9309.07
-16021.3
10141.2
-14959.6
10390.6
-13807.4
10562.2
-12551.3
10454.7
-11213
10049
-9840.7
9336.45
-8459.7
8323.13
-7074.69
6996.96
-5677.26
5329.3
-4251.38
3357.62
-2878.43
1325.38
-1789.35
-276.641
-1265.73
-851.857
-1355.79
-255.104
-1646.71
-848.35
225.134
-14996.5
-1371.81
-16936.1
-3209.73
-16210.8
-4936.08
-15280.4
-6630.06
-14327.3
-8226.94
-13362.7
-9757.74
-12276.6
-11256.4
-11052.7
-12743.2
-9726.19
-14254.7
-8329.24
-15794.4
-6920.03
-17306.3
-5562.8
-18674.8
-4308.77
-19692.2
-3233.92
-19982.4
-2588.26
-18979.3
-2792.47
-16162.9
-4082.13
-11433.2
-6085.48
-5498.38
-7581.58
-6346.73
-2378.71
-12617.8
-3990.06
-15324.8
-5272.02
-14928.9
-6558.64
-13993.8
-8094.94
-12791
-9787.69
-11669.9
-11460.5
-10603.9
-13001.9
-9511.31
-14381.2
-8346.89
-15571.5
-7138.92
-16532.5
-5959.01
-17173.7
-4921.63
-17309.4
-4173.11
-16632.5
-3910.82
-14853.9
-4366.88
-11943
-5703.32
-8300.67
-7724.5
-4658.09
-9728.06
-1853.28
-10386.4
-8200.01
-810.286
-11807.6
-605.694
-15529.4
-365.934
-15168.6
-194.02
-14165.7
-125.109
-12860
-167.969
-11627.1
-180.01
-10591.8
-8.74332
-9682.58
445.799
-8801.44
1225.35
-7918.48
2305.69
-7039.37
3593.9
-6209.85
4954.03
-5533.25
6213.76
-5170.56
7118.68
-5271.81
7311.26
-5895.9
6462.53
-6875.78
4562.08
-7827.61
2101.32
-7925.66
-6098.69
-0.546727
-11807
711.237
-16241.2
1424.11
-15881.5
2050.24
-14791.9
2681.09
-13490.8
3311.56
-12257.6
3976.35
-11256.6
4715.37
-10421.6
5584.4
-9670.48
6615.02
-8949.12
7814.17
-8238.53
9129.56
-7525.26
10404
-6807.73
11352.7
-6119.18
11626.1
-5545.25
10924.7
-5194.5
9158.19
-5109.28
6453.22
-5122.64
3331.92
-4804.36
-2766.76
572.231
-12379.3
1503.5
-17172.5
2177.85
-16555.9
2652.38
-15266.4
3104.13
-13942.6
3594.69
-12748.1
4126.93
-11788.9
4637.43
-10932.1
5099.52
-10132.6
5502.59
-9352.2
5859.62
-8595.56
6194.81
-7860.45
6531.57
-7144.48
6847.5
-6435.12
7032.56
-5730.3
6862.68
-5024.62
6103.69
-4350.29
4596.86
-3615.81
2416.63
-2624.12
-350.136
1179.28
-13558.5
2093.77
-18087
2618.7
-17080.8
2979.91
-15627.6
3407.16
-14369.8
3915.35
-13256.3
4497.32
-12370.9
5075.52
-11510.3
5611.65
-10668.7
6054.78
-9795.34
6367.29
-8908.07
6518.39
-8011.56
6495.91
-7122
6301.87
-6241.08
5943.38
-5371.82
5394.98
-4476.23
4584.25
-3539.56
3391.37
-2422.93
1726.9
-959.645
1376.76
1979.85
-15538.4
2719.37
-18826.5
3135.37
-17496.8
3549.28
-16041.5
4177.11
-14997.7
4943.13
-14022.4
5832.93
-13260.6
6743.1
-12420.5
7615.61
-11541.2
8347.33
-10527.1
8877.81
-9438.55
9160.65
-8294.39
9171.37
-7132.72
8883.87
-5953.59
8275.89
-4763.83
7324.68
-3525.02
6018.24
-2233.13
4297.43
-702.106
2240.23
1097.56
3616.99
2043.22
-17581.6
2071.07
-18854.3
2150.15
-17575.9
2437.74
-16329.1
3034.17
-15594.1
3817.26
-14805.5
4790.74
-14234.1
5816.98
-13446.8
6775.88
-12500.1
7490.85
-11242
7906.92
-9854.63
8004.49
-8391.96
7786.37
-6914.61
7215.83
-5383.06
6249.58
-3797.59
4888.36
-2163.81
3284.45
-629.229
1676.4
905.917
238.665
2535.28
3855.65
424.232
-18005.8
-557.511
-17872.6
-1255.35
-16878
-1772.18
-15812.3
-2118.29
-15248
-2353.39
-14570.4
-2479.43
-14108.1
-2584.78
-13341.4
-2788.44
-12296.4
-3189.64
-10840.8
-3784.6
-9259.68
-4528.74
-7647.81
-5384.17
-6059.18
-6322.65
-4444.57
-7275.31
-2844.93
-8067.81
-1371.31
-8349.81
-347.23
-7467.42
23.5275
-4750.85
-181.306
-895.195
-1141.17
-16864.7
-2226.86
-16786.9
-3367.48
-15737.4
-4592.74
-14587
-5840.58
-14000.1
-7205.65
-13205.3
-8650.08
-12663.7
-10168.5
-11823
-11715.2
-10749.8
-13260
-9295.99
-14791.3
-7728.36
-16285.6
-6153.54
-17662.7
-4682.08
-18692.5
-3414.8
-18934.9
-2602.52
-17810.1
-2496.06
-14953.4
-3203.93
-10363.3
-4566.58
-4623.11
-5921.53
-5518.31
-956.47
-15908.2
-1348.33
-16395
-1990.55
-15095.2
-2895.39
-13682.2
-3848.61
-13046.9
-5063.3
-11990.6
-6419.75
-11307.2
-7873.54
-10369.2
-9156.2
-9467.1
-10100.6
-8351.61
-10620.6
-7208.33
-10715.1
-6059
-10368.7
-5028.45
-9531.61
-4251.9
-8148.81
-3985.31
-6189.38
-4455.48
-3826.24
-5567.07
-1568.63
-6824.18
-208.092
-7282.05
-5726.4
178.737
-16086.9
544.338
-16760.6
850.487
-15401.3
1017.86
-13849.6
1185.68
-13214.7
1249.07
-12054
1238.84
-11297
1193.1
-10323.4
1251.76
-9525.75
1583.85
-8683.7
2283.32
-7907.8
3379.39
-7155.06
4808.85
-6457.91
6389.61
-5832.65
7733.52
-5329.22
8299
-5020.94
7641.98
-4910.04
5692.13
-4874.34
2898.46
-4488.38
-2827.93
652.403
-16739.3
933.449
-17041.7
1361.37
-15829.2
1800.5
-14288.7
2278.34
-13692.5
2777.68
-12553.3
3302.77
-11822
3865.33
-10886
4439.08
-10099.5
5042.49
-9287.09
5667.37
-8532.66
6311.17
-7798.85
6937.9
-7084.63
7473.83
-6368.57
7787.65
-5643.03
7657.31
-4890.59
6861.72
-4114.44
5214.08
-3226.69
2820.25
-2094.53
-7.67958
895.34
-17634.6
912.8
-17059.1
1310.29
-16226.7
1731.9
-14710.3
2219.58
-14180.2
2696.01
-13029.7
3218.62
-12344.6
3758.52
-11425.8
4334.49
-10675.5
4919.82
-9872.41
5503.76
-9116.59
6051.42
-8346.51
6522.88
-7556.08
6847.62
-6693.3
6927.1
-5722.5
6613.22
-4576.71
5811.07
-3312.29
4420.64
-1836.24
2390.73
-64.6118
2383.05
650.744
-18285.4
494.038
-16902.4
766.274
-16498.9
1088.26
-15032.2
1469.16
-14561.1
1901.36
-13461.9
2385.02
-12828.3
2928.8
-11969.6
3541.1
-11287.7
4228.78
-10560.1
4995.81
-9883.61
5807.29
-9157.98
6582.59
-8331.36
7163.65
-7274.35
7296.28
-5855.12
6704.97
-3985.38
5413.07
-2020.38
2886.69
690.161
1378.4
1443.71
3761.45
-184.445
-18100.9
-628.972
-16457.9
-840.263
-16287.6
-933.909
-14938.6
-1004.43
-14490.6
-930.617
-13535.7
-821.313
-12937.6
-595.956
-12195
-299.271
-11584.4
97.7623
-10957.1
571.903
-10357.7
1095.04
-9681.1
1579.78
-8816.1
1851.77
-7546.33
1605.36
-5608.71
615.63
-2995.64
-742.991
-661.694
275.2
-327.963
-436.836
2155.75
3324.61
-1499.26
-16601.7
-3063.5
-14893.6
-4332.02
-15019.1
-5326.05
-13944.6
-6236.7
-13579.9
-6898.62
-12873.8
-7470.48
-12365.7
-7873.87
-11791.6
-8178.25
-11280
-8363.67
-10771.7
-8450.35
-10271.1
-8424.3
-9707.14
-8261.53
-8978.88
-7884.09
-7923.76
-7136.68
-6356.11
-5842.61
-4289.71
-4223.19
-2281.1
-3707.01
-844.137
-2045.88
494.635
1278.73
-2166.17
-14435.5
-4666.59
-12393.2
-7128.7
-12557
-9242.13
-11831.1
-11263.9
-11558.1
-13003.2
-11134.5
-14566.7
-10802.2
-15908.4
-10449.9
-17068.7
-10119.7
-18047.3
-9793.07
-18844.3
-9474.03
-19407.9
-9143.56
-19615.9
-8770.93
-19224.4
-8315.24
-17841.5
-7738.96
-15110.9
-7020.34
-11222.3
-6169.68
-6952.14
-5114.31
-2868.72
-3588.78
-1589.99
-5335.48
-8628.65
-12085.6
-14816.8
-17274.8
-19309.3
-21011.5
-22361.4
-23381.1
-24074.2
-24448.2
-24491.8
-24162.7
-23377.9
-22016.9
-19937.2
-17006.9
-13021.2
-7510.01
-5335.27
14435.3
-8627.46
12392.2
-12083.2
12555.8
-14812.7
11829.5
-17268.8
11556.1
-19300.9
11132.1
-21000.4
10799.4
-22347
10446.7
-23363.1
10116.1
-24052.1
9789.01
-24421.5
9469.4
-24459.7
9138.14
-24124.5
8764.85
-23334.2
8309.65
-21970.3
7736.11
-19893.2
7022.93
-16973.7
6180.47
-13005.7
5132.01
-7510.8
3605.13
1589.2
-2165.6
16600.9
-4666.43
14893
-7128.53
15017.9
-9242.33
13943.3
-11264.6
13578.4
-13004.6
12872.1
-14569
12363.8
-15911.8
11789.5
-17073.4
11277.7
-18053.2
10768.8
-18850.6
10266.8
-19412.7
9700.22
-19615.2
8967.34
-19210
7904.47
-17803.3
6329.38
-15053.6
4273.27
-11171
2297.88
-6911.52
872.485
-2838.27
-468.123
-1249.07
-1498.33
18099.2
-3064.77
16459.5
-4335.42
16288.5
-5334.53
14942.4
-6250.49
14494.3
-6920.27
13541.9
-7501.09
12944.7
-7916.03
12204.4
-8234.56
11596.2
-8438.56
10972.8
-8548.91
10377.2
-8550.4
9701.71
-8417.31
8834.25
-8066.45
7553.61
-7335.12
5598.04
-6055.08
2993.23
-4506.03
748.834
-3388.53
-245.022
-1889.51
-1967.14
-3138.58
-196.087
18295.3
-644.519
16907.9
-862.544
16506.5
-961.591
15041.4
-1038.51
14571.3
-969.88
13473.3
-867.524
12842.3
-648.499
11985.4
-359.124
11306.8
32.812
10580.9
504.305
9905.66
1027.65
9178.36
1516.82
8345.08
1800.43
7270
1585.83
5812.64
704.106
3874.96
-364.212
1817.15
-363.855
-245.384
-729.778
-1601.22
-3868.36
630.843
17664.4
469.405
17069.3
725.612
16250.3
1024.47
14742.6
1382.45
14213.3
1789.72
13066
2252.41
12379.6
2778
11459.8
3378.11
10706.7
4056.23
9902.73
4814.14
9147.75
5616.07
8376.43
6379.99
7581.16
6942.19
6707.79
7035.7
5719.13
6362.88
4547.78
4921.32
3258.7
2906.4
1769.54
1361.25
-56.0739
-2507.11
917.207
16747.2
906.454
17080.1
1313.41
15843.4
1774.37
14281.6
2289.25
13698.4
2798.68
12556.6
3331.36
11846.9
3869.13
10922
4413.6
10162.2
4957.48
9358.85
5500.18
8605.05
6009.85
7866.75
6446.97
7144.05
6740.52
6414.24
6787.97
5671.68
6445.21
4890.54
5635.5
4068.41
4290.58
3114.46
2322.66
1911.84
-184.453
667.058
16080.2
1171.85
16575.3
1646.79
15368.4
1913.91
14014.5
2294.29
13318
2601.62
12249.2
2985.9
11462.7
3426.84
10481.1
3978.43
9610.66
4612.24
8725.05
5270.25
7947.04
5917.48
7219.52
6480.93
6580.6
6907.25
5987.93
7110.78
5468.14
6921.94
5079.39
6166.37
4823.98
4691.19
4589.64
2548.1
4054.93
2363.65
170.83
15909.3
658.321
16087.8
633.588
15393.2
103.919
14544.2
-369.532
13791.5
-993.049
12872.8
-1494.78
11964.4
-1882.71
10869
-1906.29
9634.24
-1371.77
8190.53
-230.838
6806.11
1307.43
5681.25
3070.24
4817.79
4846.9
4211.27
6239.5
4075.54
6774.23
4544.66
6185.91
5412.3
4549.82
6225.73
2296.46
6308.29
4660.11
-541.675
16451
-991.411
16537.5
-1780.29
16182
-2851.93
15615.8
-4004.64
14944.2
-5310.75
14178.9
-6679.93
13333.6
-8120.73
12309.8
-9392.67
10906.2
-10094.9
8892.8
-10084.1
6795.25
-9634.02
5231.2
-8827.87
4011.64
-7652.46
3035.85
-6070.96
2494.04
-4129.5
2603.2
-2153.67
3436.48
-644.244
4716.3
31.1951
5632.85
4691.3
-534.559
16985.6
-1084.85
17087.8
-1481.96
16579.1
-1816.21
15950.1
-2167.96
15295.9
-2637.11
14648
-3304.46
14000.9
-4290.58
13295.9
-5698.57
12314.2
-7516.46
10710.7
-9552.34
8831.12
-11588.7
7267.55
-13466.7
5889.69
-14932.9
4502
-15514.3
3075.42
-14683.4
1772.29
-12099.4
852.541
-7950.73
567.603
-3326.11
1008.23
1365.2
611.772
16373.8
977.65
16721.9
1661.64
15895.2
2488.79
15122.9
3336.74
14448
4127.97
13856.8
4786.45
13342.4
5219.98
12862.4
5206.28
12327.9
4385.36
11531.6
2828.13
10388.3
972.697
9122.99
-928.343
7790.73
-2794.72
6368.37
-4598.24
4878.94
-6135.58
3309.63
-6911.37
1628.33
-6299.22
-44.5403
-4000.43
-1290.57
-2635.23
1539.77
14834
2723.94
15537.8
3951.45
14667.6
5150.03
13924.3
6300.71
13297.3
7413.2
12744.3
8522.96
12232.7
9665.73
11719.6
10701.1
11292.5
11340.1
10892.6
11436.4
10292
11082.5
9476.88
10366.3
8507
9295.49
7439.16
7867.72
6306.71
6087.66
5089.69
3942.39
3773.61
1629.65
2268.2
15.1784
323.906
-2620.05
1397.73
13436.3
2590.87
14344.6
3580.02
13678.5
4395.5
13108.9
5097.46
12595.3
5737.47
12104.3
6378.33
11591.8
7098.89
10999.1
7875.42
10516
8579.94
10188.1
9062.63
9809.35
9256.75
9282.76
9156.2
8607.54
8773.42
7821.94
8116.14
6964
7172.22
6033.61
5912.61
5033.22
4324.85
3855.96
2332.41
2316.35
-287.643
938.228
12498.1
1886.02
13396.8
2559.24
13005.3
3054.51
12613.6
3498.68
12151.2
3957.31
11645.7
4441.67
11107.5
4969.94
10470.8
5574.61
9911.3
6206.78
9555.91
6740.74
9275.39
7083.85
8939.65
7209.33
8482.06
7112.78
7918.49
6769.19
7307.59
6110.35
6692.46
5074.56
6069.01
3639.96
5290.56
1881.83
4074.47
1594.19
420.214
12077.9
801.743
13015.3
850.164
12956.9
862.701
12601.1
1174.83
11839
1918.97
10901.5
2948.18
10078.2
4023.29
9395.69
5116.74
8817.85
6300.59
8372.07
7549.29
8026.69
8732.78
7756.15
9660
7554.84
10153
7425.52
10052
7408.57
9219.1
7525.35
7638.03
7650.08
5389.22
7539.37
2791.89
6671.8
4386.08
-484.106
12562
-1301.74
13833
-2516.42
14171.5
-3601.31
13686
-4113.45
12351.2
-3978.16
10766.2
-3561.03
9661.11
-3142.6
8977.27
-2604.41
8279.66
-1730.92
7498.58
-412.729
6708.5
1333.22
6010.21
3371.85
5516.21
5434.98
5362.4
7059.57
5783.97
7718.87
6866.05
7096.92
8272.04
5251.42
9384.87
2625.27
9297.95
7011.35
-2334.85
14896.8
-4691.49
16189.6
-7178.51
16658.5
-9577.73
16085.2
-11742.5
14516
-13592.9
12616.6
-15297.1
11365.2
-16907.5
10587.8
-18309
9681.1
-19384.8
8574.41
-20033.8
7357.46
-20112.5
6088.94
-19466.5
4870.25
-18006.1
3901.92
-15642.3
3420.16
-12316.2
3540
-8320.61
4276.44
-4437.46
5501.73
-1574.87
6435.36
5436.47
-828.921
15725.7
-2854.14
18214.8
-4583.59
18388
-6219.55
17721.1
-8096.41
16392.9
-10109.2
14629.4
-11934.8
13190.9
-13476.1
12129.1
-14858.1
11063.1
-16185
9901.27
-17510.6
8683.06
-18842.9
7421.23
-20107.4
6134.79
-21060.9
4855.37
-21222.1
3581.38
-19967.7
2285.65
-16805.8
1114.47
-11623.2
319.153
-5239.01
51.1895
197.464
3005.53
12720.2
3182.6
18037.8
3151.45
18419.2
3230.43
17642.2
3156.69
16466.6
2810.78
14975.3
2475.35
13526.3
2364.46
12240
2369.32
11058.3
2331.9
9938.69
2142.08
8872.89
1717.23
7846.08
1015.1
6836.93
59.2739
5811.2
-1076.51
4717.18
-2244.08
3453.23
-3224.91
2095.34
-3301.65
395.917
-2313.85
-936.582
-2116.38
3915.4
7407.01
10392.7
13105.2
15542.4
17563.5
18791.4
19796.8
20552.9
21031.6
21194.3
21002.5
20415.2
19387.1
17839.4
15617.8
12641.5
8639.11
4081.08
)
;

boundaryField
{
    outletWall
    {
        type            calculated;
        value           nonuniform List<scalar> 
60
(
60204.5
-9659.25
-25446.5
-28292.4
-6853.07
20637
24717.1
-710.409
-79584.8
-103504
-119328
-129174
-126016
-106832
-56538.5
35671
99079.4
100264
35074.6
-95635.4
46773
37546.9
37061.4
36776.8
37718.3
39595.7
41636.8
43856.7
46034.1
48147.7
50086.3
51769.1
53048.7
53678.5
53261.8
51443.1
48399.7
44604
41161
38160
-44198.9
-29934
-32306.3
-14006.7
-18111.4
-22549.3
-40599.6
-58675
-65676.5
-67530.7
-58654.2
-17271
62264.2
106657
106103
16749.1
-90813.6
-34995.4
126885
151830
)
;
    }
    fineWalls
    {
        type            calculated;
        value           uniform 0;
    }
    fineFrontAndBack
    {
        type            calculated;
        value           nonuniform List<scalar> 
960
(
-9.09738e-15
3.60691e-13
-2.59035e-13
-2.723e-13
-7.11952e-13
-1.13441e-13
2.46838e-13
-9.12359e-13
2.23731e-12
2.12539e-12
3.00182e-12
-1.60502e-11
-6.64428e-12
-5.77883e-12
-6.41102e-11
-1.54928e-11
-1.4733e-11
-6.72814e-11
-1.15117e-11
-9.58232e-12
-1.57745e-12
-1.32233e-12
-1.71925e-12
-2.18422e-12
-2.47125e-12
-2.4349e-12
-9.51275e-11
-1.71804e-12
-1.76336e-12
-1.79665e-12
-1.89822e-12
-2.15158e-12
-2.41213e-12
-2.828e-12
-3.35498e-12
-4.00252e-12
-4.88979e-12
-6.34599e-12
-7.93379e-12
-1.0363e-11
-2.06112e-10
-1.66727e-11
-5.98823e-12
3.13249e-12
7.70587e-11
1.34836e-11
8.56096e-12
3.82576e-12
1.48734e-11
8.22046e-12
1.27322e-11
8.67134e-11
9.88449e-12
4.63119e-12
-3.47214e-12
-1.01267e-10
-2.09924e-11
-1.62995e-11
-8.91442e-12
7.67202e-11
7.73208e-12
7.02527e-12
7.34369e-12
7.03076e-12
6.74911e-12
6.33882e-12
5.9745e-12
5.56543e-12
5.08949e-12
4.58406e-12
4.10224e-12
3.605e-12
3.11765e-12
7.33151e-11
3.1762e-12
3.17807e-12
3.07147e-12
2.89166e-12
2.73334e-12
2.96946e-12
2.10874e-11
2.41679e-11
1.59004e-10
2.69792e-11
2.8473e-11
1.58256e-10
2.69354e-11
2.76347e-11
1.58393e-10
3.05176e-11
3.8754e-11
2.33531e-10
5.02165e-11
5.14429e-11
5.08697e-11
2.28415e-10
3.79668e-11
3.68477e-11
1.84106e-10
4.15469e-11
2.53857e-10
2.63221e-10
1.55039e-10
8.25458e-11
8.05265e-11
1.25871e-10
1.44396e-10
1.56238e-10
1.63022e-10
1.64367e-10
1.61479e-10
1.51682e-10
1.54986e-10
1.6037e-10
1.6959e-10
1.79993e-10
2.0152e-10
2.16754e-10
2.0108e-10
2.56191e-10
1.86013e-10
3.76453e-11
-1.229e-11
2.76884e-11
1.22316e-10
1.48601e-10
1.56517e-10
1.6311e-10
1.64381e-10
1.61604e-10
1.51882e-10
1.52898e-10
1.57812e-10
1.66408e-10
1.72573e-10
1.91268e-10
2.14389e-10
1.82075e-10
2.55603e-10
1.12056e-10
-3.79629e-11
-6.4719e-11
-2.95372e-11
7.27216e-11
1.5458e-10
1.58126e-10
1.63293e-10
1.64287e-10
1.61159e-10
1.51887e-10
1.51948e-10
1.63737e-10
1.74595e-10
1.75597e-10
1.84382e-10
2.10005e-10
1.71669e-10
2.49923e-10
3.47143e-11
-1.22847e-10
-1.36472e-10
-1.03199e-10
2.2335e-12
1.47109e-10
1.61786e-10
1.63501e-10
1.645e-10
1.6165e-10
1.51499e-10
1.62236e-10
1.8003e-10
1.80857e-10
1.83877e-10
1.87348e-10
2.03753e-10
1.95315e-10
2.4227e-10
-2.74781e-11
-2.05157e-10
-2.0387e-10
-1.594e-10
-4.68201e-11
1.25914e-10
1.65088e-10
1.64352e-10
1.64425e-10
1.55985e-10
1.5284e-10
1.8552e-10
1.83547e-10
1.48261e-10
1.49548e-10
1.8089e-10
2.00564e-10
1.98051e-10
2.3709e-10
-6.64961e-11
-2.691e-10
-2.45723e-10
-1.78176e-10
-5.69407e-11
1.13677e-10
1.6502e-10
1.64619e-10
1.60014e-10
1.51598e-10
1.59508e-10
1.89536e-10
1.50576e-10
8.69818e-11
8.05909e-11
1.79665e-10
2.03839e-10
1.94981e-10
2.37707e-10
-7.78326e-11
-2.90265e-10
-2.47454e-10
-1.60612e-10
-3.24204e-11
1.19385e-10
1.62658e-10
1.60869e-10
1.52714e-10
1.49653e-10
1.69977e-10
1.669e-10
1.0322e-10
2.93376e-11
1.99371e-11
1.46795e-10
2.34987e-10
1.62575e-10
2.44412e-10
-6.19394e-11
-2.72518e-10
-2.2442e-10
-1.26517e-10
1.34255e-11
1.38942e-10
1.60755e-10
1.51145e-10
1.4291e-10
1.51445e-10
1.68333e-10
1.17096e-10
4.92109e-11
-1.47225e-11
-6.55353e-11
-5.51724e-11
3.76249e-12
4.41385e-11
2.55381e-10
-3.06989e-11
-2.44927e-10
-2.03553e-10
-9.49438e-11
7.12747e-11
1.79587e-10
1.58903e-10
1.42037e-10
1.49084e-10
1.78602e-10
1.52787e-10
2.82508e-11
-8.39507e-12
-2.27513e-11
-6.36659e-11
-1.11337e-10
-1.1959e-10
-1.26176e-10
2.68598e-10
6.24418e-12
-2.22009e-10
-1.9494e-10
-8.45986e-11
1.11943e-10
2.60226e-10
1.89396e-10
1.65268e-10
1.54577e-10
1.07162e-10
-3.09375e-11
-4.99714e-11
-3.43915e-11
1.08568e-13
-2.12492e-12
-4.35244e-11
-4.5561e-11
-6.31255e-12
2.82419e-10
4.57171e-11
-1.98874e-10
-1.91153e-10
-1.0374e-10
5.12429e-11
1.87813e-10
2.43577e-10
2.02037e-10
1.50594e-10
6.41924e-11
-3.36055e-11
-5.28732e-12
4.21158e-11
6.42459e-11
6.29226e-11
6.35788e-11
7.3067e-11
7.16728e-11
2.95601e-10
8.72899e-11
-1.70496e-10
-1.85538e-10
-1.23027e-10
2.33836e-11
1.66054e-10
2.12837e-10
1.92928e-10
1.26954e-10
2.93672e-11
-4.5023e-11
-2.99058e-11
3.30574e-11
9.31996e-11
1.07698e-10
9.13499e-11
5.4602e-11
4.75509e-11
3.07145e-10
1.29482e-10
-1.3709e-10
-1.75337e-10
-1.45281e-10
-5.06449e-11
4.76613e-11
1.07026e-10
1.14537e-10
6.18878e-11
-2.69056e-11
-8.48965e-11
-6.6417e-11
-5.76354e-12
7.11727e-11
8.40088e-11
-1.59754e-13
-1.34408e-10
-2.66735e-10
3.16123e-10
1.70344e-10
-1.01933e-10
-1.66877e-10
-1.74342e-10
-1.35119e-10
-7.42744e-11
-2.15188e-11
-9.32772e-13
-2.98692e-11
-8.60089e-11
-1.07731e-10
-8.57957e-11
-4.70251e-11
1.70234e-11
4.74847e-11
1.81659e-11
7.41423e-12
-1.01733e-10
3.21574e-10
2.08125e-10
-6.49859e-11
-1.53743e-10
-1.89094e-10
-1.92389e-10
-1.63858e-10
-1.29346e-10
-1.07402e-10
-1.10458e-10
-1.19254e-10
-1.05454e-10
-8.77074e-11
-6.58028e-11
-3.04717e-11
-1.81865e-12
-9.69938e-13
-5.6862e-13
4.27964e-12
3.22509e-10
2.40605e-10
-2.8868e-11
-1.36677e-10
-1.87332e-10
-2.14145e-10
-2.13777e-10
-1.99065e-10
-1.77256e-10
-1.51142e-10
-1.19432e-10
-1.06056e-10
-8.93582e-11
-6.89241e-11
-4.94812e-11
-2.75538e-11
-1.41762e-11
-6.07716e-12
1.30063e-11
3.20435e-10
2.6657e-10
4.53154e-12
-1.16627e-10
-1.73506e-10
-2.08406e-10
-2.2954e-10
-2.31384e-10
-2.05182e-10
-1.53092e-10
-1.22069e-10
-1.12849e-10
-9.26436e-11
-7.05293e-11
-5.52348e-11
-3.81655e-11
-2.468e-11
-8.59415e-12
1.58795e-12
3.13586e-10
2.80099e-10
3.03714e-11
-9.49613e-11
-1.54009e-10
-1.87145e-10
-2.20221e-10
-2.34571e-10
-2.04421e-10
-1.46392e-10
-1.29863e-10
-1.15193e-10
-9.33468e-11
-7.22618e-11
-5.7921e-11
-4.31789e-11
-3.00559e-11
-6.88921e-12
1.12312e-12
3.20198e-10
2.9565e-10
5.71991e-11
-7.30217e-11
-1.38675e-10
-1.62726e-10
-1.98466e-10
-2.22664e-10
-1.92531e-10
-1.47942e-10
-1.32973e-10
-1.1551e-10
-9.3594e-11
-7.12626e-11
-5.70249e-11
-4.20347e-11
-2.53084e-11
-2.94704e-12
2.03741e-12
3.31691e-10
2.96371e-10
6.81766e-11
-5.57594e-11
-1.29548e-10
-1.40028e-10
-1.57982e-10
-1.83079e-10
-1.7274e-10
-1.51216e-10
-1.34033e-10
-1.15911e-10
-9.33428e-11
-6.99737e-11
-5.46592e-11
-3.74076e-11
-1.99435e-11
-6.31834e-13
1.68194e-12
9.09738e-15
-3.60691e-13
2.59035e-13
2.723e-13
7.11952e-13
1.13441e-13
-2.46838e-13
9.12359e-13
-2.23731e-12
-2.12539e-12
-3.00182e-12
1.60502e-11
6.64428e-12
5.77883e-12
6.41102e-11
1.54928e-11
1.4733e-11
6.72814e-11
1.15117e-11
9.58232e-12
1.57745e-12
1.32233e-12
1.71925e-12
2.18422e-12
2.47125e-12
2.4349e-12
9.51275e-11
1.71804e-12
1.76336e-12
1.79665e-12
1.89822e-12
2.15158e-12
2.41213e-12
2.828e-12
3.35498e-12
4.00252e-12
4.88979e-12
6.34599e-12
7.93379e-12
1.0363e-11
2.06112e-10
1.66727e-11
5.98823e-12
-3.13249e-12
-7.70587e-11
-1.34836e-11
-8.56096e-12
-3.82576e-12
-1.48734e-11
-8.22046e-12
-1.27322e-11
-8.67134e-11
-9.88449e-12
-4.63119e-12
3.47214e-12
1.01267e-10
2.09924e-11
1.62995e-11
8.91442e-12
-7.67202e-11
-7.73208e-12
-7.02527e-12
-7.34369e-12
-7.03076e-12
-6.74911e-12
-6.33882e-12
-5.9745e-12
-5.56543e-12
-5.08949e-12
-4.58406e-12
-4.10224e-12
-3.605e-12
-3.11765e-12
-7.33151e-11
-3.1762e-12
-3.17807e-12
-3.07147e-12
-2.89166e-12
-2.73334e-12
-2.96946e-12
-2.10874e-11
-2.41679e-11
-1.59004e-10
-2.69792e-11
-2.8473e-11
-1.58256e-10
-2.69354e-11
-2.76347e-11
-1.58393e-10
-3.05176e-11
-3.8754e-11
-2.33531e-10
-5.02165e-11
-5.14429e-11
-5.08697e-11
-2.28415e-10
-3.79668e-11
-3.68477e-11
-1.84106e-10
-4.15469e-11
-2.53857e-10
-2.63221e-10
-1.55039e-10
-8.25458e-11
-8.05265e-11
-1.25871e-10
-1.44396e-10
-1.56238e-10
-1.63022e-10
-1.64367e-10
-1.61479e-10
-1.51682e-10
-1.54986e-10
-1.6037e-10
-1.6959e-10
-1.79993e-10
-2.0152e-10
-2.16754e-10
-2.0108e-10
-2.56191e-10
-1.86013e-10
-3.76453e-11
1.229e-11
-2.76884e-11
-1.22316e-10
-1.48601e-10
-1.56517e-10
-1.6311e-10
-1.64381e-10
-1.61604e-10
-1.51882e-10
-1.52898e-10
-1.57812e-10
-1.66408e-10
-1.72573e-10
-1.91268e-10
-2.14389e-10
-1.82075e-10
-2.55603e-10
-1.12056e-10
3.79629e-11
6.4719e-11
2.95372e-11
-7.27216e-11
-1.5458e-10
-1.58126e-10
-1.63293e-10
-1.64287e-10
-1.61159e-10
-1.51887e-10
-1.51948e-10
-1.63737e-10
-1.74595e-10
-1.75597e-10
-1.84382e-10
-2.10005e-10
-1.71669e-10
-2.49923e-10
-3.47143e-11
1.22847e-10
1.36472e-10
1.03199e-10
-2.2335e-12
-1.47109e-10
-1.61786e-10
-1.63501e-10
-1.645e-10
-1.6165e-10
-1.51499e-10
-1.62236e-10
-1.8003e-10
-1.80857e-10
-1.83877e-10
-1.87348e-10
-2.03753e-10
-1.95315e-10
-2.4227e-10
2.74781e-11
2.05157e-10
2.0387e-10
1.594e-10
4.68201e-11
-1.25914e-10
-1.65088e-10
-1.64352e-10
-1.64425e-10
-1.55985e-10
-1.5284e-10
-1.8552e-10
-1.83547e-10
-1.48261e-10
-1.49548e-10
-1.8089e-10
-2.00564e-10
-1.98051e-10
-2.3709e-10
6.64961e-11
2.691e-10
2.45723e-10
1.78176e-10
5.69407e-11
-1.13677e-10
-1.6502e-10
-1.64619e-10
-1.60014e-10
-1.51598e-10
-1.59508e-10
-1.89536e-10
-1.50576e-10
-8.69818e-11
-8.05909e-11
-1.79665e-10
-2.03839e-10
-1.94981e-10
-2.37707e-10
7.78326e-11
2.90265e-10
2.47454e-10
1.60612e-10
3.24204e-11
-1.19385e-10
-1.62658e-10
-1.60869e-10
-1.52714e-10
-1.49653e-10
-1.69977e-10
-1.669e-10
-1.0322e-10
-2.93376e-11
-1.99371e-11
-1.46795e-10
-2.34987e-10
-1.62575e-10
-2.44412e-10
6.19394e-11
2.72518e-10
2.2442e-10
1.26517e-10
-1.34255e-11
-1.38942e-10
-1.60755e-10
-1.51145e-10
-1.4291e-10
-1.51445e-10
-1.68333e-10
-1.17096e-10
-4.92109e-11
1.47225e-11
6.55353e-11
5.51724e-11
-3.76249e-12
-4.41385e-11
-2.55381e-10
3.06989e-11
2.44927e-10
2.03553e-10
9.49438e-11
-7.12747e-11
-1.79587e-10
-1.58903e-10
-1.42037e-10
-1.49084e-10
-1.78602e-10
-1.52787e-10
-2.82508e-11
8.39507e-12
2.27513e-11
6.36659e-11
1.11337e-10
1.1959e-10
1.26176e-10
-2.68598e-10
-6.24418e-12
2.22009e-10
1.9494e-10
8.45986e-11
-1.11943e-10
-2.60226e-10
-1.89396e-10
-1.65268e-10
-1.54577e-10
-1.07162e-10
3.09375e-11
4.99714e-11
3.43915e-11
-1.08568e-13
2.12492e-12
4.35244e-11
4.5561e-11
6.31255e-12
-2.82419e-10
-4.57171e-11
1.98874e-10
1.91153e-10
1.0374e-10
-5.12429e-11
-1.87813e-10
-2.43577e-10
-2.02037e-10
-1.50594e-10
-6.41924e-11
3.36055e-11
5.28732e-12
-4.21158e-11
-6.42459e-11
-6.29226e-11
-6.35788e-11
-7.3067e-11
-7.16728e-11
-2.95601e-10
-8.72899e-11
1.70496e-10
1.85538e-10
1.23027e-10
-2.33836e-11
-1.66054e-10
-2.12837e-10
-1.92928e-10
-1.26954e-10
-2.93672e-11
4.5023e-11
2.99058e-11
-3.30574e-11
-9.31996e-11
-1.07698e-10
-9.13499e-11
-5.4602e-11
-4.75509e-11
-3.07145e-10
-1.29482e-10
1.3709e-10
1.75337e-10
1.45281e-10
5.06449e-11
-4.76613e-11
-1.07026e-10
-1.14537e-10
-6.18878e-11
2.69056e-11
8.48965e-11
6.6417e-11
5.76354e-12
-7.11727e-11
-8.40088e-11
1.59754e-13
1.34408e-10
2.66735e-10
-3.16123e-10
-1.70344e-10
1.01933e-10
1.66877e-10
1.74342e-10
1.35119e-10
7.42744e-11
2.15188e-11
9.32772e-13
2.98692e-11
8.60089e-11
1.07731e-10
8.57957e-11
4.70251e-11
-1.70234e-11
-4.74847e-11
-1.81659e-11
-7.41423e-12
1.01733e-10
-3.21574e-10
-2.08125e-10
6.49859e-11
1.53743e-10
1.89094e-10
1.92389e-10
1.63858e-10
1.29346e-10
1.07402e-10
1.10458e-10
1.19254e-10
1.05454e-10
8.77074e-11
6.58028e-11
3.04717e-11
1.81865e-12
9.69938e-13
5.6862e-13
-4.27964e-12
-3.22509e-10
-2.40605e-10
2.8868e-11
1.36677e-10
1.87332e-10
2.14145e-10
2.13777e-10
1.99065e-10
1.77256e-10
1.51142e-10
1.19432e-10
1.06056e-10
8.93582e-11
6.89241e-11
4.94812e-11
2.75538e-11
1.41762e-11
6.07716e-12
-1.30063e-11
-3.20435e-10
-2.6657e-10
-4.53154e-12
1.16627e-10
1.73506e-10
2.08406e-10
2.2954e-10
2.31384e-10
2.05182e-10
1.53092e-10
1.22069e-10
1.12849e-10
9.26436e-11
7.05293e-11
5.52348e-11
3.81655e-11
2.468e-11
8.59415e-12
-1.58795e-12
-3.13586e-10
-2.80099e-10
-3.03714e-11
9.49613e-11
1.54009e-10
1.87145e-10
2.20221e-10
2.34571e-10
2.04421e-10
1.46392e-10
1.29863e-10
1.15193e-10
9.33468e-11
7.22618e-11
5.7921e-11
4.31789e-11
3.00559e-11
6.88921e-12
-1.12312e-12
-3.20198e-10
-2.9565e-10
-5.71991e-11
7.30217e-11
1.38675e-10
1.62726e-10
1.98466e-10
2.22664e-10
1.92531e-10
1.47942e-10
1.32973e-10
1.1551e-10
9.3594e-11
7.12626e-11
5.70249e-11
4.20347e-11
2.53084e-11
2.94704e-12
-2.03741e-12
-3.31691e-10
-2.96371e-10
-6.81766e-11
5.57594e-11
1.29548e-10
1.40028e-10
1.57982e-10
1.83079e-10
1.7274e-10
1.51216e-10
1.34033e-10
1.15911e-10
9.33428e-11
6.99737e-11
5.46592e-11
3.74076e-11
1.99435e-11
6.31834e-13
-1.68194e-12
)
;
    }
    fineplugLeft
    {
        type            cyclicAMI;
        value           nonuniform List<scalar> 
20
(
-593.244
-1049.87
-1930.97
-2867.72
-3821.57
-4850.09
-5919.02
-7003.42
-8088.01
-9172.25
-10246.4
-11320.5
-12379.7
-13558
-14127.4
-15033.6
-15839.6
-16538.4
-16213.6
-11446.9
)
;
    }
    fineplugRight
    {
        type            cyclicAMI;
        value           nonuniform List<scalar> 
20
(
-1964.7
-3621.49
-4398.31
-5071.71
-5674.87
-6264.83
-6839.32
-7424.3
-8037.81
-8710.26
-9459.96
-10302.2
-11234.6
-12298.4
-12954.3
-14029.4
-14929.7
-15433.4
-14546.2
-8804.85
)
;
    }
    inletOutletLeft
    {
        type            cyclicAMI;
        value           nonuniform List<scalar> 
20
(
593.244
1049.87
1930.97
2867.72
3821.57
4850.09
5919.02
7003.42
8088.01
9172.25
10246.4
11320.5
12379.7
13558
14127.4
15033.6
15839.6
16538.4
16213.6
11446.9
)
;
    }
    inletLeft
    {
        type            calculated;
        value           uniform -9100;
    }
    inletWallsLeft
    {
        type            calculated;
        value           uniform 0;
    }
    inletFacesLeft
    {
        type            calculated;
        value           nonuniform List<scalar> 
800
(
4.25015e-14
-1.4519e-12
-1.71969e-12
-1.79593e-12
-1.84324e-12
-1.88878e-12
-1.91447e-12
-2.24601e-12
-2.6068e-12
-3.25602e-12
-3.93177e-12
-4.58436e-12
-5.19125e-12
-5.65569e-12
-6.25229e-12
-6.69847e-12
-6.22152e-12
-4.25564e-12
-9.73543e-13
3.22536e-12
-1.17849e-14
-7.94995e-13
-6.87873e-13
-8.95603e-13
-1.00833e-12
-1.06206e-12
-1.36791e-12
-2.13175e-12
-3.14136e-12
-4.89988e-12
-6.75537e-12
-8.56004e-12
-9.65213e-12
-1.09117e-11
-1.34678e-11
-1.43234e-11
-1.08884e-11
-6.20895e-12
-3.81985e-12
-1.71985e-12
2.24425e-14
4.3064e-13
3.21031e-13
2.96723e-13
3.28605e-13
3.85636e-13
2.37831e-13
-5.21815e-14
-6.76325e-13
-1.76516e-12
-3.09862e-12
-3.7187e-12
-2.71759e-12
-2.92624e-13
2.00449e-12
2.77257e-12
2.03067e-12
6.98954e-13
-3.26388e-13
-5.45307e-13
8.83266e-15
1.63524e-14
1.62337e-14
3.76281e-14
3.08091e-14
2.55967e-13
1.45245e-13
8.42968e-14
6.28527e-14
-1.21848e-13
-3.79825e-13
-5.77404e-13
-7.18624e-13
-1.79966e-13
3.60046e-13
5.79097e-13
2.61612e-13
-3.26202e-13
-6.03116e-13
-2.44445e-13
-3.50001e-15
-1.62501e-14
-1.40252e-14
-1.97345e-14
-1.99807e-14
-1.65823e-14
7.33131e-15
2.66725e-14
6.17587e-14
1.26536e-13
2.18296e-13
3.34513e-13
4.84463e-13
6.69557e-13
8.59552e-13
9.00436e-13
6.57126e-13
2.30824e-13
-1.36958e-14
1.24806e-13
8.646e-16
4.11657e-15
3.92803e-15
4.53124e-15
3.91459e-15
-3.26484e-16
-6.60872e-15
-1.35159e-14
-2.23296e-14
-3.22008e-14
-4.29656e-14
-6.05886e-14
-9.37838e-14
-1.45418e-13
-2.03483e-13
-2.41797e-13
-2.36888e-13
-1.83959e-13
-9.52942e-14
-4.59333e-14
-1.93856e-16
-8.85879e-16
-9.10387e-16
-8.45514e-16
-1.88067e-16
1.36627e-15
2.99318e-15
4.79151e-15
6.62412e-15
7.63161e-15
7.67327e-15
8.88497e-15
1.42953e-14
2.43904e-14
3.53278e-14
4.18195e-14
4.20352e-14
4.11808e-14
4.59688e-14
4.81354e-14
3.77667e-17
1.66487e-16
1.68718e-16
1.2097e-16
-1.16318e-16
-6.46132e-16
-1.03853e-15
-1.35175e-15
-1.58899e-15
-1.52494e-15
-1.11961e-15
-8.71771e-16
-1.48903e-15
-3.06501e-15
-4.66879e-15
-4.89965e-15
-2.83812e-15
2.178e-15
7.9638e-15
4.36102e-14
-6.08962e-18
-2.46894e-17
-2.09958e-17
-8.30895e-18
4.65428e-17
1.82485e-16
2.62553e-16
2.94154e-16
2.88301e-16
2.06722e-16
4.83923e-17
-8.21865e-17
-4.12924e-17
2.07107e-16
5.0912e-16
4.86077e-16
-5.58275e-16
-2.56824e-15
-7.48005e-15
2.97543e-14
8.07061e-19
2.2837e-18
5.33691e-19
-2.15206e-18
-1.4972e-17
-4.62695e-17
-5.78314e-17
-5.71455e-17
-4.71128e-17
-1.78751e-17
2.63843e-17
4.45857e-17
1.9053e-17
1.29095e-16
5.99975e-16
5.4562e-16
-2.60753e-15
-7.73318e-15
-5.18497e-15
9.91484e-15
-2.13888e-21
4.22851e-19
1.05037e-18
1.94613e-18
5.09544e-18
9.32684e-18
7.4256e-18
1.46997e-18
-9.87038e-18
-2.82086e-17
-5.21023e-17
-7.55896e-17
-9.07121e-18
3.82467e-16
8.74924e-16
-1.29795e-16
-3.96904e-15
-8.0845e-15
-7.4819e-15
-1.78854e-15
-6.14261e-20
-3.6166e-19
-6.1175e-19
-8.22656e-19
-9.73325e-19
-4.61317e-19
1.36884e-18
4.15996e-18
6.95916e-18
5.12105e-18
-5.5666e-18
-1.18837e-17
3.15989e-17
1.62426e-16
2.96867e-16
2.4877e-16
7.61211e-17
2.16469e-16
7.50261e-16
6.99018e-16
2.83489e-20
1.42712e-19
2.22086e-19
2.58516e-19
1.46096e-19
-2.66454e-19
-8.8389e-19
-1.51276e-18
-1.97007e-18
-2.25976e-18
-2.79793e-18
-2.73055e-18
5.227e-19
8.26823e-18
1.83923e-17
2.41364e-17
2.46126e-17
3.81808e-17
5.41082e-17
-2.63913e-17
-1.0188e-20
-4.85361e-20
-7.37996e-20
-8.20992e-20
-2.39455e-20
1.4983e-19
3.72492e-19
5.80814e-19
7.12844e-19
8.12146e-19
1.17958e-18
1.78212e-18
1.51634e-18
-1.05787e-18
-6.20751e-18
-1.28328e-17
-2.01163e-17
-3.13045e-17
-5.68597e-17
-9.45847e-17
3.30233e-21
1.49701e-20
2.15058e-20
2.38816e-20
9.05055e-21
-3.63689e-20
-8.7874e-20
-1.29237e-19
-1.53202e-19
-1.74817e-19
-2.45465e-19
-3.32771e-19
-2.04851e-19
4.10748e-19
1.51817e-18
2.8264e-18
4.11612e-18
5.98467e-18
1.3668e-17
5.83678e-18
-9.70109e-22
-4.45227e-21
-6.72822e-21
-7.62592e-21
-1.46153e-21
1.6454e-20
3.52731e-20
4.00216e-20
1.69344e-20
-3.04044e-20
-7.06788e-20
-7.33688e-20
-3.6749e-20
3.74991e-20
1.82306e-19
4.41731e-19
8.55103e-19
1.47139e-18
1.96997e-18
2.26855e-17
3.34805e-22
1.12631e-21
7.14301e-22
-1.47856e-22
-8.69218e-22
-2.16965e-21
-5.91501e-21
-1.95064e-20
-4.92536e-20
-8.58949e-20
-9.01066e-20
1.23423e-20
3.05153e-19
8.12333e-19
1.4032e-18
1.83956e-18
2.11835e-18
1.22433e-18
3.34199e-18
2.09066e-17
-5.03234e-23
-4.44661e-22
-1.45504e-21
-2.59409e-21
-1.54254e-21
1.96018e-21
1.51958e-21
-1.36277e-20
-4.74584e-20
-8.06744e-20
-6.25728e-20
7.95507e-20
4.11016e-19
9.10924e-19
1.3911e-18
1.8445e-18
3.16834e-18
6.06214e-18
9.48245e-18
1.23888e-17
5.46012e-23
1.76813e-23
-6.27264e-22
-1.64435e-21
-1.59601e-21
3.7971e-22
1.27353e-21
-6.52627e-21
-2.90399e-20
-6.02126e-20
-7.62176e-20
-4.34802e-20
6.28962e-20
2.49085e-19
5.15209e-19
8.73676e-19
1.36263e-18
2.03954e-18
2.78322e-18
2.4927e-18
-5.03221e-24
-4.04463e-23
-1.56402e-22
-2.97628e-22
-8.56649e-23
9.17583e-22
2.3316e-21
1.81774e-21
-5.08399e-21
-2.31396e-20
-5.41849e-20
-9.46836e-20
-1.36083e-19
-1.68416e-19
-1.86356e-19
-1.94154e-19
-2.01107e-19
-2.02458e-19
-1.64852e-19
-6.16014e-20
-4.25015e-14
1.4519e-12
1.71969e-12
1.79593e-12
1.84324e-12
1.88878e-12
1.91447e-12
2.24601e-12
2.6068e-12
3.25602e-12
3.93177e-12
4.58436e-12
5.19125e-12
5.65569e-12
6.25229e-12
6.69847e-12
6.22152e-12
4.25564e-12
9.73543e-13
-3.22536e-12
1.17849e-14
7.94995e-13
6.87873e-13
8.95603e-13
1.00833e-12
1.06206e-12
1.36791e-12
2.13175e-12
3.14136e-12
4.89988e-12
6.75537e-12
8.56004e-12
9.65213e-12
1.09117e-11
1.34678e-11
1.43234e-11
1.08884e-11
6.20895e-12
3.81985e-12
1.71985e-12
-2.24425e-14
-4.3064e-13
-3.21031e-13
-2.96723e-13
-3.28605e-13
-3.85636e-13
-2.37831e-13
5.21815e-14
6.76325e-13
1.76516e-12
3.09862e-12
3.7187e-12
2.71759e-12
2.92624e-13
-2.00449e-12
-2.77257e-12
-2.03067e-12
-6.98954e-13
3.26388e-13
5.45307e-13
-8.83266e-15
-1.63524e-14
-1.62337e-14
-3.76281e-14
-3.08091e-14
-2.55967e-13
-1.45245e-13
-8.42968e-14
-6.28527e-14
1.21848e-13
3.79825e-13
5.77404e-13
7.18624e-13
1.79966e-13
-3.60046e-13
-5.79097e-13
-2.61612e-13
3.26202e-13
6.03116e-13
2.44445e-13
3.50001e-15
1.62501e-14
1.40252e-14
1.97345e-14
1.99807e-14
1.65823e-14
-7.33131e-15
-2.66725e-14
-6.17587e-14
-1.26536e-13
-2.18296e-13
-3.34513e-13
-4.84463e-13
-6.69557e-13
-8.59552e-13
-9.00436e-13
-6.57126e-13
-2.30824e-13
1.36958e-14
-1.24806e-13
-8.646e-16
-4.11657e-15
-3.92803e-15
-4.53124e-15
-3.91459e-15
3.26484e-16
6.60872e-15
1.35159e-14
2.23296e-14
3.22008e-14
4.29656e-14
6.05886e-14
9.37838e-14
1.45418e-13
2.03483e-13
2.41797e-13
2.36888e-13
1.83959e-13
9.52942e-14
4.59333e-14
1.93856e-16
8.85879e-16
9.10387e-16
8.45514e-16
1.88067e-16
-1.36627e-15
-2.99318e-15
-4.79151e-15
-6.62412e-15
-7.63161e-15
-7.67327e-15
-8.88497e-15
-1.42953e-14
-2.43904e-14
-3.53278e-14
-4.18195e-14
-4.20352e-14
-4.11808e-14
-4.59688e-14
-4.81354e-14
-3.77667e-17
-1.66487e-16
-1.68718e-16
-1.2097e-16
1.16318e-16
6.46132e-16
1.03853e-15
1.35175e-15
1.58899e-15
1.52494e-15
1.11961e-15
8.71771e-16
1.48903e-15
3.06501e-15
4.66879e-15
4.89965e-15
2.83812e-15
-2.178e-15
-7.9638e-15
-4.36102e-14
6.08962e-18
2.46894e-17
2.09958e-17
8.30895e-18
-4.65428e-17
-1.82485e-16
-2.62553e-16
-2.94154e-16
-2.88301e-16
-2.06722e-16
-4.83923e-17
8.21865e-17
4.12924e-17
-2.07107e-16
-5.0912e-16
-4.86077e-16
5.58275e-16
2.56824e-15
7.48005e-15
-2.97543e-14
-8.07061e-19
-2.2837e-18
-5.33691e-19
2.15206e-18
1.4972e-17
4.62695e-17
5.78314e-17
5.71455e-17
4.71128e-17
1.78751e-17
-2.63843e-17
-4.45857e-17
-1.9053e-17
-1.29095e-16
-5.99975e-16
-5.4562e-16
2.60753e-15
7.73318e-15
5.18497e-15
-9.91484e-15
2.13888e-21
-4.22851e-19
-1.05037e-18
-1.94613e-18
-5.09544e-18
-9.32684e-18
-7.4256e-18
-1.46997e-18
9.87038e-18
2.82086e-17
5.21023e-17
7.55896e-17
9.07121e-18
-3.82467e-16
-8.74924e-16
1.29795e-16
3.96904e-15
8.0845e-15
7.4819e-15
1.78854e-15
6.14261e-20
3.6166e-19
6.1175e-19
8.22656e-19
9.73325e-19
4.61317e-19
-1.36884e-18
-4.15996e-18
-6.95916e-18
-5.12105e-18
5.5666e-18
1.18837e-17
-3.15989e-17
-1.62426e-16
-2.96867e-16
-2.4877e-16
-7.61211e-17
-2.16469e-16
-7.50261e-16
-6.99018e-16
-2.83489e-20
-1.42712e-19
-2.22086e-19
-2.58516e-19
-1.46096e-19
2.66454e-19
8.8389e-19
1.51276e-18
1.97007e-18
2.25976e-18
2.79793e-18
2.73055e-18
-5.227e-19
-8.26823e-18
-1.83923e-17
-2.41364e-17
-2.46126e-17
-3.81808e-17
-5.41082e-17
2.63913e-17
1.0188e-20
4.85361e-20
7.37996e-20
8.20992e-20
2.39455e-20
-1.4983e-19
-3.72492e-19
-5.80814e-19
-7.12844e-19
-8.12146e-19
-1.17958e-18
-1.78212e-18
-1.51634e-18
1.05787e-18
6.20751e-18
1.28328e-17
2.01163e-17
3.13045e-17
5.68597e-17
9.45847e-17
-3.30233e-21
-1.49701e-20
-2.15058e-20
-2.38816e-20
-9.05055e-21
3.63689e-20
8.7874e-20
1.29237e-19
1.53202e-19
1.74817e-19
2.45465e-19
3.32771e-19
2.04851e-19
-4.10748e-19
-1.51817e-18
-2.8264e-18
-4.11612e-18
-5.98467e-18
-1.3668e-17
-5.83678e-18
9.70109e-22
4.45227e-21
6.72822e-21
7.62592e-21
1.46153e-21
-1.6454e-20
-3.52731e-20
-4.00216e-20
-1.69344e-20
3.04044e-20
7.06788e-20
7.33688e-20
3.6749e-20
-3.74991e-20
-1.82306e-19
-4.41731e-19
-8.55103e-19
-1.47139e-18
-1.96997e-18
-2.26855e-17
-3.34805e-22
-1.12631e-21
-7.14301e-22
1.47856e-22
8.69218e-22
2.16965e-21
5.91501e-21
1.95064e-20
4.92536e-20
8.58949e-20
9.01066e-20
-1.23423e-20
-3.05153e-19
-8.12333e-19
-1.4032e-18
-1.83956e-18
-2.11835e-18
-1.22433e-18
-3.34199e-18
-2.09066e-17
5.03234e-23
4.44661e-22
1.45504e-21
2.59409e-21
1.54254e-21
-1.96018e-21
-1.51958e-21
1.36277e-20
4.74584e-20
8.06744e-20
6.25728e-20
-7.95507e-20
-4.11016e-19
-9.10924e-19
-1.3911e-18
-1.8445e-18
-3.16834e-18
-6.06214e-18
-9.48245e-18
-1.23888e-17
-5.46012e-23
-1.76813e-23
6.27264e-22
1.64435e-21
1.59601e-21
-3.7971e-22
-1.27353e-21
6.52627e-21
2.90399e-20
6.02126e-20
7.62176e-20
4.34802e-20
-6.28962e-20
-2.49085e-19
-5.15209e-19
-8.73676e-19
-1.36263e-18
-2.03954e-18
-2.78322e-18
-2.4927e-18
5.03221e-24
4.04463e-23
1.56402e-22
2.97628e-22
8.56649e-23
-9.17583e-22
-2.3316e-21
-1.81774e-21
5.08399e-21
2.31396e-20
5.41849e-20
9.46836e-20
1.36083e-19
1.68416e-19
1.86356e-19
1.94154e-19
2.01107e-19
2.02458e-19
1.64852e-19
6.16014e-20
)
;
    }
    inletOutletRight
    {
        type            cyclicAMI;
        value           nonuniform List<scalar> 
20
(
1964.7
3621.49
4398.31
5071.71
5674.87
6264.83
6839.32
7424.3
8037.81
8710.26
9459.96
10302.2
11234.6
12298.4
12954.3
14029.4
14929.7
15433.4
14546.2
8804.85
)
;
    }
    inletRight
    {
        type            calculated;
        value           uniform -9100;
    }
    inletWallsRight
    {
        type            calculated;
        value           uniform 0;
    }
    inletFacesRight
    {
        type            calculated;
        value           nonuniform List<scalar> 
800
(
-4.5476e-24
1.42669e-26
3.14354e-23
1.07189e-22
2.50764e-22
5.22834e-22
9.23047e-22
1.06898e-21
-2.23873e-22
-4.96425e-21
-1.50638e-20
-3.0532e-20
-4.83548e-20
-6.43807e-20
-7.73063e-20
-8.88185e-20
-9.75023e-20
-9.49459e-20
-7.09565e-20
-2.46338e-20
9.5316e-24
9.22104e-24
7.57328e-23
3.40712e-22
9.42648e-22
1.68019e-21
1.38663e-21
-1.99331e-21
-9.62209e-21
-1.87533e-20
-2.13444e-20
-7.07937e-21
3.24645e-20
1.0711e-19
2.33886e-19
4.21273e-19
6.49468e-19
9.00971e-19
1.13631e-18
9.28566e-19
-8.40305e-23
-7.90991e-23
-7.1246e-23
3.14335e-23
5.25686e-22
1.32258e-21
6.90615e-22
-4.81058e-21
-1.69366e-20
-2.98562e-20
-2.58697e-20
2.27167e-20
1.41994e-19
3.28806e-19
5.39955e-19
8.33785e-19
1.54857e-18
2.73483e-18
3.31411e-18
1.81819e-18
4.15941e-22
3.28745e-22
2.1037e-22
-5.9207e-24
-1.60882e-22
1.51356e-22
1.3115e-22
-3.78738e-21
-1.62812e-20
-3.67585e-20
-4.91724e-20
-1.61451e-20
1.08277e-19
3.40977e-19
6.26356e-19
8.68736e-19
9.89162e-19
3.24678e-19
1.74499e-18
-2.08194e-18
-2.12795e-21
-1.48011e-21
-9.46185e-22
-1.03717e-21
-1.4691e-21
-1.72964e-21
-1.77476e-21
-3.55571e-21
-8.58575e-21
-1.03511e-20
5.11357e-21
3.52611e-20
4.27076e-20
-2.93746e-20
-2.02175e-19
-4.04865e-19
-4.42836e-19
-6.00575e-20
1.27555e-18
-4.896e-18
1.06742e-20
6.64061e-21
3.2689e-21
4.9364e-22
-3.93138e-21
-1.10271e-20
-2.04826e-20
-2.95555e-20
-3.27461e-20
-4.21229e-20
-1.05639e-19
-2.49475e-19
-3.94677e-19
-3.04396e-19
2.26344e-19
1.05568e-18
1.3692e-18
-6.47761e-20
-6.48064e-18
1.14893e-17
-5.1076e-20
-2.68321e-20
-7.72777e-21
1.01766e-20
3.34776e-20
6.87239e-20
1.17572e-19
1.62203e-19
1.33286e-19
4.20628e-20
2.19767e-19
1.19504e-18
3.30039e-18
6.391e-18
1.02715e-17
1.56674e-17
2.63237e-17
4.84581e-17
8.22337e-17
1.18788e-16
2.27862e-19
1.09423e-19
5.65136e-21
-1.09548e-19
-2.64611e-19
-4.93316e-19
-8.04831e-19
-1.15726e-18
-1.43624e-18
-1.894e-18
-2.83394e-18
-3.51952e-18
-6.99911e-18
-2.73004e-17
-7.38383e-17
-1.49902e-16
-2.53019e-16
-3.49111e-16
-3.6649e-16
-2.23409e-16
-1.04663e-18
-5.83386e-19
8.76605e-20
9.13655e-19
1.98839e-18
3.42204e-18
5.3549e-18
8.23509e-18
1.28912e-17
1.50922e-17
-9.65989e-18
-7.24317e-17
-8.02558e-17
1.42124e-16
6.05441e-16
9.72779e-16
9.4829e-16
7.46343e-16
7.25016e-16
5.87288e-16
4.35814e-18
3.89964e-18
8.33426e-19
-3.80047e-18
-1.00693e-17
-1.80236e-17
-2.72519e-17
-3.70688e-17
-4.67709e-17
-5.72628e-17
-8.37617e-17
-1.426e-16
-1.53253e-16
1.41442e-16
8.46173e-16
1.19671e-15
-1.10185e-16
-2.82388e-15
-4.18914e-15
-1.91133e-15
-1.43683e-17
-2.11155e-17
-1.45678e-17
1.9378e-18
2.78423e-17
6.20701e-17
1.01824e-16
1.43855e-16
1.80505e-16
2.11822e-16
2.4063e-16
2.33075e-16
1.46511e-16
5.13368e-17
1.97132e-16
5.46809e-16
-4.70175e-16
-5.24961e-15
-9.95588e-15
-7.86057e-15
3.58239e-17
8.21694e-17
9.4611e-17
6.9247e-17
4.30422e-18
-9.87328e-17
-2.35088e-16
-4.19992e-16
-5.88392e-16
-7.03106e-16
-8.25781e-16
-8.59016e-16
-6.16862e-16
-3.11166e-17
8.12348e-16
1.75588e-15
2.51781e-15
2.86138e-15
-1.3353e-15
-4.41204e-15
-4.97956e-17
-1.92572e-16
-3.29177e-16
-4.25536e-16
-4.82451e-16
-4.65572e-16
-2.38047e-16
3.46363e-16
9.86101e-16
1.47989e-15
2.11456e-15
2.24524e-15
7.66684e-16
-2.67742e-15
-7.50976e-15
-1.27386e-14
-1.73314e-14
-1.96959e-14
-2.08236e-14
4.68862e-15
-4.8182e-17
8.53382e-17
5.30386e-16
1.25998e-15
2.45814e-15
3.77441e-15
4.68982e-15
5.86089e-15
5.46483e-15
1.99709e-15
-2.58899e-15
-3.95081e-15
2.61801e-15
1.85866e-14
4.09827e-14
6.43084e-14
8.20375e-14
8.688e-14
7.30044e-14
6.10224e-14
6.83999e-16
1.88268e-15
1.08979e-15
-1.25335e-15
-5.93541e-15
-1.07932e-14
-1.71479e-14
-2.50831e-14
-2.72475e-14
-1.69076e-14
4.70177e-16
2.35191e-15
-3.43954e-14
-1.10434e-13
-2.03238e-13
-2.75755e-13
-2.88912e-13
-2.21393e-13
-9.38756e-14
3.02732e-14
-3.04822e-15
-1.25943e-14
-1.25993e-14
-1.15502e-14
-1.31344e-14
-1.45684e-14
3.31408e-14
7.15462e-14
7.07888e-14
3.15974e-14
2.3713e-14
1.64767e-13
4.44324e-13
7.1774e-13
8.32463e-13
6.87827e-13
3.24842e-13
-6.78346e-14
-2.55783e-13
-1.37119e-13
6.57445e-15
4.72475e-14
4.8497e-14
8.26941e-14
2.22432e-13
4.19602e-13
2.91284e-13
1.89494e-13
-4.73795e-14
-4.47827e-13
-8.10787e-13
-9.93366e-13
-1.09849e-12
-1.21458e-12
-1.13917e-12
-6.60836e-13
-1.5006e-13
-9.20977e-14
-3.33023e-13
-3.95046e-13
-4.95573e-15
-1.53503e-13
-1.10877e-13
-1.45956e-13
-1.08805e-13
2.49082e-13
1.70201e-13
-3.61368e-14
-3.55975e-13
-8.61442e-13
-1.40474e-12
-1.87575e-12
-2.34313e-12
-2.69875e-12
-2.23432e-12
-2.23838e-13
2.58057e-12
4.03381e-12
3.02925e-12
8.90043e-13
2.34334e-14
-1.0119e-12
-9.5599e-13
-1.02185e-12
-1.03093e-12
-1.0167e-12
-1.01948e-12
-1.30449e-12
-1.46333e-12
-1.64061e-12
-1.9549e-12
-2.2831e-12
-2.68661e-12
-2.94272e-12
-3.02341e-12
-2.90277e-12
-3.8192e-12
-5.49317e-12
-3.08413e-12
1.53514e-12
-3.90703e-14
-7.35462e-13
-6.7176e-13
-5.60477e-13
-4.63603e-13
-3.73522e-13
-2.66332e-13
-2.19094e-13
-1.38961e-13
-9.21321e-16
1.57394e-13
3.40775e-13
5.46845e-13
8.05983e-13
1.09533e-12
1.42797e-12
1.72915e-12
2.07813e-12
2.65729e-12
4.23281e-12
4.5476e-24
-1.42669e-26
-3.14354e-23
-1.07189e-22
-2.50764e-22
-5.22834e-22
-9.23047e-22
-1.06898e-21
2.23873e-22
4.96425e-21
1.50638e-20
3.0532e-20
4.83548e-20
6.43807e-20
7.73063e-20
8.88185e-20
9.75023e-20
9.49459e-20
7.09565e-20
2.46338e-20
-9.5316e-24
-9.22104e-24
-7.57328e-23
-3.40712e-22
-9.42648e-22
-1.68019e-21
-1.38663e-21
1.99331e-21
9.62209e-21
1.87533e-20
2.13444e-20
7.07937e-21
-3.24645e-20
-1.0711e-19
-2.33886e-19
-4.21273e-19
-6.49468e-19
-9.00971e-19
-1.13631e-18
-9.28566e-19
8.40305e-23
7.90991e-23
7.1246e-23
-3.14335e-23
-5.25686e-22
-1.32258e-21
-6.90615e-22
4.81058e-21
1.69366e-20
2.98562e-20
2.58697e-20
-2.27167e-20
-1.41994e-19
-3.28806e-19
-5.39955e-19
-8.33785e-19
-1.54857e-18
-2.73483e-18
-3.31411e-18
-1.81819e-18
-4.15941e-22
-3.28745e-22
-2.1037e-22
5.9207e-24
1.60882e-22
-1.51356e-22
-1.3115e-22
3.78738e-21
1.62812e-20
3.67585e-20
4.91724e-20
1.61451e-20
-1.08277e-19
-3.40977e-19
-6.26356e-19
-8.68736e-19
-9.89162e-19
-3.24678e-19
-1.74499e-18
2.08194e-18
2.12795e-21
1.48011e-21
9.46185e-22
1.03717e-21
1.4691e-21
1.72964e-21
1.77476e-21
3.55571e-21
8.58575e-21
1.03511e-20
-5.11357e-21
-3.52611e-20
-4.27076e-20
2.93746e-20
2.02175e-19
4.04865e-19
4.42836e-19
6.00575e-20
-1.27555e-18
4.896e-18
-1.06742e-20
-6.64061e-21
-3.2689e-21
-4.9364e-22
3.93138e-21
1.10271e-20
2.04826e-20
2.95555e-20
3.27461e-20
4.21229e-20
1.05639e-19
2.49475e-19
3.94677e-19
3.04396e-19
-2.26344e-19
-1.05568e-18
-1.3692e-18
6.47761e-20
6.48064e-18
-1.14893e-17
5.1076e-20
2.68321e-20
7.72777e-21
-1.01766e-20
-3.34776e-20
-6.87239e-20
-1.17572e-19
-1.62203e-19
-1.33286e-19
-4.20628e-20
-2.19767e-19
-1.19504e-18
-3.30039e-18
-6.391e-18
-1.02715e-17
-1.56674e-17
-2.63237e-17
-4.84581e-17
-8.22337e-17
-1.18788e-16
-2.27862e-19
-1.09423e-19
-5.65136e-21
1.09548e-19
2.64611e-19
4.93316e-19
8.04831e-19
1.15726e-18
1.43624e-18
1.894e-18
2.83394e-18
3.51952e-18
6.99911e-18
2.73004e-17
7.38383e-17
1.49902e-16
2.53019e-16
3.49111e-16
3.6649e-16
2.23409e-16
1.04663e-18
5.83386e-19
-8.76605e-20
-9.13655e-19
-1.98839e-18
-3.42204e-18
-5.3549e-18
-8.23509e-18
-1.28912e-17
-1.50922e-17
9.65989e-18
7.24317e-17
8.02558e-17
-1.42124e-16
-6.05441e-16
-9.72779e-16
-9.4829e-16
-7.46343e-16
-7.25016e-16
-5.87288e-16
-4.35814e-18
-3.89964e-18
-8.33426e-19
3.80047e-18
1.00693e-17
1.80236e-17
2.72519e-17
3.70688e-17
4.67709e-17
5.72628e-17
8.37617e-17
1.426e-16
1.53253e-16
-1.41442e-16
-8.46173e-16
-1.19671e-15
1.10185e-16
2.82388e-15
4.18914e-15
1.91133e-15
1.43683e-17
2.11155e-17
1.45678e-17
-1.9378e-18
-2.78423e-17
-6.20701e-17
-1.01824e-16
-1.43855e-16
-1.80505e-16
-2.11822e-16
-2.4063e-16
-2.33075e-16
-1.46511e-16
-5.13368e-17
-1.97132e-16
-5.46809e-16
4.70175e-16
5.24961e-15
9.95588e-15
7.86057e-15
-3.58239e-17
-8.21694e-17
-9.4611e-17
-6.9247e-17
-4.30422e-18
9.87328e-17
2.35088e-16
4.19992e-16
5.88392e-16
7.03106e-16
8.25781e-16
8.59016e-16
6.16862e-16
3.11166e-17
-8.12348e-16
-1.75588e-15
-2.51781e-15
-2.86138e-15
1.3353e-15
4.41204e-15
4.97956e-17
1.92572e-16
3.29177e-16
4.25536e-16
4.82451e-16
4.65572e-16
2.38047e-16
-3.46363e-16
-9.86101e-16
-1.47989e-15
-2.11456e-15
-2.24524e-15
-7.66684e-16
2.67742e-15
7.50976e-15
1.27386e-14
1.73314e-14
1.96959e-14
2.08236e-14
-4.68862e-15
4.8182e-17
-8.53382e-17
-5.30386e-16
-1.25998e-15
-2.45814e-15
-3.77441e-15
-4.68982e-15
-5.86089e-15
-5.46483e-15
-1.99709e-15
2.58899e-15
3.95081e-15
-2.61801e-15
-1.85866e-14
-4.09827e-14
-6.43084e-14
-8.20375e-14
-8.688e-14
-7.30044e-14
-6.10224e-14
-6.83999e-16
-1.88268e-15
-1.08979e-15
1.25335e-15
5.93541e-15
1.07932e-14
1.71479e-14
2.50831e-14
2.72475e-14
1.69076e-14
-4.70177e-16
-2.35191e-15
3.43954e-14
1.10434e-13
2.03238e-13
2.75755e-13
2.88912e-13
2.21393e-13
9.38756e-14
-3.02732e-14
3.04822e-15
1.25943e-14
1.25993e-14
1.15502e-14
1.31344e-14
1.45684e-14
-3.31408e-14
-7.15462e-14
-7.07888e-14
-3.15974e-14
-2.3713e-14
-1.64767e-13
-4.44324e-13
-7.1774e-13
-8.32463e-13
-6.87827e-13
-3.24842e-13
6.78346e-14
2.55783e-13
1.37119e-13
-6.57445e-15
-4.72475e-14
-4.8497e-14
-8.26941e-14
-2.22432e-13
-4.19602e-13
-2.91284e-13
-1.89494e-13
4.73795e-14
4.47827e-13
8.10787e-13
9.93366e-13
1.09849e-12
1.21458e-12
1.13917e-12
6.60836e-13
1.5006e-13
9.20977e-14
3.33023e-13
3.95046e-13
4.95573e-15
1.53503e-13
1.10877e-13
1.45956e-13
1.08805e-13
-2.49082e-13
-1.70201e-13
3.61368e-14
3.55975e-13
8.61442e-13
1.40474e-12
1.87575e-12
2.34313e-12
2.69875e-12
2.23432e-12
2.23838e-13
-2.58057e-12
-4.03381e-12
-3.02925e-12
-8.90043e-13
-2.34334e-14
1.0119e-12
9.5599e-13
1.02185e-12
1.03093e-12
1.0167e-12
1.01948e-12
1.30449e-12
1.46333e-12
1.64061e-12
1.9549e-12
2.2831e-12
2.68661e-12
2.94272e-12
3.02341e-12
2.90277e-12
3.8192e-12
5.49317e-12
3.08413e-12
-1.53514e-12
3.90703e-14
7.35462e-13
6.7176e-13
5.60477e-13
4.63603e-13
3.73522e-13
2.66332e-13
2.19094e-13
1.38961e-13
9.21321e-16
-1.57394e-13
-3.40775e-13
-5.46845e-13
-8.05983e-13
-1.09533e-12
-1.42797e-12
-1.72915e-12
-2.07813e-12
-2.65729e-12
-4.23281e-12
)
;
    }
}


// ************************************************************************* //
