/*--------------------------------*- C++ -*----------------------------------*\
| =========                 |                                                 |
| \\      /  F ield         | OpenFOAM: The Open Source CFD Toolbox           |
|  \\    /   O peration     | Version:  4.1                                   |
|   \\  /    A nd           | Web:      www.OpenFOAM.org                      |
|    \\/     M anipulation  |                                                 |
\*---------------------------------------------------------------------------*/
FoamFile
{
    version     2.0;
    format      ascii;
    class       surfaceScalarField;
    location    "10";
    object      phi;
}
// * * * * * * * * * * * * * * * * * * * * * * * * * * * * * * * * * * * * * //

dimensions      [0 3 -1 0 0 0 0];

internalField   nonuniform List<scalar> 
2360
(
-1773.17
71.3132
-1844.48
71.3178
71.3138
2084.44
-2013.12
2084.44
2084.44
2084.44
4310.78
-2226.34
4310.78
4310.78
7155.15
-2844.37
7155.15
7155.15
10745.6
-3590.42
10745.6
10745.6
15700.7
-4955.13
15700.7
15700.7
16295.8
17422.5
18828.7
20449.7
22167.6
23843.1
18980.9
6440.07
20411.2
21716.6
22901.2
23963.3
24896.8
25694.3
26350.3
26868
27271.6
27614.3
27974.6
28398.9
28760.6
16503
12257.6
16503
16503
16503
4715.56
11787.4
4715.56
4715.56
4715.56
47.9993
4667.56
47.9895
47.9894
-4531.57
4579.56
-4531.57
-4531.57
-4531.57
-16285.7
11754.1
-16285.7
-16285.7
-16285.6
-28550.7
12265.1
-28193.4
-27772.4
-27414.6
-27074.7
-26675
-26161.4
-25509
-24714.3
-23783.3
-22723.1
-21540
-20235.5
-18805.7
-23750.8
6522.34
-22075.5
-20356.3
-18731
-17316
-16177.4
-15573.1
-15573.1
-15573.1
-10467.6
-5105.56
-10467.6
-10467.6
-6947.98
-3519.58
-6947.99
-6947.99
-4728.65
-2219.33
-4728.65
-4728.65
-3119.26
-1609.39
-3119.27
-3119.26
-3119.27
-1666.49
-1452.77
-1666.5
-1666.5
-327.924
-1338.57
-2828.87
-4308.36
-2335.12
-6767.46
-1394.43
-5734.06
-196.452
2039
2.16664
8186.89
151.272
10484.9
290.208
10250.8
670.539
6913.67
1126.5
-6581.71
1579.08
-11333.1
2238.71
-12397.6
3111.49
-9803.47
3556.01
1133.25
3082.74
8748.25
2447.35
9753.9
1971.69
7145.67
1665.68
4198.33
1421.72
2890.09
1553.9
-3014.07
-4596.22
-2468.8
-7312.73
-1620.06
-6582.8
-140.037
558.975
-132.477
8179.33
-257.79
10610.2
-259.054
10252.1
291.636
6362.97
497.822
-6787.9
730.466
-11565.8
1472.83
-13140
2726.27
-11056.9
3611.84
247.684
3038.19
9321.9
2231.89
10560.2
1776.86
7600.69
1598.93
4376.26
1413.42
3075.6
1514.55
-3290.36
-4807.34
-2952.54
-7650.55
-2439.21
-7096.13
-1027.88
-852.357
-527.521
7678.97
-729.708
10812.4
-1035.01
10557.4
-679.869
6007.83
-780.769
-6686.99
-796.96
-11549.6
-357.109
-13579.8
706.107
-12120.1
2359.51
-1405.72
2676.76
9004.66
2005.23
11231.7
1555.73
8050.2
1493.01
4438.98
1447.66
3120.94
1352.83
-3911.43
-4839.39
-3842.29
-7719.68
-3516.46
-7421.96
-2306.56
-2062.27
-1438.15
6810.57
-1405.96
10780.2
-1893.38
11044.8
-1902.77
6017.23
-2440.37
-6149.4
-2935.54
-11054.4
-3016.22
-13499.2
-2071.88
-13064.5
443.138
-3920.74
1720.36
7727.44
1559.76
11392.3
1355.64
8254.32
1445.07
4349.54
1705.76
2860.26
839.251
-4861.12
-4687.69
-5006.39
-7574.41
-4818.64
-7609.72
-3880.42
-3000.49
-2848.49
5778.65
-2506.33
10438.1
-2889.95
11428.5
-3298.17
6425.44
-4515.06
-4932.5
-5712.2
-9857.28
-6220.24
-12991.1
-5120.85
-14163.9
-1850.63
-7190.96
197.635
5679.18
726.043
10863.9
1164.67
7815.69
1536.74
3977.48
2350.58
2046.41
-329.743
-6023.75
-4436.23
-6293.51
-7304.65
-6288.87
-7614.35
-5700.11
-3589.24
-4673.22
4751.75
-4077.75
9842.59
-4168.38
11519.1
-4934.1
7191.16
-6979.89
-2886.71
-8791.65
-8045.51
-9625.63
-12157.1
-8563.32
-15226.2
-4767.67
-10986.6
-1631.47
2542.98
-542.975
9775.42
681.608
6591.11
1493.06
3166.03
3053.14
486.336
-2382.16
-7194.1
-4180.62
-7593.19
-6905.57
-7949.33
-7258.2
-7789.9
-3748.67
-6865.3
3827.15
-6072.07
9049.36
-5820.46
11267.5
-6772.81
8143.52
-9391.18
-268.342
-11496.2
-5940.44
-12569.1
-11084.3
-12027.5
-15767.9
-8560.9
-14453.2
-4060.7
-1957.22
-2021.21
7735.92
-216.882
4786.78
2671.6
277.549
2263.68
894.254
6403.86
-8214.73
-3888.39
-8951.42
-6168.88
-9890.18
-6319.44
-10171.5
-3467.39
-9379.91
3035.59
-8415.66
8085.11
-7822.02
10673.8
-8584.42
8905.91
-11064.5
2211.78
-12879.3
-4125.69
-13877.3
-10086.2
-14169.2
-15475.9
-12272.5
-16349.9
-7107.67
-7122.08
-3521.65
4149.9
-3807.68
5072.81
-6491.49
2961.36
-9720.81
4123.57
8948.16
-9065.99
-3206.91
-10534
-4700.91
-12134.3
-4719.11
-12818.6
-2783.09
-12111.6
2328.59
-10918.6
6892.11
-9926.71
9681.95
-10017.4
8996.58
-11185.1
3379.48
-11594.5
-3716.25
-12008.3
-9672.41
-13241.4
-14242.8
-14163.2
-15428.1
-12895.7
-8389.59
-11606
2860.21
-13218.1
6684.89
-15499
5242.24
-15244
3868.56
5458.27
-9911.01
-1731.68
-12323.9
-2288
-14530.1
-2512.91
-15859.4
-1453.77
-15529.6
1998.74
-14157.2
5519.68
-12479.3
8004.14
-10849.3
7366.57
-8797.64
1327.77
-6713.98
-5799.9
-6599.79
-9786.6
-8893.86
-11948.8
-12391
-11931
-14420.1
-6360.46
-14806.1
3246.23
-14688.3
6567.04
-13468.5
4022.51
-10333.8
733.844
-295.958
-10728.3
189.229
-13646.9
630.605
-16403.2
243.342
-18714.8
857.855
-19365.7
2649.67
-17983.6
4137.58
-14611.3
4631.79
-9505.88
2261.18
-4522.8
-3655.31
-1993.98
-8328.73
-1956.95
-9823.63
-4439.58
-9466.13
-9523.62
-6846.95
-12489.7
-3394.34
-12597.1
3353.58
-12462.8
6432.73
-12001
3560.71
-10143.6
-1123.57
-5771.96
-10207.3
1872.33
-12900.7
3324.02
-15688.9
3031.56
-18182.8
3351.77
-18879.9
3346.74
-16551.8
1809.51
-11344.6
-575.455
-5544.42
-3538.99
-2365.13
-6834.61
-1633.06
-9060.8
-1785.96
-9670.72
-3580.81
-7671.29
-8955.07
-1472.7
-13671.9
1322.52
-15193.4
4875.03
-16231.3
7470.68
-16952.7
4282.05
-15712.7
-2363.49
-9697.29
-8849.03
3128.17
-10996.7
5471.72
-13293.1
5327.99
-15055.6
5114.21
-14554.1
2845.3
-11315.4
-1429.22
-7094.13
-4796.73
-3870.9
-6762.22
-2256.92
-8448.58
-1650.97
-9666.75
-1816.03
-9505.66
-3152.83
-6334.49
-6882.94
2257.41
-10764.1
5203.67
-12802.3
6913.25
-13042.1
7710.5
-11666.7
2906.58
-10953.6
-3076.57
-8393.23
-7487.56
3908.12
-8948.17
6932.33
-10605.9
6985.68
-11635.4
6143.72
-10464.8
1674.76
-7748.73
-4145.32
-4963.61
-7581.86
-2780.89
-8944.95
-1492.26
-9737.2
-969.882
-10189.1
-1039.05
-9436.49
-1577.19
-5796.35
-3307.37
3987.59
-5728.29
7624.59
-7318.18
8503.14
-6171.14
6563.46
-2260.67
-1003.89
-319.017
-5018.22
-2272.17
-6417.31
4237.68
-7178.91
7693.92
-8208.89
8015.66
-8718.05
6652.88
-7276.55
233.258
-5072.24
-6349.62
-3114.62
-9539.48
-1714.94
-10344.6
-892.963
-10559.2
-516.832
-10565.3
-509.364
-9443.95
-548.046
-5757.67
-507.259
3946.8
-988.276
8105.6
-1783.73
9298.6
-623.817
5403.55
949.275
-2576.98
2781.01
-6849.95
-4446.29
-5665.19
4236.04
-5838.75
7867.48
-6273.46
8450.38
-6312.17
6691.59
-4701.58
-1377.33
-3007.85
-8043.35
-1809.36
-10738
-1028.93
-11125.1
-454.968
-11133.1
-107.801
-10912.4
-27.6683
-9524.09
162.632
-5947.97
1160.64
2948.79
2069.6
7196.64
2849.49
8518.71
3641.85
4611.18
4028.96
-2964.09
3638.38
-6459.38
-4398.33
-5137.61
4051.72
-4923.39
7653.26
-4842.8
8369.79
-4370.89
6219.68
-2738.94
-3009.29
-1612.87
-9169.42
-1041.76
-11309.1
-571.14
-11595.7
-80.2549
-11624
239.592
-11232.3
372.157
-9656.65
598.241
-6174.05
1939.99
1607.04
3047.22
6089.41
4411.55
7154.39
5100.28
3922.45
4578.85
-2442.66
3409.4
-5289.92
-3833.29
-4713.59
3831.46
-4338.71
7278.38
-3888.6
7919.68
-2900.4
5231.47
-1465.63
-4444.05
-873.432
-9761.62
-629.662
-11552.8
-228.414
-11996.9
208.706
-12061.1
493.859
-11517.4
666.384
-9829.18
925.977
-6433.64
2166.01
367.002
3066.8
5188.63
4192.17
6029.02
4721.41
3393.21
4075.6
-1796.85
2926.03
-4140.35
-3133.61
-4356.08
3625.76
-3992.69
6914.99
-3362.34
7289.33
-1942.23
3811.37
-888.588
-5497.7
-621.933
-10028.3
-354.578
-11820.2
36.3047
-12387.8
403.287
-12428.1
669.502
-11783.6
871.955
-10031.6
1152.27
-6713.95
2099.95
-580.685
2812.14
4476.45
3585.57
5255.58
3919.84
3058.94
3396.13
-1273.14
2505.37
-3249.59
-2641.36
-3917.35
-3590.83
-3023.57
-1781.18
-884.813
-481.069
-149.621
183.509
509.837
781.606
999.644
1212.1
1729.2
2211.81
2652.71
2826.93
2578.53
2191.72
258.093
-853.164
739.786
-1608.41
1127.54
-1793.93
1317.01
-1810.46
1338.31
-1739.28
1263.9
-1601.04
1127.84
-1441.87
998.092
-1300.48
861.388
-1168.73
714.731
-1037.9
554.922
-902.294
380.002
-758.562
188.951
-606.496
-13.1541
-453.89
-204.694
-326.121
-338.261
-270.043
-361.186
-319.792
-258.546
-462.925
-88.0706
-594.854
-449.74
254.765
-1107.93
560.681
-1914.33
607.59
-1840.84
411.324
-1614.2
103.799
-1431.75
-199.474
-1297.77
-457.052
-1184.29
-685.366
-1072.17
-899.756
-954.342
-1110.01
-827.646
-1317.85
-694.46
-1515.06
-561.349
-1680.78
-440.777
-1777.77
-356.899
-1753.61
-350.284
-1568.18
-455.476
-1222.83
-665.135
-775.773
-909.988
-335.02
-1035.61
-784.76
-38.403
-1069.53
-37.9731
-1914.76
-123.307
-1755.51
-226.077
-1511.43
-311.287
-1346.54
-376.596
-1232.46
-429.943
-1130.95
-477.965
-1024.15
-520.051
-912.257
-553.381
-794.315
-575.523
-672.32
-583.196
-553.676
-567.145
-456.829
-512.805
-411.239
-412.642
-450.448
-276.416
-591.702
-140.092
-801.46
-49.4867
-1000.59
-22.8647
-1062.23
-807.625
-125.556
-943.971
-136.719
-1903.6
-59.0496
-1833.18
37.2555
-1607.73
118.682
-1427.97
177.428
-1291.21
233.168
-1186.68
300.29
-1091.27
386.725
-998.691
496.635
-904.225
630.27
-805.954
780.447
-703.853
928.848
-605.23
1044.32
-526.71
1084.96
-491.086
1014.2
-520.945
823.824
-611.083
542.788
-719.559
242.402
-761.846
-565.223
-140.931
-803.04
-124.128
-1920.4
-9.92591
-1947.38
83.3346
-1700.99
157.749
-1502.38
227.828
-1361.28
299.816
-1258.67
374.741
-1166.19
454.362
-1078.31
541.929
-991.792
641.842
-905.867
756.888
-818.9
881.06
-729.401
993.201
-638.851
1057.86
-555.741
1032.69
-495.778
893.449
-471.843
644.902
-471.012
337.752
-454.697
-227.47
-56.1654
-746.875
-50.5095
-1926.06
17.9387
-2015.83
80.7025
-1763.76
140.595
-1562.28
201.276
-1421.97
261.271
-1318.67
317.02
-1221.94
366.924
-1128.22
410.687
-1035.55
449.627
-944.807
486.887
-856.161
526.541
-769.054
569.636
-681.947
608.234
-594.339
619.005
-506.549
571.671
-424.509
442.364
-341.705
232.777
-245.11
5.30684
111.414
-858.288
153.122
-1967.77
192.722
-2055.43
235.235
-1806.27
287.367
-1614.41
343.507
-1478.11
400.862
-1376.02
455.638
-1276.72
505.523
-1178.1
546.931
-1076.96
576.331
-974.207
590.853
-870.682
589.454
-767.656
572.996
-665.489
543.042
-564.384
497.566
-461.073
428.212
-355.155
319.377
-232.869
157.919
-83.652
163.225
324.176
-1182.46
438.566
-2082.16
445.298
-2062.16
461.64
-1822.61
514.214
-1666.98
580.108
-1544
653.593
-1449.51
726.348
-1349.48
794.893
-1246.65
851.79
-1133.86
891.787
-1014.2
910.04
-888.935
903.034
-760.65
867.676
-630.131
801.782
-498.49
703.666
-362.957
574.346
-225.836
409.027
-67.5497
204.422
120.953
367.648
431.224
-1613.69
518.687
-2169.62
475.129
-2018.6
473.573
-1821.06
528.169
-1721.58
601.034
-1616.87
690.098
-1538.57
780.395
-1439.77
865.721
-1331.97
932.53
-1200.67
975.615
-1057.29
990.279
-903.598
973.778
-744.149
919.506
-575.86
820.36
-399.344
666.653
-209.25
451.09
-10.2731
271.545
111.996
110.812
281.685
478.46
282.913
-1896.6
200.556
-2087.26
102.623
-1920.67
60.7531
-1779.19
52.3044
-1713.13
54.0612
-1618.62
67.3204
-1551.83
78.8585
-1451.31
80.5836
-1333.7
61.2644
-1181.35
19.7573
-1015.78
-42.0968
-841.744
-117.972
-668.274
-202.105
-491.726
-286.198
-315.251
-350.435
-145.014
-353.097
-7.61081
-361.923
120.822
-287.064
206.826
191.396
-9.20985
-1887.39
-166.208
-1930.26
-282.307
-1804.57
-389.996
-1671.5
-497.395
-1605.73
-609.711
-1506.31
-724.898
-1436.64
-843.292
-1332.92
-965.005
-1211.99
-1090.19
-1056.17
-1220.55
-885.422
-1355.06
-707.229
-1488.28
-535.053
-1606.14
-373.866
-1682.13
-239.266
-1667.79
-159.353
-1521.26
-154.14
-1175.87
-224.573
-608.632
-360.407
-417.236
-138.543
-1748.85
-216.374
-1852.43
-305.304
-1715.64
-430.388
-1546.41
-561.85
-1474.27
-717.111
-1351.05
-886.061
-1267.69
-1061.69
-1157.29
-1226.44
-1047.23
-1367.08
-915.525
-1478.31
-774.191
-1557.38
-628.164
-1596.82
-495.614
-1578.79
-391.896
-1484.54
-333.51
-1299.02
-344.876
-1007.33
-445.828
-613.324
-618.581
-221.633
-752.098
-638.869
-16.2656
-1732.58
17.321
-1886.02
35.3738
-1733.69
30.1601
-1541.2
23.1904
-1467.3
2.7885
-1330.64
-27.5771
-1237.33
-60.9105
-1123.95
-84.5545
-1023.59
-81.224
-918.856
-39.9848
-815.43
44.3232
-712.472
165.636
-616.926
310.833
-537.093
460.564
-483.24
579.879
-464.192
612.781
-478.73
509.189
-514.989
273.385
-516.294
-365.484
73.9322
-1806.51
112.358
-1924.44
162.157
-1783.49
211.755
-1590.8
263.128
-1518.67
317.484
-1385
372.104
-1291.95
430.777
-1182.63
491.966
-1084.78
561.285
-988.174
641.891
-896.035
736.386
-806.967
838.81
-719.35
933.384
-631.667
993.854
-543.711
986.865
-457.203
884.721
-376.585
667.253
-297.522
355.319
-204.36
-10.1652
123.145
-1929.66
132.747
-1934.05
180.714
-1831.46
235.101
-1645.18
296.329
-1579.9
357.916
-1446.59
424.739
-1358.77
494.492
-1252.38
567.967
-1158.25
642.129
-1062.34
714.43
-968.336
780.251
-872.788
833.935
-773.033
866.89
-664.622
868.027
-544.847
823.535
-412.711
724.736
-277.786
551.761
-124.546
297.835
49.5664
287.67
105.729
-2035.39
84.1591
-1912.48
118.434
-1865.73
161.461
-1688.21
211.576
-1630.02
267.323
-1502.33
330.012
-1421.46
399.315
-1321.68
477.467
-1236.41
563.575
-1148.44
656.689
-1061.45
750.029
-966.128
829.939
-852.943
872.029
-706.712
846.282
-519.1
740.174
-306.602
565.829
-103.442
353.056
88.2279
175.008
227.614
462.678
-4.59122
-2030.8
-66.895
-1850.17
-93.8696
-1838.76
-103.312
-1678.77
-110.296
-1623.03
-99.1066
-1513.52
-81.7395
-1438.83
-50.5318
-1352.89
-8.77877
-1278.16
44.9738
-1202.2
108.075
-1124.55
174.228
-1032.28
227.916
-906.63
240.443
-719.24
180.5
-459.156
60.6867
-186.789
-15.039
-27.7152
-11.941
85.1304
-64.4738
280.147
398.204
-180.398
-1850.4
-380.475
-1650.09
-545.998
-1673.24
-672.911
-1551.85
-790.4
-1505.54
-877.392
-1426.53
-951.81
-1364.41
-1006.59
-1298.11
-1048
-1236.75
-1074.53
-1175.67
-1086.8
-1112.28
-1081.95
-1037.13
-1053.32
-935.269
-986.456
-786.1
-864.642
-580.97
-693.083
-358.348
-539.716
-181.082
-421.707
-32.8786
-255.965
114.406
142.239
-212.403
-1638
-478.829
-1383.67
-759.118
-1392.95
-1002.29
-1308.68
-1237.98
-1269.85
-1444.86
-1219.65
-1631.75
-1177.52
-1794.84
-1135.02
-1936.82
-1094.77
-2057.06
-1055.43
-2152.89
-1016.44
-2214.75
-975.269
-2221.72
-928.298
-2136.68
-871.141
-1918.13
-799.524
-1563.75
-712.726
-1132
-612.829
-679.516
-485.365
-254.951
-310.159
-112.713
-662.996
-1071.66
-1489.61
-1823.29
-2118.14
-2362.8
-2565.31
-2725.34
-2845.1
-2925.54
-2966.98
-2967.25
-2920.54
-2816.69
-2641.21
-2378.94
-2016.76
-1527.13
-862.287
-662.985
1637.98
-1071.64
1383.65
-1489.57
1392.93
-1823.24
1308.66
-2118.07
1269.83
-2362.7
1219.63
-2565.19
1177.49
-2725.2
1135
-2844.94
1094.74
-2925.36
1055.41
-2966.78
1016.42
-2967.03
975.248
-2920.31
928.278
-2816.44
871.129
-2640.97
799.529
-2378.74
712.765
-2016.64
612.906
-1527.1
485.453
-862.33
310.229
112.67
-212.387
1850.36
-478.808
1650.06
-759.088
1673.2
-1002.26
1551.82
-1237.95
1505.51
-1444.82
1426.5
-1631.72
1364.38
-1794.81
1298.09
-1936.81
1236.74
-2057.06
1175.65
-2152.89
1112.25
-2214.73
1037.08
-2221.62
935.166
-2136.42
785.931
-1917.72
580.821
-1563.34
358.385
-1131.69
181.253
-679.211
32.9749
-254.705
-114.283
-142.035
-180.439
2030.79
-380.544
1850.16
-546.101
1838.76
-673.063
1678.78
-790.598
1623.04
-877.646
1513.54
-952.122
1438.86
-1006.97
1352.93
-1048.45
1278.22
-1075.07
1202.27
-1087.44
1124.62
-1082.67
1032.3
-1054.05
906.545
-987.099
718.978
-865.061
458.778
-693.207
186.526
-539.871
27.9106
-422.105
-84.7982
-256.071
-280.324
-398.107
-4.69845
2035.49
-67.0703
1912.53
-94.1327
1865.82
-103.671
1688.31
-110.755
1630.12
-99.6721
1502.46
-82.4191
1421.6
-51.3319
1321.84
-9.70598
1236.59
43.9151
1148.64
106.872
1061.66
172.856
966.315
226.336
853.059
238.623
706.686
178.504
518.889
58.785
306.229
-15.9694
102.633
-12.208
-88.5865
-64.7232
-227.82
-462.83
105.73
1929.75
84.0816
1934.17
118.313
1831.58
161.309
1645.31
211.396
1580.03
267.125
1446.72
329.802
1358.92
399.106
1252.53
477.271
1158.41
563.406
1062.5
656.554
968.502
749.931
872.934
829.851
773.133
871.883
664.651
845.988
544.778
739.679
412.531
564.816
277.49
352.095
124.126
174.419
-50.1538
-288.412
123.314
1806.44
132.829
1924.66
180.783
1783.62
235.17
1590.92
296.423
1518.78
358.011
1385.13
424.846
1292.08
494.6
1182.77
568.085
1084.93
642.263
988.322
714.591
896.171
780.435
807.089
834.107
719.46
867.018
631.738
868.046
543.748
823.367
457.208
724.371
376.484
551.334
297.159
297.501
203.674
9.08951
74.1631
1732.27
112.554
1886.26
162.384
1733.79
212.082
1541.22
263.568
1467.29
318.071
1330.62
372.874
1237.27
431.758
1123.88
493.169
1023.51
562.671
918.817
643.363
815.477
737.76
712.69
839.816
617.4
933.86
537.693
993.863
483.741
986.473
464.598
884.216
478.738
666.883
514.489
355.167
515.384
364.257
-15.7813
1748.05
18.0998
1852.38
36.5366
1715.35
31.7679
1545.99
25.2376
1473.82
5.32749
1350.54
-24.5164
1267.12
-57.276
1156.65
-80.3169
1046.56
-76.3815
914.884
-34.5825
773.68
50.1899
627.92
171.79
495.804
317.121
392.366
466.841
334.022
585.658
345.783
617.316
447.082
511.932
619.874
274.514
752.802
638.771
-138.676
1886.72
-216.096
1929.8
-304.833
1804.08
-429.82
1670.97
-561.19
1605.18
-716.413
1505.75
-885.319
1436.02
-1060.86
1332.18
-1225.42
1211.11
-1365.73
1055.2
-1476.49
884.433
-1554.9
706.32
-1593.42
534.328
-1574.46
373.398
-1479.57
239.134
-1293.6
159.806
-1001.97
155.447
-608.97
226.877
-219.402
363.233
419.369
-10.1671
1896.89
-167.147
2086.78
-283.358
1920.3
-391.361
1778.98
-499.169
1712.99
-611.985
1618.57
-727.755
1551.79
-846.775
1451.21
-969.105
1333.44
-1094.86
1180.95
-1225.73
1015.31
-1360.68
841.272
-1494.24
667.892
-1612.16
491.327
-1687.59
314.566
-1671.89
144.111
-1523.06
6.61583
-1176
-120.183
-607.703
-205.057
-188.333
282.113
1614.78
199.177
2169.72
100.926
2018.55
58.6782
1821.22
49.7702
1721.9
51.0565
1617.29
63.7983
1539.05
74.7826
1440.22
75.9176
1332.31
56.0444
1200.82
14.091
1057.26
-48.0092
903.374
-123.809
743.695
-207.749
575.271
-291.867
398.689
-355.904
208.155
-359.223
9.94177
-367.366
-112.034
-290.104
-282.316
-478.437
431.541
1183.25
518.864
2082.4
475.09
2062.33
473.405
1822.91
527.945
1667.37
600.812
1544.42
689.911
1449.96
780.223
1349.91
865.499
1247.04
932.175
1134.15
975.057
1014.38
989.446
888.989
972.575
760.57
917.934
629.915
818.494
498.133
664.2
362.453
448.896
225.253
270.186
66.6833
109.825
-121.947
-368.612
325.02
858.228
439.71
1967.71
446.33
2055.71
462.586
1806.66
515.186
1614.77
581.175
1478.44
654.787
1376.34
727.666
1277.04
796.304
1178.4
853.242
1077.22
893.234
974.392
911.45
870.775
904.381
767.64
868.941
665.358
802.929
564.146
704.637
460.746
575.141
354.751
409.527
232.301
204.681
82.9026
-163.93
111.992
746.244
153.862
1925.84
193.381
2016.2
235.848
1764.2
287.969
1562.65
344.112
1422.3
401.475
1318.99
456.269
1222.25
506.178
1128.5
547.611
1035.79
577.018
944.989
591.523
856.276
590.04
769.128
573.378
682.025
543.105
594.424
497.32
506.536
427.832
424.243
319.058
341.078
157.798
244.171
-6.13247
-55.9961
802.246
-50.5041
1920.36
17.7759
1947.92
80.4897
1701.49
140.332
1502.82
200.945
1361.7
260.867
1259.07
316.551
1166.57
366.378
1078.67
410.025
992.151
448.764
906.254
485.656
819.391
524.753
730.034
567.263
639.52
605.446
556.243
616.132
495.854
569.138
471.238
440.545
469.673
231.736
452.982
225.604
-140.88
943.132
-124.19
1903.67
-10.2434
1833.98
82.7731
1608.48
157.075
1428.52
227.131
1291.65
299.082
1187.13
373.877
1091.78
453.206
999.351
540.347
905.017
639.765
806.839
754.147
705.015
877.558
606.626
989.467
527.616
1054.57
491.14
1030.17
520.255
891.814
609.599
644.107
717.381
337.556
759.535
563.161
-126.287
1069.42
-137.215
1914.6
-58.5307
1755.3
38.2962
1511.66
119.824
1346.99
178.636
1232.84
234.515
1131.25
301.771
1024.53
388.317
912.808
498.395
794.942
632.287
672.95
782.814
554.49
931.671
457.771
1047.56
411.727
1088.27
450.432
1017.13
591.402
826.038
800.688
544.159
999.261
243.053
1060.64
806.214
-41.0565
1110.48
-42.6933
1916.24
-127.942
1840.55
-229.249
1612.97
-312.554
1430.3
-376.332
1296.62
-428.915
1183.83
-476.496
1072.11
-517.986
954.3
-550.51
827.469
-571.703
694.145
-578.191
560.98
-560.786
440.367
-505.626
356.569
-405.6
350.408
-270.383
456.187
-135.793
666.099
-47.1877
910.656
-22.068
1035.52
784.146
250.485
859.996
550.843
1615.88
593.556
1797.84
396.056
1810.47
89.3847
1736.97
-212.397
1598.4
-468.813
1440.25
-696.305
1299.61
-910.071
1168.07
-1119.82
1037.22
-1327.12
901.448
-1523.58
757.436
-1688.17
604.958
-1783.48
451.884
-1757.46
324.381
-1570.88
269.606
-1224.9
320.122
-777.533
463.286
-336.127
594.115
448.019
255.761
733.003
1115.81
1301.02
1318.78
1241.84
1104.91
974.726
838.268
692.392
533.683
360.032
170.35
-30.2076
-219.365
-349.452
-369.238
-263.763
-90.7196
)
;

boundaryField
{
    outletWall
    {
        type            calculated;
        value           nonuniform List<scalar> 
60
(
-327.924
-1470.74
-2646.13
-3892.32
-6670.01
-9118.51
-8274.99
-1577.77
8930.68
11738
10880.5
6125.75
-7294
-10389.8
-10634
-8385.51
-3236.98
4793.37
6273.71
4097.35
4139.74
4561.78
4933.86
5321.92
5666.84
6087.75
6707.6
7593.18
8524.17
8807.42
8435.78
8384.51
7922.49
6938.5
5772.29
4709.42
3943.47
3501.48
3301.93
3039.88
1773.17
-2294.12
-2862.78
-1024.74
2884.72
4814.68
3993.85
-1097.79
-6926.41
-10249.7
-12055.4
-12754.5
-12720.9
-12151.7
-10432
-6394.07
2568.98
6722.06
6588.48
3403.37
)
;
    }
    fineWalls
    {
        type            calculated;
        value           uniform 0;
    }
    fineFrontAndBack
    {
        type            calculated;
        value           nonuniform List<scalar> 
960
(
1.11168e-12
4.23168e-12
8.41301e-13
2.97472e-13
1.26519e-12
5.17042e-13
8.57761e-13
1.31819e-12
6.52406e-12
7.85741e-13
5.02449e-13
-1.11329e-12
-8.79385e-13
-7.38968e-13
-6.85792e-12
-1.64116e-12
-1.3822e-12
-3.87092e-12
-3.30334e-13
1.67293e-13
-1.0386e-13
-7.53645e-14
1.98024e-13
4.09816e-13
4.14516e-13
3.76443e-13
6.11061e-12
3.58295e-13
4.11118e-13
4.6564e-13
5.31276e-13
5.91121e-13
6.22953e-13
6.19505e-13
5.9198e-13
5.2803e-13
3.85009e-13
8.90592e-14
-1.92864e-13
-5.32095e-13
-2.04816e-11
-3.43242e-12
-3.04822e-12
-2.63273e-12
-5.06649e-12
1.96994e-13
8.03731e-14
-6.0513e-13
4.22254e-11
4.53943e-11
-2.02355e-11
1.30092e-11
1.42505e-13
1.48999e-12
1.25643e-12
1.14079e-11
2.54583e-12
2.84883e-12
3.22614e-12
1.95956e-11
5.15942e-13
1.6014e-13
-1.2546e-13
-4.33371e-13
-5.97971e-13
-6.78417e-13
-7.14551e-13
-7.14044e-13
-6.70815e-13
-6.01863e-13
-5.32926e-13
-4.78666e-13
-4.34863e-13
-8.04435e-12
-4.64281e-13
-5.24594e-13
-5.35516e-13
-3.28551e-13
-5.67697e-14
-3.80472e-14
-1.12292e-12
-8.0373e-13
-5.2738e-12
-1.1426e-12
-1.16399e-12
-5.00471e-12
-8.5572e-13
-9.49953e-13
-3.85442e-12
-6.30753e-13
-6.83563e-13
-1.87019e-12
-1.21448e-14
-2.82077e-14
-3.58588e-14
-2.14989e-13
-6.24486e-15
-5.86037e-15
-5.72873e-14
5.11648e-15
-7.15019e-13
5.9078e-12
1.359e-11
1.94704e-11
1.91433e-11
1.83872e-11
1.73743e-11
1.57602e-11
1.32662e-11
9.47091e-12
7.4127e-12
7.53729e-12
6.78414e-12
1.46722e-12
-1.02143e-12
-1.66112e-12
-1.51707e-12
-1.07592e-12
-7.69607e-13
4.16931e-12
1.49633e-11
2.24885e-11
2.59312e-11
2.14345e-11
1.87527e-11
1.72931e-11
1.56998e-11
1.26954e-11
9.64839e-12
1.18566e-11
1.54278e-11
1.58662e-11
4.9349e-12
-4.58918e-13
-1.70243e-12
-1.60999e-12
-1.1538e-12
-9.42798e-13
9.69951e-12
2.01949e-11
2.43119e-11
2.57358e-11
2.48601e-11
2.08377e-11
1.76864e-11
1.54118e-11
1.18451e-11
1.28634e-11
1.89083e-11
2.23864e-11
2.14692e-11
1.00282e-11
1.53569e-12
-1.48815e-12
-1.78225e-12
-1.33752e-12
-5.37093e-13
1.54712e-11
2.15981e-11
2.21715e-11
2.33215e-11
2.609e-11
2.3781e-11
1.93635e-11
1.53966e-11
1.35832e-11
1.95076e-11
2.59035e-11
2.60154e-11
2.07011e-11
1.53918e-11
5.09825e-12
-7.18669e-13
-2.01865e-12
-1.75521e-12
-5.86509e-14
1.82249e-11
1.68733e-11
1.64308e-11
2.01386e-11
2.56379e-11
2.56776e-11
2.1866e-11
1.67418e-11
1.8881e-11
2.80425e-11
3.28393e-11
2.92153e-11
2.0677e-11
1.77257e-11
7.84059e-12
7.83176e-13
-1.66593e-12
-2.39011e-12
5.51521e-13
1.51092e-11
7.25615e-12
1.02173e-11
1.83908e-11
2.5541e-11
2.63608e-11
2.38517e-11
1.96197e-11
2.64024e-11
3.76277e-11
4.14653e-11
3.59217e-11
2.29979e-11
1.35263e-11
1.02703e-11
2.39862e-12
-7.09877e-13
-1.65209e-12
-3.64331e-12
5.82281e-12
-2.97934e-12
6.54522e-12
1.87875e-11
2.63312e-11
2.66221e-11
2.46962e-11
2.30204e-11
3.42125e-11
4.69176e-11
4.96101e-11
4.33208e-11
2.82079e-11
1.14972e-11
1.06645e-11
3.69987e-12
1.04871e-12
1.65462e-13
-7.70474e-12
-6.83668e-12
-8.83986e-12
6.09035e-12
2.05116e-11
2.71339e-11
2.65957e-11
2.49478e-11
2.61299e-11
3.92167e-11
4.89549e-11
4.60637e-11
3.99924e-11
2.95992e-11
1.38683e-11
6.18096e-12
6.37014e-12
1.15482e-11
1.72644e-11
2.3649e-11
-1.70705e-11
-9.83085e-12
5.37681e-12
2.16627e-11
2.67667e-11
2.33895e-11
2.29617e-11
2.82616e-11
3.66257e-11
3.03023e-11
1.78614e-11
1.4556e-11
1.69434e-11
1.66176e-11
1.34718e-11
1.71654e-11
2.26863e-11
2.38102e-11
2.25781e-11
-1.87231e-11
-1.34272e-11
-3.26452e-12
1.80576e-11
3.7946e-11
3.75194e-11
3.00913e-11
2.65357e-11
1.88336e-11
-7.77713e-12
-1.73973e-11
-1.66189e-11
-7.08853e-12
9.06445e-12
1.55781e-11
1.11192e-11
9.12016e-12
2.35679e-11
5.30317e-11
-1.69771e-11
-2.48e-11
-2.7092e-11
-2.02006e-11
-4.00247e-12
1.06725e-11
1.56506e-11
9.47605e-12
-1.03332e-11
-2.43655e-11
-2.00204e-11
-1.5981e-11
-1.8849e-11
-4.21722e-12
1.78039e-11
1.41105e-11
6.2126e-12
-1.94687e-12
3.17696e-12
-1.80376e-11
-2.8184e-11
-3.41013e-11
-3.51046e-11
-2.9978e-11
-2.22713e-11
-1.84212e-11
-2.23372e-11
-2.76625e-11
-2.24806e-11
-1.34005e-11
-5.43744e-12
-1.25615e-11
-2.02196e-11
-9.70895e-12
-8.1123e-12
-1.69414e-11
-2.08893e-11
-1.5922e-11
-1.6855e-11
-2.82249e-11
-3.55954e-11
-3.93953e-11
-3.81857e-11
-3.47565e-11
-3.28845e-11
-3.15062e-11
-2.70266e-11
-2.01763e-11
-1.34442e-11
-7.24922e-12
-9.45923e-12
-2.12729e-11
-2.16018e-11
-1.82892e-11
-1.80266e-11
-1.70539e-11
-2.34047e-11
-1.46372e-11
-2.69713e-11
-3.49876e-11
-3.97139e-11
-3.94656e-11
-3.69126e-11
-3.49957e-11
-3.13539e-11
-2.52693e-11
-1.89378e-11
-1.38871e-11
-8.87609e-12
-5.69745e-12
-1.33806e-11
-2.17949e-11
-1.85189e-11
-7.00477e-12
3.59732e-12
1.04286e-11
-1.20935e-11
-2.48205e-11
-3.33916e-11
-3.89828e-11
-3.95778e-11
-3.73287e-11
-3.4053e-11
-2.87149e-11
-2.271e-11
-1.77114e-11
-1.37977e-11
-9.21133e-12
-4.58064e-12
-4.77282e-12
-1.34927e-11
-1.7469e-11
-8.69343e-12
-8.59662e-13
5.84906e-12
-9.74311e-12
-2.18661e-11
-3.08333e-11
-3.76292e-11
-3.91967e-11
-3.61556e-11
-3.11864e-11
-2.56538e-11
-2.12472e-11
-1.7657e-11
-1.42435e-11
-9.83147e-12
-6.0195e-12
-2.18209e-12
-2.80917e-12
-6.69281e-12
-1.92468e-12
2.32728e-12
5.66663e-12
-7.56066e-12
-1.83768e-11
-2.73146e-11
-3.53112e-11
-3.75415e-11
-3.2867e-11
-2.74001e-11
-2.34483e-11
-2.08385e-11
-1.78737e-11
-1.44069e-11
-9.9089e-12
-6.51087e-12
-2.92814e-12
2.3558e-13
4.79749e-13
2.32424e-12
3.035e-12
2.59131e-12
-5.20007e-12
-1.45348e-11
-2.29968e-11
-3.16535e-11
-3.39085e-11
-2.82755e-11
-2.46349e-11
-2.27585e-11
-2.09854e-11
-1.80029e-11
-1.44041e-11
-9.7867e-12
-6.03442e-12
-3.20659e-12
-3.58369e-13
1.46141e-12
2.03195e-12
2.77637e-12
3.88024e-13
-2.82734e-12
-1.08988e-11
-1.89441e-11
-2.76025e-11
-2.85836e-11
-2.4737e-11
-2.37952e-11
-2.28656e-11
-2.10923e-11
-1.79734e-11
-1.42699e-11
-9.5047e-12
-5.23576e-12
-2.76512e-12
-6.03552e-13
1.06506e-12
1.55397e-12
2.50838e-12
8.96311e-13
2.93182e-13
-5.11461e-12
-1.18044e-11
-1.98545e-11
-2.3569e-11
-2.37989e-11
-2.38896e-11
-2.29558e-11
-2.10783e-11
-1.78924e-11
-1.41153e-11
-9.19881e-12
-4.46008e-12
-1.96669e-12
5.26525e-14
1.30327e-12
1.82986e-12
2.37733e-12
7.5939e-13
-1.11168e-12
-4.23168e-12
-8.41301e-13
-2.97472e-13
-1.26519e-12
-5.17042e-13
-8.57761e-13
-1.31819e-12
-6.52406e-12
-7.85741e-13
-5.02449e-13
1.11329e-12
8.79385e-13
7.38968e-13
6.85792e-12
1.64116e-12
1.3822e-12
3.87092e-12
3.30334e-13
-1.67293e-13
1.0386e-13
7.53645e-14
-1.98024e-13
-4.09816e-13
-4.14516e-13
-3.76443e-13
-6.11061e-12
-3.58295e-13
-4.11118e-13
-4.6564e-13
-5.31276e-13
-5.91121e-13
-6.22953e-13
-6.19505e-13
-5.9198e-13
-5.2803e-13
-3.85009e-13
-8.90592e-14
1.92864e-13
5.32095e-13
2.04816e-11
3.43242e-12
3.04822e-12
2.63273e-12
5.06649e-12
-1.96994e-13
-8.03731e-14
6.0513e-13
-4.22254e-11
-4.53943e-11
2.02355e-11
-1.30092e-11
-1.42505e-13
-1.48999e-12
-1.25643e-12
-1.14079e-11
-2.54583e-12
-2.84883e-12
-3.22614e-12
-1.95956e-11
-5.15942e-13
-1.6014e-13
1.2546e-13
4.33371e-13
5.97971e-13
6.78417e-13
7.14551e-13
7.14044e-13
6.70815e-13
6.01863e-13
5.32926e-13
4.78666e-13
4.34863e-13
8.04435e-12
4.64281e-13
5.24594e-13
5.35516e-13
3.28551e-13
5.67697e-14
3.80472e-14
1.12292e-12
8.0373e-13
5.2738e-12
1.1426e-12
1.16399e-12
5.00471e-12
8.5572e-13
9.49953e-13
3.85442e-12
6.30753e-13
6.83563e-13
1.87019e-12
1.21448e-14
2.82077e-14
3.58588e-14
2.14989e-13
6.24486e-15
5.86037e-15
5.72873e-14
-5.11648e-15
7.15019e-13
-5.9078e-12
-1.359e-11
-1.94704e-11
-1.91433e-11
-1.83872e-11
-1.73743e-11
-1.57602e-11
-1.32662e-11
-9.47091e-12
-7.4127e-12
-7.53729e-12
-6.78414e-12
-1.46722e-12
1.02143e-12
1.66112e-12
1.51707e-12
1.07592e-12
7.69607e-13
-4.16931e-12
-1.49633e-11
-2.24885e-11
-2.59312e-11
-2.14345e-11
-1.87527e-11
-1.72931e-11
-1.56998e-11
-1.26954e-11
-9.64839e-12
-1.18566e-11
-1.54278e-11
-1.58662e-11
-4.9349e-12
4.58918e-13
1.70243e-12
1.60999e-12
1.1538e-12
9.42798e-13
-9.69951e-12
-2.01949e-11
-2.43119e-11
-2.57358e-11
-2.48601e-11
-2.08377e-11
-1.76864e-11
-1.54118e-11
-1.18451e-11
-1.28634e-11
-1.89083e-11
-2.23864e-11
-2.14692e-11
-1.00282e-11
-1.53569e-12
1.48815e-12
1.78225e-12
1.33752e-12
5.37093e-13
-1.54712e-11
-2.15981e-11
-2.21715e-11
-2.33215e-11
-2.609e-11
-2.3781e-11
-1.93635e-11
-1.53966e-11
-1.35832e-11
-1.95076e-11
-2.59035e-11
-2.60154e-11
-2.07011e-11
-1.53918e-11
-5.09825e-12
7.18669e-13
2.01865e-12
1.75521e-12
5.86509e-14
-1.82249e-11
-1.68733e-11
-1.64308e-11
-2.01386e-11
-2.56379e-11
-2.56776e-11
-2.1866e-11
-1.67418e-11
-1.8881e-11
-2.80425e-11
-3.28393e-11
-2.92153e-11
-2.0677e-11
-1.77257e-11
-7.84059e-12
-7.83176e-13
1.66593e-12
2.39011e-12
-5.51521e-13
-1.51092e-11
-7.25615e-12
-1.02173e-11
-1.83908e-11
-2.5541e-11
-2.63608e-11
-2.38517e-11
-1.96197e-11
-2.64024e-11
-3.76277e-11
-4.14653e-11
-3.59217e-11
-2.29979e-11
-1.35263e-11
-1.02703e-11
-2.39862e-12
7.09877e-13
1.65209e-12
3.64331e-12
-5.82281e-12
2.97934e-12
-6.54522e-12
-1.87875e-11
-2.63312e-11
-2.66221e-11
-2.46962e-11
-2.30204e-11
-3.42125e-11
-4.69176e-11
-4.96101e-11
-4.33208e-11
-2.82079e-11
-1.14972e-11
-1.06645e-11
-3.69987e-12
-1.04871e-12
-1.65462e-13
7.70474e-12
6.83668e-12
8.83986e-12
-6.09035e-12
-2.05116e-11
-2.71339e-11
-2.65957e-11
-2.49478e-11
-2.61299e-11
-3.92167e-11
-4.89549e-11
-4.60637e-11
-3.99924e-11
-2.95992e-11
-1.38683e-11
-6.18096e-12
-6.37014e-12
-1.15482e-11
-1.72644e-11
-2.3649e-11
1.70705e-11
9.83085e-12
-5.37681e-12
-2.16627e-11
-2.67667e-11
-2.33895e-11
-2.29617e-11
-2.82616e-11
-3.66257e-11
-3.03023e-11
-1.78614e-11
-1.4556e-11
-1.69434e-11
-1.66176e-11
-1.34718e-11
-1.71654e-11
-2.26863e-11
-2.38102e-11
-2.25781e-11
1.87231e-11
1.34272e-11
3.26452e-12
-1.80576e-11
-3.7946e-11
-3.75194e-11
-3.00913e-11
-2.65357e-11
-1.88336e-11
7.77713e-12
1.73973e-11
1.66189e-11
7.08853e-12
-9.06445e-12
-1.55781e-11
-1.11192e-11
-9.12016e-12
-2.35679e-11
-5.30317e-11
1.69771e-11
2.48e-11
2.7092e-11
2.02006e-11
4.00247e-12
-1.06725e-11
-1.56506e-11
-9.47605e-12
1.03332e-11
2.43655e-11
2.00204e-11
1.5981e-11
1.8849e-11
4.21722e-12
-1.78039e-11
-1.41105e-11
-6.2126e-12
1.94687e-12
-3.17696e-12
1.80376e-11
2.8184e-11
3.41013e-11
3.51046e-11
2.9978e-11
2.22713e-11
1.84212e-11
2.23372e-11
2.76625e-11
2.24806e-11
1.34005e-11
5.43744e-12
1.25615e-11
2.02196e-11
9.70895e-12
8.1123e-12
1.69414e-11
2.08893e-11
1.5922e-11
1.6855e-11
2.82249e-11
3.55954e-11
3.93953e-11
3.81857e-11
3.47565e-11
3.28845e-11
3.15062e-11
2.70266e-11
2.01763e-11
1.34442e-11
7.24922e-12
9.45923e-12
2.12729e-11
2.16018e-11
1.82892e-11
1.80266e-11
1.70539e-11
2.34047e-11
1.46372e-11
2.69713e-11
3.49876e-11
3.97139e-11
3.94656e-11
3.69126e-11
3.49957e-11
3.13539e-11
2.52693e-11
1.89378e-11
1.38871e-11
8.87609e-12
5.69745e-12
1.33806e-11
2.17949e-11
1.85189e-11
7.00477e-12
-3.59732e-12
-1.04286e-11
1.20935e-11
2.48205e-11
3.33916e-11
3.89828e-11
3.95778e-11
3.73287e-11
3.4053e-11
2.87149e-11
2.271e-11
1.77114e-11
1.37977e-11
9.21133e-12
4.58064e-12
4.77282e-12
1.34927e-11
1.7469e-11
8.69343e-12
8.59662e-13
-5.84906e-12
9.74311e-12
2.18661e-11
3.08333e-11
3.76292e-11
3.91967e-11
3.61556e-11
3.11864e-11
2.56538e-11
2.12472e-11
1.7657e-11
1.42435e-11
9.83147e-12
6.0195e-12
2.18209e-12
2.80917e-12
6.69281e-12
1.92468e-12
-2.32728e-12
-5.66663e-12
7.56066e-12
1.83768e-11
2.73146e-11
3.53112e-11
3.75415e-11
3.2867e-11
2.74001e-11
2.34483e-11
2.08385e-11
1.78737e-11
1.44069e-11
9.9089e-12
6.51087e-12
2.92814e-12
-2.3558e-13
-4.79749e-13
-2.32424e-12
-3.035e-12
-2.59131e-12
5.20007e-12
1.45348e-11
2.29968e-11
3.16535e-11
3.39085e-11
2.82755e-11
2.46349e-11
2.27585e-11
2.09854e-11
1.80029e-11
1.44041e-11
9.7867e-12
6.03442e-12
3.20659e-12
3.58369e-13
-1.46141e-12
-2.03195e-12
-2.77637e-12
-3.88024e-13
2.82734e-12
1.08988e-11
1.89441e-11
2.76025e-11
2.85836e-11
2.4737e-11
2.37952e-11
2.28656e-11
2.10923e-11
1.79734e-11
1.42699e-11
9.5047e-12
5.23576e-12
2.76512e-12
6.03552e-13
-1.06506e-12
-1.55397e-12
-2.50838e-12
-8.96311e-13
-2.93182e-13
5.11461e-12
1.18044e-11
1.98545e-11
2.3569e-11
2.37989e-11
2.38896e-11
2.29558e-11
2.10783e-11
1.78924e-11
1.41153e-11
9.19881e-12
4.46008e-12
1.96669e-12
-5.26525e-14
-1.30327e-12
-1.82986e-12
-2.37733e-12
-7.5939e-13
)
;
    }
    fineplugLeft
    {
        type            cyclicAMI;
        value           nonuniform List<scalar> 
20
(
-361.67
-424.358
-360.269
-342.694
-403.598
-517.637
-655.986
-797.535
-933.478
-1062.1
-1184.55
-1305.43
-1430.23
-1577.93
-1675.44
-1717.98
-1620.99
-1406.18
-1126.72
-595.062
)
;
    }
    fineplugRight
    {
        type            cyclicAMI;
        value           nonuniform List<scalar> 
20
(
-357.299
-421.055
-357.798
-339.889
-399.686
-513.521
-652.435
-794.63
-931.085
-1060.15
-1183.09
-1304.52
-1429.79
-1577.19
-1675.33
-1719.21
-1625.26
-1415.02
-1138.64
-604.228
)
;
    }
    inletOutletLeft
    {
        type            cyclicAMI;
        value           nonuniform List<scalar> 
20
(
361.67
424.358
360.269
342.694
403.598
517.637
655.986
797.535
933.478
1062.1
1184.55
1305.43
1430.23
1577.93
1675.44
1717.98
1620.99
1406.18
1126.72
595.062
)
;
    }
    inletLeft
    {
        type            calculated;
        value           uniform -975;
    }
    inletWallsLeft
    {
        type            calculated;
        value           uniform 0;
    }
    inletFacesLeft
    {
        type            calculated;
        value           nonuniform List<scalar> 
800
(
1.22067e-14
6.69596e-14
-1.71584e-14
-5.9717e-14
-2.93958e-14
3.55559e-16
-4.13431e-14
-8.89329e-14
-1.68645e-13
-3.1428e-13
-5.46353e-13
-8.32276e-13
-1.10338e-12
-1.33532e-12
-1.55229e-12
-1.63497e-12
-1.37569e-12
-8.55662e-13
-3.75229e-13
-7.71366e-14
-1.08246e-14
1.81761e-13
1.67728e-13
1.60526e-13
1.84053e-13
2.41857e-13
1.48832e-13
8.46898e-14
-8.72191e-14
-4.27006e-13
-9.00808e-13
-1.34914e-12
-1.58642e-12
-1.68634e-12
-1.72472e-12
-1.49633e-12
-8.96282e-13
-2.74705e-13
6.46031e-14
1.43243e-13
-4.65289e-15
9.60125e-14
8.14005e-14
1.07101e-13
1.1676e-13
2.14576e-13
1.28914e-13
1.10843e-13
3.99471e-14
-1.67616e-13
-5.1084e-13
-8.36542e-13
-8.7854e-13
-6.4989e-13
-3.67258e-13
-1.35195e-13
6.08669e-14
1.94851e-13
2.04209e-13
1.7659e-13
1.07841e-15
-2.64571e-14
-2.35699e-14
-2.56439e-14
-1.52725e-14
1.16587e-13
1.1447e-13
1.3035e-13
1.60566e-13
1.829e-13
1.99728e-13
1.37885e-13
5.22841e-14
3.18992e-14
1.12819e-13
2.58174e-13
3.40576e-13
3.39447e-13
2.25901e-13
1.58399e-13
9.39221e-17
4.02646e-15
3.25704e-15
3.18572e-15
-8.82647e-16
-2.9793e-14
-2.8244e-14
-2.62087e-14
-2.59842e-14
-1.86815e-14
-4.0013e-15
2.70937e-14
6.37754e-14
9.71718e-14
1.22832e-13
1.3417e-13
1.22142e-13
8.32189e-14
2.88364e-14
-2.65834e-14
-5.31478e-17
-1.92957e-16
4.88687e-17
3.56292e-17
6.27492e-16
4.43823e-15
3.53816e-15
2.17539e-15
9.52379e-16
-1.54756e-15
-5.49402e-15
-1.14087e-14
-1.76455e-14
-2.25082e-14
-2.45504e-14
-2.21278e-14
-1.34224e-14
-1.00095e-15
6.39932e-15
1.09579e-14
2.00137e-17
-1.28187e-16
-1.98709e-16
-1.82466e-16
-1.5073e-16
-2.2109e-16
1.2589e-16
4.85524e-16
8.42397e-16
1.33865e-15
1.98753e-15
2.71678e-15
3.25591e-15
3.25191e-15
2.44624e-15
9.52423e-16
-5.6685e-16
-1.00534e-15
-3.60903e-17
5.98152e-15
-6.45988e-18
4.93527e-17
7.28254e-17
6.97546e-17
3.99314e-17
-9.30622e-17
-2.13355e-16
-2.85534e-16
-3.44824e-16
-4.09996e-16
-4.74938e-16
-5.10967e-16
-4.8245e-16
-3.88916e-16
-3.46467e-16
-6.19416e-16
-1.43503e-15
-2.63373e-15
-4.73542e-15
1.86371e-15
1.48033e-18
-1.09675e-17
-1.75092e-17
-1.7488e-17
-1.04078e-17
3.23021e-17
6.59185e-17
8.00121e-17
8.55341e-17
8.80276e-17
8.65668e-17
7.82526e-17
6.76119e-17
7.8135e-17
1.53192e-16
3.12412e-16
4.71994e-16
3.08136e-16
-1.96321e-15
-4.27882e-16
-2.76161e-19
2.11322e-18
3.52101e-18
3.54141e-18
2.11231e-18
-7.94997e-18
-1.51672e-17
-1.71585e-17
-1.78661e-17
-2.10758e-17
-2.46539e-17
-1.85201e-17
2.72892e-18
3.20566e-17
5.85163e-17
8.7085e-17
2.99516e-16
2.77244e-16
-1.52342e-15
-1.44877e-15
4.73904e-20
-4.16107e-19
-6.55037e-19
-6.51665e-19
-1.10928e-19
2.18125e-18
3.8163e-18
4.1878e-18
9.52479e-20
-1.16088e-17
-1.68974e-17
1.77553e-17
1.05634e-16
2.13543e-16
2.636e-16
8.08242e-17
-4.924e-16
-1.18631e-15
-1.45209e-15
-7.47165e-16
-5.38619e-21
7.28902e-20
1.06478e-19
8.62665e-20
-1.0197e-19
-4.3718e-19
-3.49156e-20
2.97673e-19
-4.75154e-18
-1.89908e-17
-1.96191e-17
5.09175e-17
2.20895e-16
4.03607e-16
4.29732e-16
2.16191e-16
-1.06294e-16
-2.88971e-16
-2.20463e-16
-5.26535e-17
6.05533e-22
-1.051e-20
-1.38717e-20
-9.6729e-21
1.70489e-20
6.94601e-20
1.55886e-19
4.60028e-19
-3.10926e-19
-5.96692e-18
-1.31204e-17
4.42225e-18
7.68231e-17
1.87647e-16
2.85592e-16
3.16444e-16
2.72917e-16
1.73927e-16
3.602e-17
-9.72534e-17
-2.9532e-23
1.09746e-21
9.68898e-22
4.84248e-24
-2.51094e-21
-4.80346e-21
-1.97545e-20
-1.08845e-19
-6.63194e-20
9.53954e-19
2.90506e-18
1.74248e-18
-8.26954e-18
-2.47939e-17
-3.4108e-17
-2.4017e-17
-4.19749e-18
-8.88044e-18
-5.6354e-17
-1.05314e-16
-1.65912e-23
-1.59838e-23
1.37898e-22
3.78169e-22
8.05921e-22
1.02661e-21
3.22008e-21
1.40826e-20
-3.88177e-21
-1.59953e-19
-3.40197e-19
1.93793e-19
2.07294e-18
3.97447e-18
2.30262e-18
-5.95105e-18
-1.97059e-17
-3.40077e-17
-4.15561e-17
-6.42061e-17
8.45778e-24
-5.02467e-23
-1.39053e-22
-8.30058e-23
4.10169e-22
1.11379e-21
5.17333e-23
-4.04808e-21
3.85351e-22
3.43646e-20
5.61337e-20
-1.08982e-19
-5.9976e-19
-1.10813e-18
-7.66388e-19
1.40284e-18
5.24612e-18
1.04796e-17
1.15713e-17
-3.03959e-17
-2.81499e-24
2.1271e-24
1.12147e-23
2.15043e-22
6.92921e-22
5.41488e-22
-1.74996e-21
-4.69512e-21
-5.97469e-22
1.5726e-20
1.55984e-20
-1.12289e-19
-5.14943e-19
-9.75308e-19
-5.02958e-19
1.16667e-18
5.41928e-19
3.90926e-18
2.06157e-17
-1.61186e-17
-6.53853e-27
-2.43006e-23
-2.15239e-23
1.99611e-22
5.39227e-22
-1.75093e-22
-2.80914e-21
-2.36243e-21
1.33024e-20
3.6407e-20
-2.99469e-20
-3.99253e-19
-1.07844e-18
-9.51663e-19
2.23826e-18
7.93294e-18
1.0543e-17
9.63319e-18
8.53855e-18
-5.65838e-18
-7.01104e-25
-7.73889e-24
-4.4315e-25
1.1927e-22
2.66835e-22
-2.24895e-22
-1.71828e-21
-1.39005e-21
6.12577e-21
1.42742e-20
-1.56295e-20
-1.31106e-19
-2.8424e-19
-2.38484e-19
3.22432e-19
1.41291e-18
2.37963e-18
2.44932e-18
1.66507e-18
-1.46957e-19
-6.71005e-25
-5.01027e-24
-3.15535e-24
4.32314e-23
1.53899e-22
8.94882e-23
-9.03619e-22
-3.34172e-21
-4.31427e-21
6.98897e-21
4.72952e-20
1.20431e-19
1.88616e-19
1.74382e-19
3.00886e-20
-1.75352e-19
-2.8444e-19
-2.2081e-19
-8.37082e-20
1.15294e-21
-1.22067e-14
-6.69596e-14
1.71584e-14
5.9717e-14
2.93958e-14
-3.55559e-16
4.13431e-14
8.89329e-14
1.68645e-13
3.1428e-13
5.46353e-13
8.32276e-13
1.10338e-12
1.33532e-12
1.55229e-12
1.63497e-12
1.37569e-12
8.55662e-13
3.75229e-13
7.71366e-14
1.08246e-14
-1.81761e-13
-1.67728e-13
-1.60526e-13
-1.84053e-13
-2.41857e-13
-1.48832e-13
-8.46898e-14
8.72191e-14
4.27006e-13
9.00808e-13
1.34914e-12
1.58642e-12
1.68634e-12
1.72472e-12
1.49633e-12
8.96282e-13
2.74705e-13
-6.46031e-14
-1.43243e-13
4.65289e-15
-9.60125e-14
-8.14005e-14
-1.07101e-13
-1.1676e-13
-2.14576e-13
-1.28914e-13
-1.10843e-13
-3.99471e-14
1.67616e-13
5.1084e-13
8.36542e-13
8.7854e-13
6.4989e-13
3.67258e-13
1.35195e-13
-6.08669e-14
-1.94851e-13
-2.04209e-13
-1.7659e-13
-1.07841e-15
2.64571e-14
2.35699e-14
2.56439e-14
1.52725e-14
-1.16587e-13
-1.1447e-13
-1.3035e-13
-1.60566e-13
-1.829e-13
-1.99728e-13
-1.37885e-13
-5.22841e-14
-3.18992e-14
-1.12819e-13
-2.58174e-13
-3.40576e-13
-3.39447e-13
-2.25901e-13
-1.58399e-13
-9.39221e-17
-4.02646e-15
-3.25704e-15
-3.18572e-15
8.82647e-16
2.9793e-14
2.8244e-14
2.62087e-14
2.59842e-14
1.86815e-14
4.0013e-15
-2.70937e-14
-6.37754e-14
-9.71718e-14
-1.22832e-13
-1.3417e-13
-1.22142e-13
-8.32189e-14
-2.88364e-14
2.65834e-14
5.31478e-17
1.92957e-16
-4.88687e-17
-3.56292e-17
-6.27492e-16
-4.43823e-15
-3.53816e-15
-2.17539e-15
-9.52379e-16
1.54756e-15
5.49402e-15
1.14087e-14
1.76455e-14
2.25082e-14
2.45504e-14
2.21278e-14
1.34224e-14
1.00095e-15
-6.39932e-15
-1.09579e-14
-2.00137e-17
1.28187e-16
1.98709e-16
1.82466e-16
1.5073e-16
2.2109e-16
-1.2589e-16
-4.85524e-16
-8.42397e-16
-1.33865e-15
-1.98753e-15
-2.71678e-15
-3.25591e-15
-3.25191e-15
-2.44624e-15
-9.52423e-16
5.6685e-16
1.00534e-15
3.60903e-17
-5.98152e-15
6.45988e-18
-4.93527e-17
-7.28254e-17
-6.97546e-17
-3.99314e-17
9.30622e-17
2.13355e-16
2.85534e-16
3.44824e-16
4.09996e-16
4.74938e-16
5.10967e-16
4.8245e-16
3.88916e-16
3.46467e-16
6.19416e-16
1.43503e-15
2.63373e-15
4.73542e-15
-1.86371e-15
-1.48033e-18
1.09675e-17
1.75092e-17
1.7488e-17
1.04078e-17
-3.23021e-17
-6.59185e-17
-8.00121e-17
-8.55341e-17
-8.80276e-17
-8.65668e-17
-7.82526e-17
-6.76119e-17
-7.8135e-17
-1.53192e-16
-3.12412e-16
-4.71994e-16
-3.08136e-16
1.96321e-15
4.27882e-16
2.76161e-19
-2.11322e-18
-3.52101e-18
-3.54141e-18
-2.11231e-18
7.94997e-18
1.51672e-17
1.71585e-17
1.78661e-17
2.10758e-17
2.46539e-17
1.85201e-17
-2.72892e-18
-3.20566e-17
-5.85163e-17
-8.7085e-17
-2.99516e-16
-2.77244e-16
1.52342e-15
1.44877e-15
-4.73904e-20
4.16107e-19
6.55037e-19
6.51665e-19
1.10928e-19
-2.18125e-18
-3.8163e-18
-4.1878e-18
-9.52479e-20
1.16088e-17
1.68974e-17
-1.77553e-17
-1.05634e-16
-2.13543e-16
-2.636e-16
-8.08242e-17
4.924e-16
1.18631e-15
1.45209e-15
7.47165e-16
5.38619e-21
-7.28902e-20
-1.06478e-19
-8.62665e-20
1.0197e-19
4.3718e-19
3.49156e-20
-2.97673e-19
4.75154e-18
1.89908e-17
1.96191e-17
-5.09175e-17
-2.20895e-16
-4.03607e-16
-4.29732e-16
-2.16191e-16
1.06294e-16
2.88971e-16
2.20463e-16
5.26535e-17
-6.05533e-22
1.051e-20
1.38717e-20
9.6729e-21
-1.70489e-20
-6.94601e-20
-1.55886e-19
-4.60028e-19
3.10926e-19
5.96692e-18
1.31204e-17
-4.42225e-18
-7.68231e-17
-1.87647e-16
-2.85592e-16
-3.16444e-16
-2.72917e-16
-1.73927e-16
-3.602e-17
9.72534e-17
2.9532e-23
-1.09746e-21
-9.68898e-22
-4.84248e-24
2.51094e-21
4.80346e-21
1.97545e-20
1.08845e-19
6.63194e-20
-9.53954e-19
-2.90506e-18
-1.74248e-18
8.26954e-18
2.47939e-17
3.4108e-17
2.4017e-17
4.19749e-18
8.88044e-18
5.6354e-17
1.05314e-16
1.65912e-23
1.59838e-23
-1.37898e-22
-3.78169e-22
-8.05921e-22
-1.02661e-21
-3.22008e-21
-1.40826e-20
3.88177e-21
1.59953e-19
3.40197e-19
-1.93793e-19
-2.07294e-18
-3.97447e-18
-2.30262e-18
5.95105e-18
1.97059e-17
3.40077e-17
4.15561e-17
6.42061e-17
-8.45778e-24
5.02467e-23
1.39053e-22
8.30058e-23
-4.10169e-22
-1.11379e-21
-5.17333e-23
4.04808e-21
-3.85351e-22
-3.43646e-20
-5.61337e-20
1.08982e-19
5.9976e-19
1.10813e-18
7.66388e-19
-1.40284e-18
-5.24612e-18
-1.04796e-17
-1.15713e-17
3.03959e-17
2.81499e-24
-2.1271e-24
-1.12147e-23
-2.15043e-22
-6.92921e-22
-5.41488e-22
1.74996e-21
4.69512e-21
5.97469e-22
-1.5726e-20
-1.55984e-20
1.12289e-19
5.14943e-19
9.75308e-19
5.02958e-19
-1.16667e-18
-5.41928e-19
-3.90926e-18
-2.06157e-17
1.61186e-17
6.53853e-27
2.43006e-23
2.15239e-23
-1.99611e-22
-5.39227e-22
1.75093e-22
2.80914e-21
2.36243e-21
-1.33024e-20
-3.6407e-20
2.99469e-20
3.99253e-19
1.07844e-18
9.51663e-19
-2.23826e-18
-7.93294e-18
-1.0543e-17
-9.63319e-18
-8.53855e-18
5.65838e-18
7.01104e-25
7.73889e-24
4.4315e-25
-1.1927e-22
-2.66835e-22
2.24895e-22
1.71828e-21
1.39005e-21
-6.12577e-21
-1.42742e-20
1.56295e-20
1.31106e-19
2.8424e-19
2.38484e-19
-3.22432e-19
-1.41291e-18
-2.37963e-18
-2.44932e-18
-1.66507e-18
1.46957e-19
6.71005e-25
5.01027e-24
3.15535e-24
-4.32314e-23
-1.53899e-22
-8.94882e-23
9.03619e-22
3.34172e-21
4.31427e-21
-6.98897e-21
-4.72952e-20
-1.20431e-19
-1.88616e-19
-1.74382e-19
-3.00886e-20
1.75352e-19
2.8444e-19
2.2081e-19
8.37082e-20
-1.15294e-21
)
;
    }
    inletOutletRight
    {
        type            cyclicAMI;
        value           nonuniform List<scalar> 
20
(
357.299
421.055
357.798
339.889
399.686
513.521
652.435
794.63
931.085
1060.15
1183.09
1304.52
1429.79
1577.19
1675.33
1719.21
1625.26
1415.02
1138.64
604.228
)
;
    }
    inletRight
    {
        type            calculated;
        value           uniform -975;
    }
    inletWallsRight
    {
        type            calculated;
        value           uniform 0;
    }
    inletFacesRight
    {
        type            calculated;
        value           nonuniform List<scalar> 
800
(
-6.45761e-25
-3.96746e-24
-2.25131e-25
4.01431e-23
1.12843e-22
-3.01294e-23
-1.03208e-21
-3.07702e-21
-2.84946e-21
1.03423e-20
5.19922e-20
1.24207e-19
1.89338e-19
1.73565e-19
3.35065e-20
-1.63489e-19
-2.68394e-19
-2.10342e-19
-8.22099e-20
-2.78933e-22
-7.27265e-25
-5.35759e-24
5.79697e-24
1.01883e-22
1.5499e-22
-4.1994e-22
-1.62428e-21
-2.26824e-22
8.90772e-21
1.82445e-20
-1.11114e-20
-1.25029e-19
-2.75966e-19
-2.36969e-19
2.916e-19
1.32341e-18
2.24892e-18
2.34907e-18
1.64291e-18
-1.03026e-19
-1.13671e-25
-2.08922e-23
-1.24474e-23
1.71984e-22
3.76469e-22
-4.1066e-22
-2.45264e-21
-2.50698e-22
1.71508e-20
3.85917e-20
-3.4099e-20
-4.06286e-19
-1.07713e-18
-9.76097e-19
2.03352e-18
7.41799e-18
9.93742e-18
9.19601e-18
8.18246e-18
-5.49278e-18
-2.93208e-24
4.45302e-24
1.94272e-23
2.03262e-22
5.64014e-22
2.72616e-22
-1.67702e-21
-3.07187e-21
3.44452e-21
2.01192e-20
1.38725e-20
-1.26481e-19
-5.39175e-19
-1.00852e-18
-5.86197e-19
9.78377e-19
3.78509e-19
3.71587e-18
1.96164e-17
-1.57635e-17
8.05005e-24
-4.88417e-23
-1.27628e-22
-7.82534e-23
3.41464e-22
8.9697e-22
-9.78307e-23
-3.33826e-21
2.52058e-21
3.64416e-20
5.57965e-20
-1.08452e-19
-5.88904e-19
-1.08794e-18
-7.73831e-19
1.2831e-18
4.93848e-18
9.90579e-18
1.08828e-17
-2.95976e-17
-1.49067e-23
-2.21306e-23
1.20626e-22
3.68346e-22
8.03948e-22
1.01617e-21
2.99524e-21
1.31705e-20
-4.15195e-21
-1.52668e-19
-3.22035e-19
1.92125e-19
1.99185e-18
3.79951e-18
2.1546e-18
-5.81372e-18
-1.90708e-17
-3.28773e-17
-4.02167e-17
-6.21886e-17
-4.01376e-23
1.1487e-21
1.07544e-21
1.25202e-22
-2.58043e-21
-5.46175e-21
-1.99499e-20
-1.03602e-19
-5.61076e-20
9.31223e-19
2.79254e-18
1.62114e-18
-8.10624e-18
-2.40994e-17
-3.30685e-17
-2.32688e-17
-3.91736e-18
-8.02483e-18
-5.3897e-17
-1.02247e-16
6.58727e-22
-1.08239e-20
-1.44323e-20
-1.02687e-20
1.73018e-20
7.15945e-20
1.53288e-19
4.35517e-19
-3.22411e-19
-5.73744e-18
-1.24434e-17
4.76603e-18
7.44832e-17
1.81067e-16
2.76306e-16
3.06579e-16
2.66258e-16
1.73546e-16
4.25742e-17
-8.92011e-17
-5.61544e-21
7.4323e-20
1.09504e-19
8.92326e-20
-9.96846e-20
-4.36967e-19
-5.38038e-20
2.27059e-19
-4.71934e-18
-1.83459e-17
-1.82117e-17
5.14104e-17
2.16834e-16
3.91706e-16
4.09958e-16
1.92829e-16
-1.26359e-16
-2.99958e-16
-2.20354e-16
-4.72484e-17
4.83035e-20
-4.19376e-19
-6.70867e-19
-6.66352e-19
-1.24454e-19
2.16273e-18
3.75786e-18
4.05569e-18
1.04531e-20
-1.1217e-17
-1.57868e-17
1.86546e-17
1.04359e-16
2.09141e-16
2.5802e-16
7.60985e-17
-5.02468e-16
-1.2115e-15
-1.4753e-15
-7.31893e-16
-2.7722e-19
2.09669e-18
3.58773e-18
3.60459e-18
2.18234e-18
-7.75338e-18
-1.48383e-17
-1.67715e-17
-1.75145e-17
-2.08403e-17
-2.44032e-17
-1.8252e-17
2.86884e-18
3.23108e-17
6.09183e-17
9.3645e-17
2.85986e-16
1.95489e-16
-1.56913e-15
-1.33788e-15
1.46579e-18
-1.06639e-17
-1.76934e-17
-1.77026e-17
-1.06754e-17
3.12396e-17
6.42776e-17
7.79558e-17
8.33609e-17
8.67083e-17
8.66355e-17
7.96762e-17
6.97127e-17
7.87305e-17
1.47169e-16
2.91431e-16
4.26549e-16
2.42146e-16
-1.92945e-15
-3.17765e-16
-6.33386e-18
4.63788e-17
7.27271e-17
7.0034e-17
4.08666e-17
-8.921e-17
-2.10033e-16
-2.79325e-16
-3.36336e-16
-4.03551e-16
-4.73398e-16
-5.14329e-16
-4.89977e-16
-3.97964e-16
-3.45399e-16
-5.77218e-16
-1.30477e-15
-2.37885e-15
-4.30665e-15
1.79637e-15
1.98069e-17
-1.08021e-16
-1.93333e-16
-1.80348e-16
-1.52894e-16
-2.29207e-16
1.55695e-16
4.79592e-16
8.16454e-16
1.31104e-15
1.97869e-15
2.70713e-15
3.24819e-15
3.24137e-15
2.43044e-15
9.19962e-16
-6.55796e-16
-1.21243e-15
-3.98601e-16
5.57571e-15
-5.4429e-17
-2.79389e-16
1.12075e-17
1.73801e-17
6.18399e-16
4.60344e-15
3.17203e-15
2.10478e-15
9.81239e-16
-1.48895e-15
-5.57456e-15
-1.12002e-14
-1.73417e-14
-2.2036e-14
-2.3761e-14
-2.10603e-14
-1.24108e-14
-1.42842e-16
7.33713e-15
1.20753e-14
7.51167e-17
4.19151e-15
3.37641e-15
3.19508e-15
-7.02853e-16
-3.18161e-14
-2.60071e-14
-2.48613e-14
-2.53002e-14
-1.74023e-14
-2.64561e-15
2.46587e-14
6.05123e-14
9.40349e-14
1.17701e-13
1.25701e-13
1.12556e-13
7.58579e-14
2.42267e-14
-2.83015e-14
1.20327e-15
-2.5268e-14
-2.24305e-14
-2.42706e-14
-1.71543e-14
1.22868e-13
1.08336e-13
1.20789e-13
1.55604e-13
1.65743e-13
1.91007e-13
1.56263e-13
7.75232e-14
3.62919e-14
1.05119e-13
2.55982e-13
3.45123e-13
3.26247e-13
2.24295e-13
1.54646e-13
-4.52982e-15
8.04685e-14
6.26934e-14
9.87025e-14
1.27189e-13
2.15852e-13
1.17602e-13
1.07056e-13
3.53063e-14
-1.70841e-13
-4.94278e-13
-7.94901e-13
-8.37502e-13
-6.18791e-13
-3.48132e-13
-1.21774e-13
7.0612e-14
1.9671e-13
2.13684e-13
1.81087e-13
-1.14368e-14
1.74531e-13
1.56283e-13
1.51447e-13
1.87734e-13
2.33329e-13
1.35685e-13
6.43573e-14
-8.34052e-14
-4.22505e-13
-9.02808e-13
-1.32787e-12
-1.53578e-12
-1.60801e-12
-1.63677e-12
-1.43268e-12
-8.80353e-13
-2.98303e-13
5.00537e-14
1.54733e-13
1.46702e-14
6.84806e-14
-1.89669e-14
-5.98408e-14
-2.35966e-14
3.03736e-15
-3.8924e-14
-9.1024e-14
-1.60221e-13
-3.03187e-13
-5.40781e-13
-8.30234e-13
-1.09637e-12
-1.31256e-12
-1.50607e-12
-1.57385e-12
-1.32821e-12
-8.45752e-13
-3.80037e-13
-6.28306e-14
6.45761e-25
3.96746e-24
2.25131e-25
-4.01431e-23
-1.12843e-22
3.01294e-23
1.03208e-21
3.07702e-21
2.84946e-21
-1.03423e-20
-5.19922e-20
-1.24207e-19
-1.89338e-19
-1.73565e-19
-3.35065e-20
1.63489e-19
2.68394e-19
2.10342e-19
8.22099e-20
2.78933e-22
7.27265e-25
5.35759e-24
-5.79697e-24
-1.01883e-22
-1.5499e-22
4.1994e-22
1.62428e-21
2.26824e-22
-8.90772e-21
-1.82445e-20
1.11114e-20
1.25029e-19
2.75966e-19
2.36969e-19
-2.916e-19
-1.32341e-18
-2.24892e-18
-2.34907e-18
-1.64291e-18
1.03026e-19
1.13671e-25
2.08922e-23
1.24474e-23
-1.71984e-22
-3.76469e-22
4.1066e-22
2.45264e-21
2.50698e-22
-1.71508e-20
-3.85917e-20
3.4099e-20
4.06286e-19
1.07713e-18
9.76097e-19
-2.03352e-18
-7.41799e-18
-9.93742e-18
-9.19601e-18
-8.18246e-18
5.49278e-18
2.93208e-24
-4.45302e-24
-1.94272e-23
-2.03262e-22
-5.64014e-22
-2.72616e-22
1.67702e-21
3.07187e-21
-3.44452e-21
-2.01192e-20
-1.38725e-20
1.26481e-19
5.39175e-19
1.00852e-18
5.86197e-19
-9.78377e-19
-3.78509e-19
-3.71587e-18
-1.96164e-17
1.57635e-17
-8.05005e-24
4.88417e-23
1.27628e-22
7.82534e-23
-3.41464e-22
-8.9697e-22
9.78307e-23
3.33826e-21
-2.52058e-21
-3.64416e-20
-5.57965e-20
1.08452e-19
5.88904e-19
1.08794e-18
7.73831e-19
-1.2831e-18
-4.93848e-18
-9.90579e-18
-1.08828e-17
2.95976e-17
1.49067e-23
2.21306e-23
-1.20626e-22
-3.68346e-22
-8.03948e-22
-1.01617e-21
-2.99524e-21
-1.31705e-20
4.15195e-21
1.52668e-19
3.22035e-19
-1.92125e-19
-1.99185e-18
-3.79951e-18
-2.1546e-18
5.81372e-18
1.90708e-17
3.28773e-17
4.02167e-17
6.21886e-17
4.01376e-23
-1.1487e-21
-1.07544e-21
-1.25202e-22
2.58043e-21
5.46175e-21
1.99499e-20
1.03602e-19
5.61076e-20
-9.31223e-19
-2.79254e-18
-1.62114e-18
8.10624e-18
2.40994e-17
3.30685e-17
2.32688e-17
3.91736e-18
8.02483e-18
5.3897e-17
1.02247e-16
-6.58727e-22
1.08239e-20
1.44323e-20
1.02687e-20
-1.73018e-20
-7.15945e-20
-1.53288e-19
-4.35517e-19
3.22411e-19
5.73744e-18
1.24434e-17
-4.76603e-18
-7.44832e-17
-1.81067e-16
-2.76306e-16
-3.06579e-16
-2.66258e-16
-1.73546e-16
-4.25742e-17
8.92011e-17
5.61544e-21
-7.4323e-20
-1.09504e-19
-8.92326e-20
9.96846e-20
4.36967e-19
5.38038e-20
-2.27059e-19
4.71934e-18
1.83459e-17
1.82117e-17
-5.14104e-17
-2.16834e-16
-3.91706e-16
-4.09958e-16
-1.92829e-16
1.26359e-16
2.99958e-16
2.20354e-16
4.72484e-17
-4.83035e-20
4.19376e-19
6.70867e-19
6.66352e-19
1.24454e-19
-2.16273e-18
-3.75786e-18
-4.05569e-18
-1.04531e-20
1.1217e-17
1.57868e-17
-1.86546e-17
-1.04359e-16
-2.09141e-16
-2.5802e-16
-7.60985e-17
5.02468e-16
1.2115e-15
1.4753e-15
7.31893e-16
2.7722e-19
-2.09669e-18
-3.58773e-18
-3.60459e-18
-2.18234e-18
7.75338e-18
1.48383e-17
1.67715e-17
1.75145e-17
2.08403e-17
2.44032e-17
1.8252e-17
-2.86884e-18
-3.23108e-17
-6.09183e-17
-9.3645e-17
-2.85986e-16
-1.95489e-16
1.56913e-15
1.33788e-15
-1.46579e-18
1.06639e-17
1.76934e-17
1.77026e-17
1.06754e-17
-3.12396e-17
-6.42776e-17
-7.79558e-17
-8.33609e-17
-8.67083e-17
-8.66355e-17
-7.96762e-17
-6.97127e-17
-7.87305e-17
-1.47169e-16
-2.91431e-16
-4.26549e-16
-2.42146e-16
1.92945e-15
3.17765e-16
6.33386e-18
-4.63788e-17
-7.27271e-17
-7.0034e-17
-4.08666e-17
8.921e-17
2.10033e-16
2.79325e-16
3.36336e-16
4.03551e-16
4.73398e-16
5.14329e-16
4.89977e-16
3.97964e-16
3.45399e-16
5.77218e-16
1.30477e-15
2.37885e-15
4.30665e-15
-1.79637e-15
-1.98069e-17
1.08021e-16
1.93333e-16
1.80348e-16
1.52894e-16
2.29207e-16
-1.55695e-16
-4.79592e-16
-8.16454e-16
-1.31104e-15
-1.97869e-15
-2.70713e-15
-3.24819e-15
-3.24137e-15
-2.43044e-15
-9.19962e-16
6.55796e-16
1.21243e-15
3.98601e-16
-5.57571e-15
5.4429e-17
2.79389e-16
-1.12075e-17
-1.73801e-17
-6.18399e-16
-4.60344e-15
-3.17203e-15
-2.10478e-15
-9.81239e-16
1.48895e-15
5.57456e-15
1.12002e-14
1.73417e-14
2.2036e-14
2.3761e-14
2.10603e-14
1.24108e-14
1.42842e-16
-7.33713e-15
-1.20753e-14
-7.51167e-17
-4.19151e-15
-3.37641e-15
-3.19508e-15
7.02853e-16
3.18161e-14
2.60071e-14
2.48613e-14
2.53002e-14
1.74023e-14
2.64561e-15
-2.46587e-14
-6.05123e-14
-9.40349e-14
-1.17701e-13
-1.25701e-13
-1.12556e-13
-7.58579e-14
-2.42267e-14
2.83015e-14
-1.20327e-15
2.5268e-14
2.24305e-14
2.42706e-14
1.71543e-14
-1.22868e-13
-1.08336e-13
-1.20789e-13
-1.55604e-13
-1.65743e-13
-1.91007e-13
-1.56263e-13
-7.75232e-14
-3.62919e-14
-1.05119e-13
-2.55982e-13
-3.45123e-13
-3.26247e-13
-2.24295e-13
-1.54646e-13
4.52982e-15
-8.04685e-14
-6.26934e-14
-9.87025e-14
-1.27189e-13
-2.15852e-13
-1.17602e-13
-1.07056e-13
-3.53063e-14
1.70841e-13
4.94278e-13
7.94901e-13
8.37502e-13
6.18791e-13
3.48132e-13
1.21774e-13
-7.0612e-14
-1.9671e-13
-2.13684e-13
-1.81087e-13
1.14368e-14
-1.74531e-13
-1.56283e-13
-1.51447e-13
-1.87734e-13
-2.33329e-13
-1.35685e-13
-6.43573e-14
8.34052e-14
4.22505e-13
9.02808e-13
1.32787e-12
1.53578e-12
1.60801e-12
1.63677e-12
1.43268e-12
8.80353e-13
2.98303e-13
-5.00537e-14
-1.54733e-13
-1.46702e-14
-6.84806e-14
1.89669e-14
5.98408e-14
2.35966e-14
-3.03736e-15
3.8924e-14
9.1024e-14
1.60221e-13
3.03187e-13
5.40781e-13
8.30234e-13
1.09637e-12
1.31256e-12
1.50607e-12
1.57385e-12
1.32821e-12
8.45752e-13
3.80037e-13
6.28306e-14
)
;
    }
}


// ************************************************************************* //
