/*--------------------------------*- C++ -*----------------------------------*\
| =========                 |                                                 |
| \\      /  F ield         | OpenFOAM: The Open Source CFD Toolbox           |
|  \\    /   O peration     | Version:  4.1                                   |
|   \\  /    A nd           | Web:      www.OpenFOAM.org                      |
|    \\/     M anipulation  |                                                 |
\*---------------------------------------------------------------------------*/
FoamFile
{
    version     2.0;
    format      ascii;
    class       volVectorField;
    location    "6";
    object      U;
}
// * * * * * * * * * * * * * * * * * * * * * * * * * * * * * * * * * * * * * //

dimensions      [0 1 -1 0 0 0 0];

internalField   nonuniform List<vector> 
1680
(
(-7.48365e-19 2.61449 -0.00651618)
(2.33138e-18 1.92621 0.00123143)
(-1.09886e-17 1.90906 0.0126254)
(3.48018e-17 1.61134 0.0390119)
(-3.68744e-16 2.00201 -0.0486953)
(-3.20975e-16 2.05211 -0.131711)
(-2.23365e-16 1.69355 -0.088408)
(-3.05671e-16 2.0248 -0.162593)
(-3.92811e-16 2.20882 -0.25)
(-2.81092e-16 1.7152 -0.166254)
(-4.15361e-16 2.45262 -0.329198)
(-3.36175e-16 1.89846 -0.225969)
(-4.24469e-16 2.17694 -0.351902)
(-4.83941e-16 2.46109 -0.530414)
(-3.18996e-16 2.0125 -0.339736)
(-3.87806e-16 2.6866 -0.647249)
(-2.63344e-16 2.39449 -0.378266)
(-2.75031e-16 1.96216 -0.870759)
(-2.79354e-16 4.51866 -0.140236)
(-1.81232e-16 0.666973 -3.00512)
(-1.79946e-16 3.26863 2.46784)
(3.31949e-16 1.71147 -0.70907)
(-1.64321e-15 4.1119 6.40509)
(-1.88655e-15 4.63625 7.35613)
(-1.93373e-15 4.80549 8.23351)
(-2.78473e-15 4.9293 9.009)
(-2.73622e-15 5.0855 9.69834)
(-2.73518e-15 5.15239 10.298)
(-2.80609e-15 5.30669 10.8578)
(-2.88117e-15 5.21726 11.2681)
(-2.97019e-15 5.60179 11.9281)
(-2.31694e-15 5.03174 10.2144)
(-3.1856e-15 6.9898 13.7519)
(-3.27788e-15 7.11839 14.1668)
(-3.38714e-15 7.17481 14.5054)
(-3.43488e-15 7.16094 14.7858)
(-3.4313e-15 7.26198 15.0544)
(-3.42063e-15 7.10895 15.2443)
(-3.13451e-15 7.47793 16.0612)
(-4.00721e-15 7.0729 14.5797)
(-3.7197e-15 9.85099 16.3223)
(-2.27044e-15 6.74707 11.7034)
(-2.0385e-15 5.77102 10.967)
(-2.4998e-15 6.14138 13.9933)
(-1.72039e-15 4.38039 9.87065)
(-1.72132e-15 4.07968 9.63402)
(-1.83961e-15 3.32887 9.36838)
(-2.76887e-15 2.81872 10.9515)
(-2.39581e-15 1.74682 7.10209)
(-3.15265e-15 1.61579 7.26378)
(-1.79854e-15 0.00589338 4.56329)
(7.71966e-15 -0.430396 -5.56302)
(6.70662e-15 -0.1035 -4.713)
(7.35388e-15 0.498195 -5.23271)
(9.08544e-15 -0.792457 -5.71108)
(4.78403e-15 -0.404371 -3.15045)
(4.92726e-15 -0.160865 -3.49459)
(4.71258e-15 -0.0104028 -3.4327)
(6.04163e-15 -0.0563792 -3.96234)
(5.08894e-15 -0.237723 -2.81599)
(-1.82014e-16 -1.92591 5.79773)
(-3.88038e-17 -1.36545 7.63886)
(9.58134e-17 -2.64864 8.47241)
(2.91236e-16 -2.9681 8.46318)
(5.26857e-16 -3.56653 7.81999)
(5.64793e-16 -3.6966 6.7364)
(-5.81596e-16 -3.68186 5.49599)
(-4.32176e-15 -3.55628 5.59479)
(-8.49679e-15 -4.18702 7.86067)
(-7.05185e-15 -2.94941 8.81065)
(4.55026e-16 1.39588 4.21283)
(3.89428e-16 3.74732 2.13227)
(-3.82008e-17 3.31796 1.45841)
(1.87905e-16 1.86149 0.417896)
(-3.27692e-17 0.936646 -0.793364)
(-1.86281e-15 3.09342 3.69934)
(-4.98794e-15 4.78452 11.2744)
(-5.52117e-15 3.54629 12.0783)
(-5.98323e-16 1.35903 4.54915)
(-1.78336e-16 -3.13632 5.71191)
(-1.98529e-17 -1.69491 7.57501)
(1.85207e-16 -2.78436 8.94414)
(3.95529e-16 -2.88667 9.00928)
(5.3048e-16 -3.3634 8.12469)
(3.06874e-16 -3.40835 6.64195)
(-1.1205e-15 -3.54953 5.19573)
(-4.75678e-15 -3.78155 5.37676)
(-8.32897e-15 -4.4754 7.63981)
(-6.14449e-15 -2.53241 8.05184)
(5.58438e-16 2.03467 3.36772)
(7.93166e-17 4.01128 1.71446)
(4.28076e-17 3.46021 1.06625)
(1.67292e-16 2.149 0.38025)
(1.86776e-16 0.967432 -0.715918)
(2.55032e-16 1.91104 -0.0138039)
(-2.58438e-15 3.51324 8.32459)
(-5.23473e-15 4.0146 13.377)
(-2.69404e-15 3.8546 8.99565)
(-1.6149e-16 -4.32848 4.98491)
(-4.44507e-17 -2.04915 6.90191)
(1.40287e-16 -2.9644 8.59066)
(2.25641e-16 -2.77154 8.57002)
(1.40589e-16 -3.11172 7.44546)
(-3.1163e-16 -3.09557 5.83703)
(-1.74438e-15 -3.44406 4.55096)
(-4.98927e-15 -4.02819 5.03068)
(-7.94041e-15 -4.72446 7.30496)
(-5.3457e-15 -2.06683 7.22938)
(3.14014e-16 2.64548 2.61186)
(-1.8632e-16 4.24378 1.37801)
(1.45749e-16 3.56444 0.662094)
(1.09867e-16 2.2552 0.377796)
(-4.26185e-17 1.03904 0.110634)
(1.49822e-16 1.29856 0.0931368)
(-8.606e-16 2.12591 5.54983)
(-3.23609e-15 3.53831 12.0272)
(-4.05667e-15 5.01337 12.2153)
(-1.29062e-16 -5.38572 4.05629)
(-6.88293e-17 -2.41346 5.89737)
(1.71204e-17 -3.16377 7.78418)
(-1.78817e-16 -2.61688 7.67138)
(-6.20349e-16 -2.84226 6.36224)
(-1.28223e-15 -2.81094 4.84888)
(-2.50714e-15 -3.40553 3.90791)
(-5.15344e-15 -4.30772 4.74032)
(-7.44383e-15 -4.9312 6.94428)
(-4.64813e-15 -1.56959 6.35092)
(-5.12968e-18 3.18689 1.7638)
(-3.38746e-16 4.43894 1.11259)
(2.16925e-16 3.6404 0.304703)
(6.3133e-17 2.28877 0.493192)
(-3.41406e-18 0.992442 0.39736)
(-4.6015e-17 0.874803 0.546616)
(-4.59906e-16 1.10575 3.29468)
(-1.79495e-15 2.69665 9.0974)
(-2.9763e-15 5.35523 12.9762)
(-8.91743e-17 -6.26088 3.17234)
(-6.37448e-17 -2.76287 4.7794)
(-1.10091e-16 -3.38416 6.81245)
(-7.49828e-16 -2.43597 6.75136)
(-1.73547e-15 -2.5807 5.36688)
(-2.63159e-15 -2.58087 4.11365)
(-3.46738e-15 -3.44113 3.54818)
(-5.33175e-15 -4.60529 4.62432)
(-6.90068e-15 -5.07152 6.58838)
(-4.02133e-15 -1.02214 5.38754)
(-3.79844e-16 3.66057 0.834948)
(-3.05624e-16 4.56905 0.793113)
(2.2658e-16 3.6721 0.0721912)
(2.99379e-17 2.25755 0.703445)
(2.24095e-18 1.0004 0.727461)
(3.04118e-17 0.746204 0.509242)
(-1.86778e-16 0.391027 0.736668)
(-1.06269e-15 1.5553 4.12398)
(-2.33893e-15 4.81564 10.4609)
(-5.28576e-17 -6.96854 2.43389)
(-2.83607e-17 -3.07799 3.7121)
(-1.86567e-16 -3.64432 5.82222)
(-1.416e-15 -2.26409 6.05403)
(-3.20286e-15 -2.35797 4.78043)
(-4.40445e-15 -2.41775 3.92511)
(-4.68346e-15 -3.52855 3.62382)
(-5.61831e-15 -4.88212 4.69331)
(-6.4028e-15 -5.11353 6.22819)
(-3.46868e-15 -0.412019 4.32842)
(-8.7925e-16 4.07839 0.108656)
(-1.45184e-16 4.62073 0.349228)
(1.9219e-16 3.64189 0.0147117)
(1.15961e-17 2.17594 0.953634)
(-2.18844e-18 1.01304 0.958941)
(1.11701e-17 0.831512 0.683816)
(2.75059e-17 0.477187 0.2628)
(-2.5489e-16 0.513078 -0.749176)
(-1.83696e-15 3.8525 4.97966)
(-2.69156e-17 -7.53191 1.84623)
(1.73754e-17 -3.34356 2.81982)
(-1.86252e-16 -3.95855 4.87299)
(-2.04512e-15 -2.14869 5.64449)
(-4.89229e-15 -2.20629 4.73154)
(-6.573e-15 -2.31473 4.38433)
(-6.30147e-15 -3.6173 4.15695)
(-6.2712e-15 -5.09125 4.95446)
(-6.16432e-15 -5.02508 5.88869)
(-2.96607e-15 0.26614 3.1265)
(-1.28669e-15 4.44758 -0.269068)
(1.71092e-17 4.61385 -0.131985)
(1.47117e-16 3.53608 0.120076)
(1.52841e-18 2.08175 1.19016)
(-1.5271e-18 1.04395 1.07595)
(-1.58576e-18 0.884273 0.71136)
(4.74299e-18 0.653012 0.332163)
(6.69062e-17 0.639612 -0.220199)
(-6.3833e-17 0.831786 -2.11524)
(-1.20562e-17 -7.99914 1.36925)
(5.06771e-17 -3.55275 2.18137)
(-1.15142e-16 -4.33852 3.99298)
(-2.40937e-15 -2.14593 5.43005)
(-6.3777e-15 -2.16877 5.06428)
(-8.88465e-15 -2.2683 5.31435)
(-8.46642e-15 -3.66753 5.09816)
(-7.62507e-15 -5.19651 5.5024)
(-6.43179e-15 -4.76743 5.64013)
(-2.46989e-15 0.829214 1.70906)
(-1.31111e-15 4.74796 -0.524811)
(1.31233e-16 4.56529 -0.494751)
(1.03459e-16 3.36421 0.340262)
(-2.92874e-18 1.99601 1.35925)
(3.17772e-20 1.10191 1.11875)
(8.52646e-19 0.958176 0.708198)
(-3.68068e-19 0.735531 0.287209)
(-8.2725e-18 0.962625 -0.155246)
(3.38956e-17 1.42177 -2.72097)
(-5.19262e-18 -8.37757 0.947396)
(6.14196e-17 -3.70141 1.82984)
(-1.03845e-17 -4.75137 3.20733)
(-2.31864e-15 -2.25485 5.24638)
(-7.07773e-15 -2.24722 5.39079)
(-1.07687e-14 -2.28403 6.29786)
(-1.09436e-14 -3.68083 6.26129)
(-9.66215e-15 -5.17409 6.34128)
(-7.19613e-15 -4.27521 5.45338)
(-2.32377e-15 1.30721 0.147094)
(-1.06542e-15 4.92059 -0.862598)
(2.07826e-16 4.45725 -0.634631)
(6.15737e-17 3.15351 0.617659)
(-3.40519e-18 1.93526 1.4303)
(1.13881e-19 1.172 1.11087)
(2.79711e-19 1.03829 0.700546)
(1.37666e-18 0.849489 0.253472)
(3.02966e-18 1.08953 -0.248425)
(3.08733e-17 1.27547 -0.78122)
(-2.63075e-18 -8.76785 0.548058)
(5.4069e-17 -3.80286 1.74024)
(7.89652e-17 -5.19835 2.54581)
(-1.81259e-15 -2.47361 4.99773)
(-6.67717e-15 -2.4609 5.37924)
(-1.15331e-14 -2.4109 6.86241)
(-1.2977e-14 -3.70239 7.21649)
(-1.17677e-14 -5.01739 7.14669)
(-8.14757e-15 -3.5252 5.16083)
(-3.05884e-15 1.9124 -0.795997)
(-8.18055e-16 4.94659 -1.23552)
(2.31007e-16 4.27862 -0.530003)
(2.83899e-17 2.94018 0.879381)
(-2.19155e-18 1.90513 1.4101)
(1.17031e-19 1.24665 1.07474)
(-1.49553e-19 1.11671 0.678189)
(-1.19385e-19 0.951084 0.225613)
(2.94509e-19 1.20577 -0.183945)
(3.76337e-17 1.38341 -1.24218)
(-1.80353e-18 -9.03929 0.142915)
(3.89832e-17 -3.85672 1.89153)
(1.22724e-16 -5.57192 2.02727)
(-1.13925e-15 -2.67776 4.72134)
(-5.36654e-15 -2.68262 4.97587)
(-1.08182e-14 -2.60453 6.75014)
(-1.37542e-14 -3.75126 7.49227)
(-1.31778e-14 -4.75495 7.43984)
(-8.90431e-15 -2.61789 4.58769)
(-3.44232e-15 2.56715 -1.1986)
(-5.68562e-16 4.90723 -1.52586)
(1.88563e-16 4.03949 -0.238926)
(8.45247e-18 2.75678 1.04967)
(-9.05267e-19 1.90134 1.33095)
(5.1672e-20 1.31807 1.02377)
(-7.57392e-20 1.19476 0.643305)
(-9.98512e-20 1.04588 0.192533)
(1.18222e-19 1.31326 -0.180966)
(3.11543e-17 1.45039 -0.733234)
(-1.46002e-18 -9.57703 -0.219691)
(2.40414e-17 -3.90253 2.18594)
(1.21924e-16 -6.02161 1.66028)
(-5.52983e-16 -2.95886 4.49233)
(-3.67496e-15 -2.98579 4.33955)
(-8.84763e-15 -2.89028 6.01662)
(-1.29644e-14 -3.84893 6.90601)
(-1.35309e-14 -4.44471 7.00055)
(-9.17409e-15 -1.70601 3.68057)
(-2.65362e-15 3.10736 -1.66539)
(-1.93748e-16 4.79577 -1.71052)
(1.15811e-16 3.76635 0.102856)
(-5.38512e-19 2.6221 1.0967)
(-9.80692e-20 1.91545 1.22772)
(-2.69611e-21 1.38588 0.960079)
(-5.10762e-20 1.27254 0.597258)
(-1.15673e-19 1.13563 0.159598)
(-4.28758e-21 1.38071 -0.152192)
(2.54972e-17 1.50137 -0.606265)
(-1.17845e-18 -9.56162 -0.592565)
(1.28217e-17 -3.89722 2.70841)
(9.55541e-17 -6.16661 1.41794)
(-1.74395e-16 -2.99168 4.40172)
(-2.12781e-15 -3.00627 3.68998)
(-6.27234e-15 -3.04687 4.98017)
(-1.08537e-14 -3.93277 5.65837)
(-1.28036e-14 -4.13934 5.94865)
(-8.93906e-15 -0.847014 2.51911)
(-1.71389e-15 3.56588 -2.13786)
(1.46295e-16 4.59019 -1.69986)
(6.32464e-17 3.48128 0.377967)
(-2.18834e-18 2.53161 1.04618)
(1.21536e-19 1.93504 1.12036)
(-1.14078e-20 1.44889 0.88354)
(-1.48374e-20 1.34701 0.541926)
(-5.35184e-20 1.21587 0.129048)
(-3.88815e-20 1.45169 -0.12975)
(1.75222e-17 1.53722 -0.567453)
(-8.63735e-19 -10.9508 -0.774532)
(5.50206e-18 -3.95274 3.1432)
(6.2406e-17 -6.85114 1.30718)
(8.75021e-18 -3.41137 4.3892)
(-1.0047e-15 -3.34977 3.10848)
(-3.79038e-15 -3.30779 3.88174)
(-7.98154e-15 -4.04639 4.06688)
(-1.1129e-14 -3.86268 4.51348)
(-8.43235e-15 0.0284728 1.11974)
(-1.2713e-15 3.87979 -2.33996)
(2.59284e-16 4.31122 -1.36734)
(3.4172e-17 3.20551 0.554755)
(-1.01627e-18 2.46143 0.951165)
(4.97861e-20 1.94165 1.01309)
(-2.11774e-21 1.49632 0.79594)
(-2.63049e-21 1.40654 0.479516)
(-1.45016e-20 1.27744 0.103776)
(-1.83596e-20 1.49063 -0.107452)
(1.10566e-17 1.56141 -0.385517)
(-5.59945e-19 -9.2986 -1.23355)
(1.14342e-18 -3.85835 4.20142)
(3.3634e-17 -6.18003 1.21048)
(6.87082e-17 -2.84487 4.59907)
(-3.2822e-16 -2.68477 2.69837)
(-1.86818e-15 -3.08496 3.0417)
(-5.02946e-15 -4.00595 2.53101)
(-8.67591e-15 -3.60875 2.94983)
(-7.15444e-15 0.682923 -0.438724)
(-9.6842e-16 4.00038 -2.3319)
(1.98378e-16 4.0243 -0.804065)
(1.18561e-17 3.00746 0.633755)
(-1.36325e-19 2.42958 0.848724)
(-5.9696e-21 1.95902 0.904238)
(1.6441e-21 1.55064 0.701462)
(6.1296e-23 1.47143 0.412889)
(-4.92395e-21 1.34164 0.0839344)
(-2.45371e-20 1.53071 -0.0854999)
(6.14611e-18 1.58919 -0.292421)
(-3.04443e-19 -14.8962 -0.795847)
(-1.11415e-18 -4.02475 4.18717)
(1.46184e-17 -8.42679 1.35586)
(7.10178e-17 -4.24602 4.64669)
(-2.08246e-18 -3.82296 2.41346)
(-6.68581e-16 -3.47029 2.41134)
(-2.62567e-15 -4.08716 1.32013)
(-5.89446e-15 -3.38163 1.56441)
(-4.31627e-15 1.04571 -1.60027)
(-5.53735e-16 3.98323 -2.24395)
(9.9095e-17 3.80518 -0.299626)
(6.94048e-21 2.94692 0.610941)
(4.49217e-20 2.47293 0.742629)
(-4.11185e-21 2.031 0.788151)
(1.78198e-22 1.64927 0.600671)
(1.2772e-22 1.57128 0.34415)
(-1.83321e-21 1.43553 0.0699941)
(-8.5881e-21 1.60507 -0.069108)
(3.45451e-18 1.64731 -0.287653)
(-2.97251e-19 -4.18902 -3.06455)
(-1.71256e-18 -3.69623 7.26637)
(7.92805e-18 -3.93005 0.814099)
(5.36881e-17 -1.3722 5.26046)
(2.73246e-17 -0.939933 2.77429)
(-2.58456e-16 -2.37219 2.92964)
(-1.27978e-15 -3.62783 1.23248)
(-3.58453e-15 -3.03306 0.922003)
(-1.91396e-15 1.31889 -2.29765)
(-1.93091e-16 3.7024 -2.09764)
(3.50779e-17 3.42582 -0.0471244)
(-8.76181e-19 2.76024 0.521727)
(9.59073e-21 2.36172 0.627321)
(1.37008e-21 1.96352 0.661009)
(-2.40665e-22 1.62007 0.492241)
(-1.33005e-22 1.54503 0.274128)
(-2.33981e-22 1.40831 0.0600759)
(4.33809e-21 1.55808 -0.0569371)
(1.21298e-18 1.59243 -0.158301)
(4.64724e-19 -31.0736 3.7464)
(6.65391e-18 -4.20217 3.54655)
(1.3708e-17 -14.4263 2.82148)
(-7.89296e-17 -7.41567 5.52741)
(-4.25618e-16 -6.24036 4.52326)
(-7.64274e-16 -4.02682 4.37914)
(-1.20614e-15 -4.14255 2.42596)
(-2.35822e-15 -2.79084 1.1431)
(-6.48104e-16 1.36743 -2.82009)
(1.59703e-17 3.14261 -1.78781)
(1.21223e-17 2.87692 0.0337423)
(-6.45819e-20 2.41518 0.438395)
(-4.39018e-21 2.0848 0.524329)
(2.02812e-22 1.74503 0.545824)
(2.38012e-23 1.45782 0.393287)
(-5.92417e-23 1.40121 0.21257)
(2.56737e-22 1.27565 0.0518265)
(2.17541e-21 1.40793 -0.0516655)
(3.27761e-19 1.43421 -0.148961)
(-5.2758e-18 28.4789 -23.3854)
(-4.42651e-18 -3.47134 16.5808)
(3.67194e-17 9.85639 -5.49154)
(1.25818e-16 4.57357 4.45235)
(-3.95552e-16 4.68264 2.67124)
(-1.20421e-15 -0.130777 6.01034)
(-1.61556e-15 -1.78899 4.27223)
(-1.87849e-15 -1.63735 1.94047)
(-8.49222e-17 2.49378 -2.37337)
(6.99903e-17 3.76962 -1.06862)
(2.04899e-18 3.68011 0.092251)
(4.98654e-20 3.31505 0.36358)
(-9.9896e-23 2.91662 0.421205)
(-2.15576e-22 2.48587 0.433378)
(2.13037e-23 2.11991 0.300739)
(1.93734e-23 2.02078 0.159941)
(2.33935e-23 1.85417 0.0424684)
(-1.09309e-21 1.98254 -0.04901)
(-1.42051e-19 1.99946 0.0096686)
(4.04727e-17 -92.2804 81.0684)
(3.9058e-17 -5.1176 -4.90347)
(-2.33745e-16 -38.4923 29.8165)
(-1.5272e-15 -18.2901 15.2715)
(-3.32793e-15 -15.0149 19.3914)
(-3.83017e-15 -7.58789 12.3998)
(-3.5312e-15 -6.2381 7.62795)
(-2.26786e-15 -2.40666 0.826633)
(1.95916e-17 3.02003 -0.722794)
(1.25372e-17 4.1474 -0.181697)
(-5.73835e-19 4.09644 0.064417)
(-2.52714e-21 3.73188 0.151108)
(3.52114e-22 3.30701 0.173151)
(2.82607e-23 2.83793 0.176346)
(-5.9878e-24 2.42748 0.117923)
(3.9488e-24 2.28975 0.0632545)
(-3.45602e-23 2.10529 0.0161475)
(-3.23323e-22 2.22713 -0.0253917)
(3.74214e-20 2.24913 -0.0951826)
(7.85032e-17 6.03199 10.836)
(-5.88821e-15 9.94479 16.9351)
(-4.8038e-15 9.80324 16.6713)
(-4.33736e-15 9.67195 16.2026)
(-4.34181e-15 9.67329 16.1082)
(-6.49128e-15 9.72957 16.0563)
(-5.14742e-15 9.74736 16.0253)
(-4.65442e-15 9.78518 15.9927)
(-4.43092e-15 9.79275 15.9693)
(-4.41343e-15 9.82699 15.9621)
(-4.57472e-15 9.81361 15.9399)
(-4.20665e-15 9.74121 15.7449)
(-4.29604e-15 9.77545 15.8695)
(-4.22464e-15 9.78358 15.9277)
(-4.47494e-15 9.75789 15.9558)
(-4.4165e-15 9.71184 15.9716)
(-4.41052e-15 9.71276 16.0441)
(-4.15788e-15 10.0423 16.7677)
(-3.83672e-15 10.356 17.1535)
(-7.13956e-15 6.04383 10.3916)
(3.95852e-17 5.62549 9.51402)
(-4.81436e-15 9.36408 16.0698)
(-4.04881e-15 8.9285 15.3218)
(-3.47363e-15 8.79016 15.038)
(-3.3654e-15 8.7919 15.082)
(-5.85865e-15 8.83834 15.0972)
(-3.90172e-15 8.84326 15.1288)
(-3.78054e-15 8.87699 15.1452)
(-3.56871e-15 8.89138 15.175)
(-3.66326e-15 8.91574 15.1941)
(-3.97514e-15 8.93563 15.2253)
(-3.73706e-15 8.98176 15.2893)
(-3.56354e-15 8.9993 15.2918)
(-3.6495e-15 9.01245 15.3104)
(-3.79705e-15 9.0285 15.3293)
(-3.68506e-15 9.02678 15.3323)
(-3.98435e-15 9.1098 15.4776)
(-3.54545e-15 9.56988 16.2597)
(-3.44983e-15 9.53756 16.2074)
(-6.52989e-15 4.86777 8.29561)
(-3.83366e-19 6.09069 10.626)
(-1.89271e-15 9.67656 16.6008)
(-1.51615e-15 9.18232 15.8826)
(-1.32505e-15 9.08398 15.6039)
(-1.05731e-15 9.05635 15.6165)
(-3.79758e-15 9.08309 15.6006)
(-1.90925e-15 9.0695 15.6038)
(-1.88158e-15 9.08506 15.5938)
(-1.81822e-15 9.0806 15.595)
(-1.80543e-15 9.09111 15.5915)
(-1.75052e-15 9.09237 15.592)
(-1.55726e-15 9.09265 15.5837)
(-1.5468e-15 9.09848 15.5914)
(-1.67604e-15 9.10311 15.5986)
(-1.87551e-15 9.10839 15.5951)
(-1.67178e-15 9.09557 15.5838)
(-1.78916e-15 9.19418 15.7336)
(-1.59911e-15 9.65549 16.5427)
(-1.7181e-15 9.47758 16.1901)
(-3.39502e-15 4.56474 7.8789)
(-1.26227e-18 6.06642 10.503)
(4.25314e-16 9.55029 16.4257)
(3.26565e-16 9.04998 15.6602)
(3.1612e-16 8.95035 15.4145)
(2.70596e-16 8.9306 15.4427)
(-2.3022e-15 8.95546 15.4405)
(-1.96868e-15 8.94397 15.4551)
(-1.70715e-15 8.95897 15.4563)
(-1.63844e-15 8.95589 15.4675)
(-1.70263e-15 8.96581 15.472)
(-1.80132e-15 8.96805 15.4813)
(-1.40408e-15 8.9763 15.4909)
(-1.6985e-15 8.98305 15.4973)
(-1.67489e-15 8.9861 15.5072)
(-1.80332e-15 8.99375 15.5057)
(-1.70198e-15 8.98163 15.5002)
(-1.54982e-15 9.09688 15.6729)
(-1.7611e-15 9.56915 16.5079)
(-1.6052e-15 9.25387 15.9369)
(-3.34727e-15 4.20091 7.27794)
(4.89313e-19 6.22555 10.8262)
(-9.56998e-17 9.58096 16.4755)
(-7.16174e-17 9.06086 15.7016)
(-6.80787e-17 8.9681 15.4677)
(-7.05088e-17 8.94416 15.4943)
(5.27448e-16 8.96251 15.491)
(4.23221e-16 8.94768 15.5034)
(4.37823e-16 8.95658 15.5042)
(4.15594e-16 8.94953 15.5137)
(4.18485e-16 8.95423 15.5179)
(4.1539e-16 8.952 15.526)
(3.70058e-16 8.95395 15.5324)
(3.68276e-16 8.95606 15.5401)
(3.90978e-16 8.95574 15.5503)
(4.39631e-16 8.95946 15.5486)
(3.92677e-16 8.94313 15.5446)
(4.1039e-16 9.05905 15.7171)
(3.68256e-16 9.51434 16.5551)
(4.0449e-16 9.17274 15.9287)
(7.77151e-16 4.21202 7.40261)
(-1.46437e-19 6.29676 10.9286)
(2.16669e-17 9.52362 16.3939)
(1.58788e-17 9.00838 15.6102)
(1.54515e-17 8.91278 15.3879)
(1.74816e-17 8.89254 15.4152)
(-1.20783e-16 8.90724 15.4164)
(-9.59788e-17 8.89359 15.4303)
(-1.03919e-16 8.89979 15.4345)
(-9.70068e-17 8.89224 15.446)
(-1.03515e-16 8.89466 15.4527)
(-9.76066e-17 8.89068 15.4632)
(-9.24573e-17 8.89105 15.4722)
(-9.17823e-17 8.89023 15.4819)
(-8.69481e-17 8.88804 15.4936)
(-9.69929e-17 8.88885 15.4961)
(-9.81459e-17 8.8706 15.4937)
(-1.01724e-16 8.96526 15.6363)
(-8.68172e-17 9.3866 16.4434)
(-9.42143e-17 9.15955 16.0277)
(-1.73561e-16 4.47269 7.91541)
(4.03958e-20 6.40063 11.1032)
(-5.02508e-18 9.49487 16.3468)
(-3.63201e-18 8.98234 15.5611)
(-3.72391e-18 8.88495 15.3436)
(-4.11669e-18 8.86628 15.3685)
(2.7968e-17 8.87779 15.37)
(2.26859e-17 8.8643 15.3823)
(2.39941e-17 8.868 15.3861)
(2.32589e-17 8.85948 15.3964)
(2.38428e-17 8.85978 15.4024)
(2.22045e-17 8.85397 15.4119)
(2.17306e-17 8.85231 15.4197)
(2.24797e-17 8.84873 15.4289)
(2.0679e-17 8.84495 15.4392)
(2.19448e-17 8.84355 15.4441)
(2.37617e-17 8.82499 15.4419)
(2.38678e-17 8.8802 15.5218)
(2.08166e-17 9.23591 16.2276)
(2.20827e-17 9.25345 16.2519)
(3.77003e-17 4.96009 8.8035)
(-1.03879e-20 6.50709 11.2679)
(1.17721e-18 9.45686 16.2812)
(8.67278e-19 8.94995 15.4926)
(9.08859e-19 8.85285 15.2836)
(9.6594e-19 8.83726 15.3061)
(-6.50797e-18 8.84716 15.308)
(-5.40989e-18 8.83508 15.3189)
(-5.47703e-18 8.83794 15.3222)
(-5.58036e-18 8.82991 15.3313)
(-5.4424e-18 8.8297 15.3364)
(-5.10083e-18 8.82371 15.3447)
(-4.96113e-18 8.82176 15.3512)
(-5.3171e-18 8.81722 15.3592)
(-5.11324e-18 8.81347 15.3676)
(-5.06583e-18 8.81117 15.3737)
(-5.56876e-18 8.79645 15.3741)
(-5.47198e-18 8.81732 15.4)
(-4.90887e-18 9.08415 15.9381)
(-5.25171e-18 9.34432 16.4034)
(-7.92836e-18 5.53988 9.81774)
(2.34673e-21 6.64277 11.4865)
(-2.76068e-19 9.42687 16.2244)
(-2.13172e-19 8.92297 15.4333)
(-2.17907e-19 8.83169 15.2391)
(-2.29132e-19 8.81858 15.2592)
(1.51208e-18 8.82748 15.2608)
(1.27618e-18 8.81692 15.27)
(1.27356e-18 8.8195 15.2724)
(1.31452e-18 8.81244 15.2799)
(1.2535e-18 8.81235 15.2838)
(1.20401e-18 8.80697 15.2907)
(1.14008e-18 8.80548 15.2957)
(1.24717e-18 8.8011 15.3023)
(1.26157e-18 8.79831 15.3085)
(1.1828e-18 8.79571 15.3143)
(1.2761e-18 8.78642 15.3174)
(1.26046e-18 8.7897 15.3183)
(1.15013e-18 8.96653 15.6756)
(1.25725e-18 9.37859 16.4121)
(1.66691e-18 6.10083 10.7702)
(-4.0198e-22 6.79959 11.7427)
(6.48258e-20 9.39324 16.1628)
(5.26594e-20 8.89358 15.3723)
(5.13971e-20 8.81285 15.2)
(5.42747e-20 8.80207 15.2186)
(-3.53675e-19 8.81028 15.2199)
(-2.97432e-19 8.80133 15.2279)
(-3.04953e-19 8.80394 15.23)
(-3.04525e-19 8.79813 15.2365)
(-2.92017e-19 8.79847 15.2398)
(-2.88566e-19 8.7941 15.2458)
(-2.69609e-19 8.79342 15.2499)
(-2.96348e-19 8.78978 15.2557)
(-3.03844e-19 8.78832 15.2606)
(-2.77842e-19 8.78595 15.266)
(-2.93453e-19 8.78085 15.2702)
(-2.94332e-19 8.77898 15.2664)
(-2.69618e-19 8.8916 15.4925)
(-3.00928e-19 9.3551 16.3126)
(-3.55099e-19 6.56084 11.5301)
(2.29552e-23 6.97293 12.0317)
(-1.52562e-20 9.35536 16.0967)
(-1.28039e-20 8.86397 15.3151)
(-1.20712e-20 8.79672 15.1689)
(-1.27439e-20 8.78762 15.1861)
(8.38601e-20 8.79511 15.1872)
(6.89447e-20 8.78751 15.1944)
(7.42954e-20 8.79004 15.1963)
(6.99263e-20 8.78532 15.2021)
(6.888e-20 8.78594 15.2052)
(6.89702e-20 8.78247 15.2107)
(6.53448e-20 8.78244 15.2143)
(7.11815e-20 8.77947 15.2198)
(7.16134e-20 8.77912 15.224)
(6.56968e-20 8.77705 15.2294)
(6.90397e-20 8.77449 15.2336)
(6.95642e-20 8.77185 15.2307)
(6.32985e-20 8.84768 15.3828)
(7.16983e-20 9.30603 16.1841)
(7.65564e-20 6.90489 12.0907)
(1.86465e-23 7.15353 12.336)
(3.59728e-21 9.31056 16.0217)
(3.04385e-21 8.83434 15.2611)
(2.84205e-21 8.78122 15.1417)
(2.94036e-21 8.7733 15.1576)
(-2.01534e-20 8.78004 15.1586)
(-1.60307e-20 8.77352 15.1652)
(-1.80001e-20 8.77585 15.1672)
(-1.60481e-20 8.77202 15.1726)
(-1.64169e-20 8.7727 15.1757)
(-1.63447e-20 8.76994 15.1808)
(-1.5944e-20 8.77028 15.1844)
(-1.70511e-20 8.76776 15.1897)
(-1.67425e-20 8.76824 15.1936)
(-1.56704e-20 8.76619 15.1992)
(-1.65908e-20 8.76542 15.2034)
(-1.65423e-20 8.76262 15.2019)
(-1.48962e-20 8.81725 15.3119)
(-1.69869e-20 9.25164 16.0658)
(-1.66415e-20 7.16157 12.5118)
(-1.08392e-23 7.33628 12.646)
(-8.49915e-22 9.25953 15.9377)
(-7.13807e-22 8.80633 15.2118)
(-6.72494e-22 8.76648 15.1177)
(-6.5943e-22 8.75934 15.1321)
(4.87852e-21 8.76529 15.1331)
(3.76812e-21 8.75965 15.1392)
(4.269e-21 8.76166 15.1414)
(3.70491e-21 8.75853 15.1463)
(3.93026e-21 8.75908 15.1495)
(3.85682e-21 8.75687 15.1544)
(3.86075e-21 8.75733 15.1579)
(4.03818e-21 8.75507 15.1632)
(3.92364e-21 8.75612 15.1668)
(3.76384e-21 8.75381 15.1727)
(4.00957e-21 8.7545 15.1766)
(3.93801e-21 8.75123 15.1769)
(3.52266e-21 8.7922 15.2586)
(4.01287e-21 9.19604 15.959)
(3.64433e-21 7.36962 12.8598)
(3.99381e-24 7.51847 12.9558)
(2.01246e-22 9.20262 15.8444)
(1.67581e-22 8.78046 15.1669)
(1.60254e-22 8.75231 15.0955)
(1.42243e-22 8.74569 15.1083)
(-1.17811e-21 8.75086 15.1093)
(-8.97898e-22 8.746 15.1149)
(-9.89115e-22 8.7476 15.1173)
(-8.6375e-22 8.7451 15.1219)
(-9.39234e-22 8.74539 15.1252)
(-9.11013e-22 8.74366 15.1298)
(-9.22513e-22 8.74406 15.1333)
(-9.45876e-22 8.74203 15.1385)
(-9.2367e-22 8.7434 15.1419)
(-9.04403e-22 8.74076 15.1481)
(-9.60678e-22 8.7427 15.1515)
(-9.35739e-22 8.73865 15.1537)
(-8.38512e-22 8.76998 15.2135)
(-9.48766e-22 9.13743 15.854)
(-8.04453e-22 7.5561 13.1763)
(-1.21119e-24 7.6995 13.2637)
(-4.76677e-23 9.14028 15.7419)
(-3.97057e-23 8.75702 15.1266)
(-3.84589e-23 8.73882 15.0746)
(-2.92926e-23 8.73255 15.0858)
(2.81297e-22 8.737 15.0869)
(2.15855e-22 8.73284 15.092)
(2.25679e-22 8.73399 15.0946)
(2.0346e-22 8.73204 15.0988)
(2.23167e-22 8.73204 15.1022)
(2.15736e-22 8.73073 15.1064)
(2.1768e-22 8.73095 15.11)
(2.20316e-22 8.72921 15.115)
(2.17636e-22 8.73068 15.1183)
(2.15834e-22 8.72781 15.1246)
(2.26857e-22 8.73077 15.1275)
(2.21492e-22 8.72585 15.1316)
(2.00722e-22 8.75 15.1733)
(2.25034e-22 9.07433 15.7445)
(1.78807e-22 7.73435 13.4806)
(3.26567e-25 7.87961 13.5699)
(1.12524e-23 9.07265 15.63)
(9.46681e-24 8.73616 15.0909)
(9.25882e-24 8.7262 15.055)
(5.74187e-24 8.72016 15.0647)
(-6.61208e-23 8.7239 15.0659)
(-5.18633e-23 8.72047 15.0705)
(-5.12645e-23 8.72111 15.0732)
(-4.82668e-23 8.71967 15.077)
(-5.26526e-23 8.71937 15.0804)
(-5.11426e-23 8.71842 15.0844)
(-5.09374e-23 8.71839 15.088)
(-5.13231e-23 8.717 15.0927)
(-5.11098e-23 8.71829 15.096)
(-5.09709e-23 8.71545 15.1022)
(-5.28801e-23 8.71907 15.1046)
(-5.21571e-23 8.71337 15.1105)
(-4.81965e-23 8.73223 15.1373)
(-5.35794e-23 9.00615 15.6276)
(-3.99147e-23 7.90948 13.7796)
(-8.12234e-26 8.05933 13.8751)
(-2.63859e-24 8.99953 15.5081)
(-2.25313e-24 8.7178 15.0597)
(-2.22311e-24 8.71456 15.0366)
(-1.07348e-24 8.70878 15.0447)
(1.53211e-23 8.71174 15.0461)
(1.23556e-23 8.70917 15.0501)
(1.16879e-23 8.7093 15.053)
(1.14662e-23 8.7083 15.0564)
(1.23428e-23 8.70781 15.0598)
(1.21095e-23 8.70712 15.0635)
(1.18797e-23 8.70686 15.0672)
(1.19975e-23 8.70588 15.0715)
(1.19402e-23 8.70673 15.0749)
(1.19243e-23 8.70427 15.0809)
(1.22299e-23 8.70799 15.0831)
(1.22165e-23 8.70175 15.0904)
(1.15786e-23 8.71697 15.1052)
(1.27898e-23 8.93309 15.5027)
(8.92135e-24 8.08314 14.0752)
(1.90388e-26 8.23965 14.1804)
(6.14712e-25 8.92061 15.3748)
(5.32509e-25 8.70165 15.0324)
(5.30368e-25 8.70362 15.0189)
(1.93888e-25 8.69851 15.0253)
(-3.51591e-24 8.70035 15.0269)
(-2.9095e-24 8.69873 15.0302)
(-2.68134e-24 8.6984 15.033)
(-2.71088e-24 8.6977 15.0361)
(-2.87817e-24 8.69712 15.0394)
(-2.85597e-24 8.69657 15.0428)
(-2.76876e-24 8.69617 15.0464)
(-2.81255e-24 8.69557 15.0503)
(-2.77505e-24 8.69586 15.054)
(-2.77273e-24 8.69426 15.0594)
(-2.81987e-24 8.69726 15.0619)
(-2.84765e-24 8.69129 15.0701)
(-2.77531e-24 8.70425 15.0762)
(-3.05287e-24 8.85558 15.3705)
(-1.99481e-24 8.25515 14.3662)
(-4.28238e-27 8.42318 14.4926)
(-1.44886e-25 8.83809 15.2311)
(-1.27087e-25 8.69069 15.012)
(-1.27806e-25 8.69522 15.0051)
(-3.50852e-26 8.69182 15.0089)
(8.15176e-25 8.69212 15.0105)
(6.89341e-25 8.69115 15.0126)
(6.28206e-25 8.69035 15.0148)
(6.44912e-25 8.68952 15.0171)
(6.78845e-25 8.68863 15.0197)
(6.79075e-25 8.68775 15.0224)
(6.54674e-25 8.68689 15.0254)
(6.69399e-25 8.68605 15.0287)
(6.51808e-25 8.68543 15.0321)
(6.52516e-25 8.68433 15.0364)
(6.6001e-25 8.68532 15.0397)
(6.71028e-25 8.68104 15.0469)
(6.72211e-25 8.69107 15.0483)
(7.37049e-25 8.77265 15.2324)
(4.52563e-25 8.42326 14.6449)
(7.47051e-28 8.61058 14.8239)
(2.84355e-26 8.75271 15.0801)
(2.52811e-26 8.69281 15.0032)
(2.5636e-26 8.695 15.0014)
(5.68407e-27 8.69442 15.0021)
(-1.58397e-25 8.69407 15.0026)
(-1.36769e-25 8.69366 15.0031)
(-1.24041e-25 8.69305 15.0038)
(-1.2737e-25 8.69232 15.0046)
(-1.33893e-25 8.69143 15.0056)
(-1.34154e-25 8.69038 15.0067)
(-1.29366e-25 8.68914 15.008)
(-1.32911e-25 8.68772 15.0095)
(-1.28136e-25 8.68604 15.0113)
(-1.28846e-25 8.68417 15.0133)
(-1.29883e-25 8.68208 15.0156)
(-1.32267e-25 8.67892 15.0189)
(-1.35375e-25 8.67938 15.02)
(-1.47906e-25 8.69418 15.0844)
(-8.57542e-26 8.5934 14.8933)
(5.25077e-15 -0.0585907 -2.95862)
(7.02594e-15 -0.176094 -3.66083)
(5.15102e-15 0.0510289 -2.88831)
(5.13676e-15 0.173486 -2.92971)
(4.96484e-15 0.368291 -2.77514)
(7.25569e-15 0.173239 -4.23562)
(5.71183e-15 0.0504069 -3.71917)
(5.78063e-15 0.23756 -3.50689)
(6.22635e-15 0.489378 -3.81103)
(4.6826e-15 0.414437 0.392588)
(2.09241e-15 -0.712187 4.93223)
(1.94686e-15 -0.804471 4.65362)
(1.84283e-15 -1.58706 8.32745)
(9.96219e-16 -2.3152 8.0399)
(7.45559e-16 -2.88183 8.08023)
(6.13435e-16 -3.1536 8.30619)
(7.89144e-16 -4.75186 12.2759)
(6.73398e-16 -4.94323 9.93491)
(8.48838e-16 -5.55355 10.4859)
(1.71848e-15 -8.096 14.6763)
(1.97263e-15 -6.8013 12.1372)
(1.71479e-15 -7.14489 12.9304)
(1.90482e-15 -7.10167 12.908)
(1.87516e-15 -7.24551 13.0558)
(1.85552e-15 -7.29144 13.0936)
(1.79107e-15 -7.35203 13.1639)
(1.68185e-15 -7.35052 13.2507)
(1.54717e-15 -7.47833 13.3444)
(1.48912e-15 -6.43327 12.4681)
(1.24704e-15 -6.75317 12.838)
(1.02464e-15 -6.62532 13.1972)
(8.31258e-16 -6.58026 13.5235)
(6.24928e-16 -6.48039 13.81)
(4.33955e-16 -6.39027 14.0176)
(2.56567e-16 -6.29136 14.1112)
(7.48909e-17 -6.08277 14.1064)
(-6.923e-17 -5.82696 13.8203)
(-2.20672e-16 -5.66344 12.6262)
(-5.09304e-16 -0.248512 -1.03302)
(-5.34125e-16 -3.84119 2.63814)
(-6.35704e-16 -1.65468 -1.81211)
(-7.83544e-16 -5.21209 1.15884)
(-6.49248e-16 -3.72583 0.0884813)
(-5.32368e-16 -3.69307 0.155601)
(-4.96376e-16 -4.80207 0.260032)
(-2.31206e-16 -3.47139 0.00250581)
(2.23132e-16 -4.44247 -0.00972379)
(7.312e-16 -3.9458 -0.652848)
(8.62751e-16 -3.2382 -0.791726)
(2.22972e-15 -4.10285 -1.41481)
(2.01918e-15 -2.51228 -1.39139)
(3.86555e-15 -3.05248 -2.36562)
(3.59694e-15 -1.97589 -2.39812)
(2.87082e-15 -1.17678 -1.8234)
(4.9499e-15 -1.22258 -2.76589)
(3.33744e-15 -0.426898 -1.64162)
(1.65092e-15 0.316315 -1.18342)
(1.13856e-15 0.345441 1.0592)
(1.51216e-15 0.289817 1.11047)
(-4.92621e-15 0.499482 2.78452)
(-3.74433e-17 0.0943858 -1.0728)
(-1.93076e-17 -0.223331 -1.01776)
(6.98338e-17 0.0316531 1.7513)
(2.24242e-16 0.31796 0.966681)
(3.27476e-16 0.270042 -0.710122)
(3.03735e-16 0.153256 -1.9303)
(3.53793e-17 -0.124974 -0.567867)
(1.88729e-15 -0.326912 3.09555)
(4.49256e-15 -0.31814 6.36055)
(6.19316e-15 -0.109913 7.50294)
(6.73918e-15 0.0499708 6.71314)
(7.63786e-15 0.0678631 6.18099)
(8.75906e-15 0.167248 5.24448)
(9.55178e-15 0.374977 2.68313)
(9.59841e-15 0.564029 -1.75025)
(9.14064e-15 0.592254 -7.31477)
(9.27216e-15 -0.0150122 -12.1172)
(6.50171e-15 -0.759024 -9.01602)
(-2.47213e-16 -0.383257 0.800012)
(-9.41954e-17 0.438742 -0.994233)
(-7.13471e-17 -0.518687 -2.19442)
(6.00451e-17 -0.373004 1.23878)
(4.01965e-16 0.33554 2.83058)
(7.11923e-16 0.390649 2.39677)
(8.72354e-16 -0.160208 1.65822)
(1.6401e-15 -0.772498 3.36169)
(3.93294e-15 -1.0245 7.31121)
(5.74202e-15 -0.549577 9.34541)
(5.81069e-15 0.0609586 8.09236)
(6.7003e-15 0.227209 7.1535)
(8.73933e-15 0.21561 6.89337)
(1.01921e-14 0.490804 5.97561)
(1.06102e-14 1.03666 3.59549)
(9.94647e-15 1.62795 -0.672738)
(8.88082e-15 1.6152 -6.58454)
(8.66131e-15 0.247537 -10.2247)
(9.50883e-15 -1.76674 -12.1876)
(3.25185e-15 -1.83093 -3.07091)
(-1.54611e-16 0.79258 -1.0098)
(-1.40867e-16 -0.728616 -2.25996)
(5.34265e-18 -0.968199 -0.184997)
(5.25767e-16 0.0730673 3.73023)
(1.18675e-15 0.326325 4.90834)
(1.85575e-15 -0.34525 5.53109)
(2.81764e-15 -1.25389 6.8383)
(4.33422e-15 -1.45595 9.02136)
(4.78012e-15 -0.476798 9.04321)
(4.9064e-15 0.29411 7.45623)
(7.21868e-15 0.289275 7.42673)
(9.8382e-15 0.297814 7.48733)
(1.0954e-14 0.795223 6.66484)
(1.0472e-14 1.6833 4.26205)
(8.89136e-15 2.63918 0.118388)
(7.24721e-15 2.58691 -5.32443)
(5.88402e-15 0.80356 -8.75816)
(8.9553e-15 -2.23793 -11.3957)
(5.6767e-15 -3.05008 -5.7258)
(-2.12424e-16 1.12071 -0.899341)
(-2.40257e-16 -0.779392 -1.98126)
(-6.81705e-17 -1.55545 -1.43512)
(3.96337e-16 -0.562756 3.18588)
(1.28162e-15 0.0288498 5.90441)
(2.16858e-15 -0.545824 7.07162)
(3.12224e-15 -1.49412 8.24301)
(3.94994e-15 -1.51455 9.09019)
(3.98849e-15 -0.254421 8.00849)
(5.37312e-15 0.378954 7.07033)
(8.66159e-15 0.229099 7.7599)
(1.10261e-14 0.3567 8.02852)
(1.11302e-14 1.11998 7.02012)
(9.64392e-15 2.33552 4.51066)
(7.59672e-15 3.57339 0.673754)
(5.94755e-15 3.49944 -3.96464)
(3.70168e-15 1.29732 -7.37322)
(7.28156e-15 -2.39657 -9.67465)
(6.69834e-15 -3.85789 -6.57073)
(-2.61161e-16 1.41525 -0.704801)
(-3.52846e-16 -0.721403 -1.77531)
(-1.4143e-16 -1.96382 -1.97144)
(1.83227e-16 -1.35736 1.63844)
(1.02392e-15 -0.448945 5.69275)
(2.01817e-15 -0.786951 7.13513)
(2.90021e-15 -1.63904 8.13308)
(3.43395e-15 -1.41327 8.36655)
(3.98138e-15 -0.0566706 7.01096)
(6.58126e-15 0.334017 6.90868)
(1.01269e-14 0.100574 8.07423)
(1.14328e-14 0.443022 8.11713)
(1.02369e-14 1.48985 6.70316)
(8.10568e-15 2.94822 4.25539)
(6.39308e-15 4.35898 1.10359)
(5.19741e-15 4.29789 -2.49665)
(3.00595e-15 1.77288 -5.69423)
(5.76885e-15 -2.39314 -7.70786)
(6.87374e-15 -4.44674 -6.3098)
(-2.96235e-16 1.67928 -0.456831)
(-4.40036e-16 -0.645498 -1.63175)
(-2.0671e-16 -2.1763 -1.89228)
(3.93694e-17 -2.09579 0.153002)
(6.56649e-16 -1.06294 4.71876)
(1.65336e-15 -1.03302 6.55524)
(2.49328e-15 -1.73769 7.34771)
(3.05022e-15 -1.28854 7.3778)
(4.43529e-15 0.0388506 6.19391)
(7.59702e-15 0.172476 6.74787)
(1.06875e-14 -0.00665845 7.97606)
(1.04168e-14 0.625113 7.41768)
(8.06389e-15 1.88176 5.72511)
(6.00239e-15 3.4449 3.79095)
(5.42492e-15 4.93976 1.67573)
(4.82728e-15 4.95129 -0.881462)
(2.89269e-15 2.19608 -3.77557)
(4.78165e-15 -2.29512 -5.65758)
(6.58368e-15 -4.87345 -5.2902)
(-3.16264e-16 1.91202 -0.177499)
(-4.78145e-16 -0.589649 -1.49507)
(-2.54058e-16 -2.24463 -1.55061)
(-2.98794e-17 -2.6765 -0.723436)
(3.4129e-16 -1.72991 3.3436)
(1.22755e-15 -1.30761 5.74006)
(2.06197e-15 -1.80911 6.40115)
(2.73835e-15 -1.17812 6.35493)
(4.64289e-15 0.0548612 5.42283)
(7.76595e-15 -0.0231655 6.35851)
(9.71779e-15 -0.027407 7.2393)
(7.78659e-15 0.880709 6.13352)
(4.95001e-15 2.20067 4.69618)
(3.88356e-15 3.74624 3.70068)
(4.80792e-15 5.30874 2.61876)
(4.61391e-15 5.47722 0.844396)
(2.78344e-15 2.58857 -1.79058)
(4.24202e-15 -2.12076 -3.56644)
(6.13802e-15 -5.11771 -4.01456)
(-3.23423e-16 2.11087 0.117079)
(-4.71971e-16 -0.560692 -1.36954)
(-2.77976e-16 -2.23889 -1.16109)
(-6.12529e-17 -3.06922 -0.934214)
(1.34137e-16 -2.36397 1.91769)
(8.29599e-16 -1.63577 4.8175)
(1.65972e-15 -1.8704 5.5218)
(2.39702e-15 -1.08085 5.39809)
(4.29409e-15 0.0280456 4.65568)
(6.81189e-15 -0.188736 5.76598)
(7.22782e-15 0.0307996 6.23005)
(4.15561e-15 1.1155 5.10027)
(1.89585e-15 2.35765 4.41501)
(2.4569e-15 3.85355 4.34873)
(4.55998e-15 5.52935 3.93288)
(4.43205e-15 5.91707 2.59482)
(2.74044e-15 2.96774 0.212192)
(4.09692e-15 -1.91153 -1.46561)
(5.63493e-15 -5.2519 -2.699)
(-3.21571e-16 2.27315 0.415533)
(-4.39995e-16 -0.548679 -1.27136)
(-2.82043e-16 -2.22147 -0.765338)
(-7.91946e-17 -3.28849 -0.68659)
(2.89579e-17 -2.894 0.796398)
(5.06499e-16 -2.01558 3.83083)
(1.30784e-15 -1.94057 4.77397)
(2.04599e-15 -0.98988 4.59555)
(3.56829e-15 -0.0265395 4.08708)
(5.03013e-15 -0.326191 5.29125)
(3.89424e-15 0.0937036 5.61946)
(6.24005e-16 1.23676 4.98332)
(-2.81892e-16 2.3509 5.05732)
(1.77884e-15 3.84267 5.49782)
(4.40967e-15 5.67954 5.35212)
(4.23967e-15 6.29509 4.30752)
(2.73029e-15 3.32141 2.19087)
(4.24665e-15 -1.64061 0.617085)
(5.08139e-15 -5.20569 -1.24431)
(-3.14344e-16 2.3993 0.709461)
(-3.97295e-16 -0.588267 -1.19377)
(-2.80133e-16 -2.23108 -0.36156)
(-9.10561e-17 -3.38277 -0.263225)
(-1.06457e-17 -3.28104 0.1747)
(2.75599e-16 -2.41565 2.85949)
(1.01882e-15 -2.04289 4.1451)
(1.73378e-15 -0.923576 4.02017)
(2.649e-15 -0.124784 3.87775)
(2.98731e-15 -0.481799 5.16335)
(6.39804e-16 0.0878989 5.69823)
(-2.21493e-15 1.23312 5.67761)
(-1.77704e-15 2.25766 6.13702)
(1.09451e-15 3.7955 6.60652)
(3.90292e-15 5.78657 6.55909)
(3.99193e-15 6.61145 5.93703)
(2.6393e-15 3.66605 4.09417)
(4.5962e-15 -1.37542 2.49672)
(4.34016e-15 -5.09538 0.0515357)
(-3.04056e-16 2.49669 0.993346)
(-3.53655e-16 -0.576129 -1.11188)
(-2.82416e-16 -2.27439 0.00137989)
(-9.7231e-17 -3.40192 0.137561)
(-2.02519e-17 -3.52899 0.0247436)
(1.32297e-16 -2.79418 2.04644)
(7.96243e-16 -2.19419 3.61514)
(1.43801e-15 -0.913947 3.68619)
(1.59913e-15 -0.268569 3.97187)
(1.01441e-15 -0.683121 5.3568)
(-2.13083e-15 -0.014621 6.27682)
(-4.61836e-15 1.15306 6.7509)
(-3.44153e-15 2.16466 7.17208)
(-4.27365e-16 3.75553 7.36558)
(2.71691e-15 5.82958 7.41141)
(3.67087e-15 6.83957 7.45368)
(2.41945e-15 4.00195 5.92197)
(4.54422e-15 -1.00543 3.9234)
(3.48235e-15 -4.57033 1.0261)
(-2.91249e-16 2.57286 1.26418)
(-2.93335e-16 -0.630136 -1.08309)
(-2.73439e-16 -2.34984 0.278993)
(-9.317e-17 -3.39481 0.467034)
(-2.0804e-17 -3.67131 0.210612)
(5.61892e-17 -3.11931 1.539)
(6.32914e-16 -2.39135 3.19178)
(1.12263e-15 -0.979841 3.53994)
(5.2392e-16 -0.461462 4.24386)
(-8.12126e-16 -0.941134 5.79228)
(-4.60004e-15 -0.20047 7.1343)
(-7.08705e-15 1.05369 7.96421)
(-5.77617e-15 2.13037 8.08143)
(-2.92823e-15 3.74161 7.86526)
(8.71223e-16 5.78273 7.96876)
(3.28296e-15 6.94533 8.84249)
(2.14882e-15 4.33738 7.78679)
(3.51115e-15 -0.533798 5.02244)
(2.44835e-15 -4.36867 2.42285)
(-2.76512e-16 2.58713 1.51457)
(-2.26339e-16 -0.643216 -0.734765)
(-2.25581e-16 -2.45293 0.578327)
(-7.55546e-17 -3.3952 0.801314)
(-2.08215e-17 -3.75041 0.59214)
(2.20001e-17 -3.37712 1.39174)
(5.17125e-16 -2.61125 2.89701)
(7.85363e-16 -1.11892 3.50626)
(-5.21282e-16 -0.712476 4.6099)
(-2.56883e-15 -1.26348 6.40761)
(-6.96909e-15 -0.456763 8.1848)
(-9.599e-15 0.963731 9.27656)
(-8.30341e-15 2.17929 8.98746)
(-5.6745e-15 3.77256 8.32525)
(-1.30225e-15 5.64666 8.35533)
(2.79345e-15 6.91476 10.0309)
(2.11201e-15 4.84042 9.88952)
(1.11653e-15 -0.193346 4.78922)
(1.67816e-15 -3.45641 2.45153)
(-2.6264e-16 2.51014 1.77328)
(-1.66548e-16 -0.638874 -0.0799865)
(-1.47914e-16 -2.55007 1.0371)
(-5.14913e-17 -3.40315 1.2112)
(-2.16214e-17 -3.79597 1.06101)
(1.16434e-17 -3.56806 1.52774)
(4.35109e-16 -2.82666 2.73125)
(4.2534e-16 -1.32128 3.53201)
(-1.56032e-15 -1.03106 5.02879)
(-4.30445e-15 -1.66057 7.15265)
(-9.0684e-15 -0.776621 9.35088)
(-1.12935e-14 0.899862 10.477)
(-9.7018e-15 2.31983 9.66312)
(-7.50379e-15 3.86591 8.67333)
(-3.40624e-15 5.4496 8.63329)
(1.99716e-15 6.67438 10.7794)
(2.68475e-15 5.48735 12.3978)
(7.62611e-17 1.07844 7.08612)
(1.42758e-15 -3.06731 5.72564)
(-2.52286e-16 2.33707 2.062)
(-1.38873e-16 -0.6638 0.592146)
(-9.12003e-17 -2.62931 1.61588)
(-3.70256e-17 -3.40304 1.66854)
(-2.39377e-17 -3.82062 1.52382)
(1.26422e-17 -3.70008 1.78524)
(3.68173e-16 -3.02115 2.6487)
(3.45747e-17 -1.57828 3.58851)
(-2.63272e-15 -1.42291 5.47329)
(-5.94925e-15 -2.13363 7.96062)
(-1.03132e-14 -1.11442 10.3519)
(-1.07322e-14 0.923405 10.7673)
(-8.52947e-15 2.54826 9.21271)
(-7.52018e-15 3.98062 8.41644)
(-5.18355e-15 5.23227 8.84978)
(5.45066e-16 6.18667 10.9405)
(3.37801e-15 5.45532 14.358)
(7.11601e-16 0.926994 13.1007)
(1.61899e-15 -4.47032 11.1324)
(-2.45664e-16 2.06146 2.41714)
(-1.64294e-16 -0.694898 1.24855)
(-9.7715e-17 -2.69719 2.19275)
(-5.41979e-17 -3.38492 2.09011)
(-4.39816e-17 -3.82695 1.88711)
(9.14121e-19 -3.7833 1.9993)
(2.97118e-16 -3.19518 2.60303)
(-4.10671e-16 -1.88782 3.70577)
(-3.79757e-15 -1.88762 5.95326)
(-7.35346e-15 -2.64283 8.7314)
(-1.00029e-14 -1.3273 10.6512)
(-6.92528e-15 1.14706 9.04208)
(-4.58337e-15 2.78703 6.84084)
(-5.68226e-15 3.93449 7.0793)
(-6.50217e-15 4.94784 9.08084)
(-1.86495e-15 5.60465 10.8205)
(3.4773e-15 5.01818 13.9952)
(1.51987e-15 1.29625 16.3286)
(1.07466e-15 -3.94624 13.8977)
(-2.39231e-16 1.64567 2.89071)
(-2.21524e-16 -0.728881 2.1077)
(-1.66256e-16 -2.74386 2.7945)
(-1.26106e-16 -3.33865 2.47818)
(-1.14234e-16 -3.81099 2.15855)
(-3.83533e-17 -3.83437 2.18733)
(2.30303e-16 -3.37076 2.71025)
(-9.70772e-16 -2.25242 3.99649)
(-5.10103e-15 -2.40596 6.50335)
(-8.37296e-15 -3.08727 9.3651)
(-8.07909e-15 -1.21024 9.93801)
(-1.60725e-15 1.65992 5.77694)
(-3.6782e-16 2.90918 3.6442)
(-3.13917e-15 3.52035 4.95976)
(-7.19003e-15 4.47898 9.29443)
(-5.02208e-15 5.23028 11.1744)
(2.06532e-15 4.36192 11.8296)
(3.37499e-15 1.06627 14.8049)
(1.46313e-15 -3.13699 13.3434)
(-2.2695e-16 1.06358 3.52211)
(-2.53058e-16 -0.791149 3.4861)
(-2.458e-16 -2.72981 3.6847)
(-2.28241e-16 -3.24925 3.14807)
(-1.96269e-16 -3.77801 2.73026)
(-1.77218e-17 -3.88518 2.77191)
(1.87844e-16 -3.56439 3.26126)
(-1.72648e-15 -2.64956 4.52293)
(-6.4488e-15 -2.93532 7.09377)
(-8.8511e-15 -3.36055 9.75511)
(-5.36641e-15 -0.6791 8.56646)
(1.30694e-15 2.38379 3.49873)
(1.03159e-15 2.94985 2.00308)
(-1.46849e-15 2.80621 3.10366)
(-6.98891e-15 3.70484 9.07229)
(-7.59738e-15 5.12028 12.1216)
(-1.59256e-15 4.29904 10.6071)
(4.36197e-15 1.06441 9.90999)
(2.75351e-15 -2.34583 9.42298)
(-2.05265e-16 0.315374 4.2747)
(-2.12947e-16 -0.878794 5.24816)
(-2.39787e-16 -2.65426 5.17888)
(-2.21259e-16 -3.13499 4.63219)
(-1.07087e-16 -3.74603 4.20149)
(1.89026e-16 -3.93003 4.14247)
(1.01218e-16 -3.72403 4.25685)
(-2.66216e-15 -3.01908 5.12369)
(-7.58592e-15 -3.42496 7.59237)
(-8.67652e-15 -3.41187 9.78254)
(-2.54706e-15 0.100052 6.89865)
(1.42857e-15 2.99855 2.79165)
(4.35228e-16 3.00764 1.8631)
(-7.83056e-16 2.10081 1.85418)
(-5.55164e-15 2.71319 7.39077)
(-7.92957e-15 4.93412 12.0881)
(-5.39777e-15 4.78396 11.6464)
(1.74765e-15 1.39235 7.01639)
(5.13377e-15 -1.34019 5.43122)
(-1.83943e-16 -0.70636 4.68614)
(-1.18381e-16 -1.07079 6.84719)
(-9.32091e-17 -2.60268 7.04552)
(3.6919e-18 -3.04054 6.76433)
(2.19809e-16 -3.69226 6.28925)
(4.7443e-16 -3.88504 5.78641)
(-1.50388e-16 -3.76494 5.16928)
(-3.59823e-15 -3.31689 5.52686)
(-8.28558e-15 -3.84284 7.86307)
(-7.97518e-15 -3.2608 9.43054)
(-4.37269e-16 0.791846 5.33833)
(8.26076e-16 3.42371 2.50922)
(-2.148e-18 3.13765 1.77133)
(-1.55514e-16 1.70056 0.801164)
(-2.74273e-15 1.68867 3.41849)
(-5.51353e-15 4.28986 9.12952)
(-6.58969e-15 5.2218 12.5923)
(-3.25788e-15 2.58775 8.63716)
(4.12342e-15 0.0136528 0.768068)
(-4.83589e-27 -2.60225 17.0194)
(-1.73385e-26 -8.03957 13.6639)
(-3.45847e-27 -5.17461 14.5196)
(4.09692e-26 -4.9811 14.1342)
(9.8792e-26 -4.05618 14.0989)
(7.80512e-26 -3.48609 13.9309)
(-1.62616e-25 -2.90325 13.7797)
(-4.82559e-25 -2.42305 13.5962)
(2.02037e-25 -2.00335 13.3966)
(4.15016e-24 -1.66029 13.185)
(1.31953e-23 -1.39795 12.981)
(2.58044e-23 -1.22871 12.8045)
(3.70948e-23 -1.15771 12.6601)
(4.52254e-23 -1.19072 12.5132)
(5.70991e-23 -1.33136 12.2931)
(7.90697e-23 -1.53537 11.9463)
(9.70681e-23 -1.83579 11.3903)
(8.04242e-23 -2.52321 10.3423)
(2.47749e-23 -2.74533 8.83277)
(-1.74858e-23 0.15104 6.697)
(-3.88776e-27 -11.2617 28.539)
(6.42755e-26 -16.9821 25.1411)
(1.2686e-25 -12.0198 25.5203)
(1.98873e-25 -12.588 23.8638)
(1.78244e-25 -10.8394 23.1493)
(-6.86719e-26 -10.1244 22.1016)
(-4.20139e-25 -9.09243 21.2228)
(-1.34021e-25 -8.26895 20.313)
(2.09946e-24 -7.45215 19.4466)
(5.68665e-24 -6.71393 18.5949)
(5.63537e-24 -6.01098 17.7428)
(-4.58252e-24 -5.31158 16.808)
(-3.0389e-23 -4.54597 15.6438)
(-9.41279e-23 -3.64721 14.067)
(-2.65547e-22 -2.5891 11.9243)
(-6.13933e-22 -1.45285 9.15067)
(-9.95545e-22 -0.41623 5.91348)
(-8.78245e-22 0.419793 2.73735)
(2.37635e-22 1.09956 -0.0255405)
(1.44813e-21 1.0152 -1.4957)
(2.90589e-27 -14.4325 31.0627)
(-1.74125e-25 -18.3263 28.0937)
(-1.79596e-25 -13.6784 28.0377)
(-1.54472e-25 -14.6063 25.7037)
(5.55436e-26 -12.5428 24.7847)
(8.4497e-25 -12.1062 23.2171)
(1.39607e-24 -11.0136 22.0322)
(2.09677e-24 -10.3193 20.7427)
(4.89495e-24 -9.54565 19.5735)
(8.54415e-24 -8.90392 18.4234)
(1.78791e-24 -8.27117 17.2929)
(-3.37729e-23 -7.60779 16.0203)
(-1.08719e-22 -6.73889 14.3522)
(-2.31286e-22 -5.44985 11.8966)
(-4.62271e-22 -3.40415 8.10745)
(-9.06072e-22 -0.411048 2.62954)
(-1.33886e-21 2.3037 -2.6565)
(-8.16829e-22 3.0852 -4.24706)
(1.51537e-21 4.42963 -5.82908)
(4.86332e-21 3.18247 -6.49799)
(-5.91241e-26 -15.4914 31.3056)
(7.15605e-25 -19.0556 28.9258)
(9.96776e-25 -14.5968 28.4541)
(1.15268e-24 -16.0324 25.6989)
(1.60684e-24 -13.6613 24.8349)
(-4.86397e-25 -13.6777 22.8962)
(-3.76086e-24 -12.4974 21.6412)
(-5.97624e-24 -11.9786 20.1263)
(-5.40156e-24 -11.2405 18.7951)
(-2.52725e-24 -10.6562 17.44)
(-4.31461e-24 -10.066 16.1213)
(-2.27773e-23 -9.48037 14.7405)
(-6.49348e-23 -8.78422 13.1759)
(-1.28705e-22 -7.84998 11.2344)
(-2.17173e-22 -6.48895 8.73668)
(-3.38134e-22 -4.64663 5.64524)
(-4.37463e-22 -2.66601 2.93195)
(-4.36628e-22 -0.851844 0.258734)
(5.53563e-22 2.085 -2.65982)
(6.04741e-21 2.6439 -7.18894)
(1.81146e-25 -15.3446 29.8526)
(-2.98701e-24 -19.1769 29.4725)
(-3.83287e-24 -14.9381 28.0561)
(-4.36788e-24 -16.0045 25.1782)
(-4.62695e-24 -13.8182 24.174)
(6.08279e-24 -13.745 22.1373)
(1.96964e-23 -12.6027 20.7527)
(2.8048e-23 -12.0013 19.1204)
(3.0675e-23 -11.2273 17.6273)
(3.17427e-23 -10.5363 16.1219)
(3.49142e-23 -9.84939 14.6549)
(3.31101e-23 -9.17361 13.2001)
(8.15557e-24 -8.47179 11.7284)
(-4.18054e-23 -7.70475 10.1824)
(-7.19359e-23 -6.78982 8.51785)
(3.32951e-23 -5.7131 6.69016)
(5.0637e-22 -4.39531 4.8344)
(1.65692e-21 -2.97654 2.67505)
(3.32347e-21 -0.721103 0.173107)
(1.22093e-20 0.749494 -3.70785)
(-7.789e-25 -14.676 27.9244)
(1.34706e-23 -18.6769 29.2521)
(1.71903e-23 -14.7805 27.2476)
(1.96425e-23 -15.3544 24.2618)
(1.8685e-23 -13.3731 23.1512)
(-3.38838e-23 -13.1524 21.0817)
(-9.08812e-23 -12.0222 19.599)
(-1.21323e-22 -11.3641 17.913)
(-1.289e-22 -10.5982 16.3972)
(-1.25608e-22 -9.92854 14.9378)
(-1.075e-22 -9.30502 13.555)
(-5.92344e-23 -8.7196 12.2409)
(-8.55845e-23 -8.15891 10.9664)
(-5.34363e-22 -7.58877 9.70347)
(-1.81342e-21 -6.97325 8.44018)
(-4.38524e-21 -6.30794 7.22969)
(-8.76381e-21 -5.5658 6.19166)
(-1.29908e-20 -4.7941 5.3036)
(-4.47523e-21 -3.49857 4.22639)
(3.17314e-20 -1.52101 1.1421)
(3.15671e-24 -14.1426 26.678)
(-6.01667e-23 -17.7909 28.2812)
(-7.40524e-23 -14.1852 26.1814)
(-8.3429e-23 -14.565 23.1559)
(-6.94674e-23 -12.4463 22.0569)
(1.80976e-22 -12.2073 19.8247)
(4.06128e-22 -10.7736 18.3839)
(5.1012e-22 -10.0757 16.5895)
(5.49904e-22 -9.05448 15.0593)
(5.35814e-22 -8.29156 13.4798)
(2.44415e-22 -7.53507 11.9968)
(-3.0519e-22 -6.91074 10.5501)
(1.02124e-21 -6.40176 9.198)
(9.05019e-21 -6.05578 8.04408)
(2.67123e-20 -5.98243 7.3307)
(4.99672e-20 -6.20472 7.34061)
(6.01209e-20 -6.7534 8.1235)
(1.54577e-20 -7.11112 9.3764)
(-1.12367e-19 -6.94905 9.87288)
(-2.28285e-19 -4.67921 7.69198)
(-1.34612e-23 -14.5726 27.3358)
(2.5473e-22 -16.9701 28.1371)
(3.13147e-22 -13.973 26.3002)
(3.48425e-22 -13.8236 23.8714)
(2.47915e-22 -11.8951 22.8326)
(-7.60805e-22 -11.3355 21.1008)
(-1.59835e-21 -9.80568 19.8256)
(-2.03089e-21 -8.62282 17.9265)
(-2.30905e-21 -6.97155 15.8536)
(-2.11506e-21 -5.43071 13.4726)
(6.35898e-23 -3.79193 10.9739)
(1.42354e-21 -2.24369 8.37827)
(-2.20553e-20 -0.910682 6.03052)
(-1.09229e-19 -0.0934609 4.36782)
(-2.27052e-19 -0.0846518 3.92094)
(-2.15893e-19 -1.21143 5.26811)
(8.04972e-21 -3.56603 8.5304)
(3.11289e-19 -6.54361 12.5667)
(8.29425e-19 -8.76725 14.9792)
(1.59971e-18 -6.48821 12.3306)
(9.13896e-23 -16.1919 30.2472)
(-9.60984e-22 -17.7375 29.6711)
(-1.17695e-21 -14.9958 28.2788)
(-1.21014e-21 -14.8845 26.4652)
(-1.48688e-21 -13.2319 25.5981)
(1.93692e-21 -12.7355 24.3006)
(5.1075e-21 -11.3752 23.1822)
(6.70156e-21 -10.1256 21.2405)
(7.43277e-21 -8.2664 18.8862)
(8.54468e-21 -6.43848 16.1832)
(1.15589e-20 -4.46876 13.4351)
(8.78312e-21 -2.51703 10.5792)
(-3.10864e-20 -0.532527 7.71655)
(-8.08244e-20 1.29626 4.99767)
(1.9645e-19 2.75763 2.70894)
(1.27984e-18 3.70241 0.910546)
(2.16082e-18 3.97086 -0.286403)
(-1.35117e-18 2.80606 0.227074)
(-1.18968e-17 -0.165221 3.3646)
(-1.36367e-17 -2.51414 6.33685)
(-3.68463e-22 -16.5939 30.359)
(3.38613e-21 -20.2244 32.9955)
(4.27932e-21 -16.6173 30.2996)
(3.71692e-21 -16.6073 28.2915)
(6.61123e-21 -15.074 27.4596)
(-4.82957e-21 -14.8915 26.1267)
(-1.61943e-20 -13.7847 25.1037)
(-2.18697e-20 -12.968 23.2941)
(-2.4753e-20 -11.4246 21.1049)
(-2.69151e-20 -9.87494 18.4478)
(-2.81313e-20 -8.08579 15.7217)
(-3.22097e-20 -6.29694 12.86)
(-5.61556e-20 -4.37796 9.90605)
(-9.24324e-20 -2.38323 6.79334)
(1.09342e-19 -0.307032 3.49311)
(1.14567e-18 1.68795 0.358645)
(1.66075e-18 2.83187 -1.54172)
(-9.43826e-18 3.78572 -3.40393)
(-5.52245e-17 5.58275 -6.40246)
(-1.10572e-16 3.63066 -6.01619)
(1.24153e-21 -14.39 25.3485)
(-1.26232e-20 -21.2991 34.2296)
(-1.46991e-20 -18.4821 31.6508)
(-1.34427e-20 -17.5323 28.5264)
(-2.28439e-20 -16.1388 27.0285)
(1.8848e-20 -15.8027 25.463)
(5.87486e-20 -15.0101 24.2023)
(7.77491e-20 -14.4118 22.5758)
(8.70449e-20 -13.4531 20.7459)
(9.50199e-20 -12.3807 18.6144)
(1.02785e-19 -11.1194 16.3546)
(1.14525e-19 -9.76843 14.0021)
(1.30095e-19 -8.31056 11.6029)
(1.46231e-19 -6.74826 9.14285)
(1.84315e-19 -5.05344 6.60881)
(2.83463e-19 -3.22574 3.98176)
(5.22277e-19 -1.2787 1.37956)
(-2.0601e-18 0.684283 -1.83608)
(1.82823e-17 3.08148 -4.58387)
(-1.18737e-17 3.38396 -8.13353)
(-3.21583e-21 -11.0873 18.8743)
(4.76794e-20 -20.1174 32.6908)
(4.60824e-20 -19.0062 31.8517)
(4.40724e-20 -17.3108 28.033)
(7.17645e-20 -15.7377 25.6851)
(-9.50268e-20 -15.0389 23.8341)
(-2.03239e-19 -14.2583 22.3522)
(-2.40854e-19 -13.5829 20.7759)
(-2.66426e-19 -12.788 19.1354)
(-2.94721e-19 -11.9118 17.3725)
(-3.20035e-19 -10.9348 15.5267)
(-3.68345e-19 -9.87536 13.6256)
(-4.41918e-19 -8.74259 11.6948)
(-5.18601e-19 -7.54088 9.73733)
(-6.01461e-19 -6.25122 7.74376)
(-7.20611e-19 -4.86227 5.66108)
(-5.20697e-19 -3.29865 3.44635)
(-3.17458e-18 -1.53063 0.756445)
(-1.27598e-17 0.912544 -2.28574)
(4.28759e-16 2.10468 -5.48777)
(5.75479e-21 -8.77179 14.7925)
(-1.64772e-19 -18.6424 31.1602)
(-1.32778e-19 -18.5236 31.4374)
(-1.37696e-19 -16.5622 27.4373)
(-1.96563e-19 -14.8524 24.6796)
(3.53331e-19 -13.9567 22.7173)
(5.36972e-19 -13.1209 21.2027)
(6.01567e-19 -12.3777 19.6921)
(6.92734e-19 -11.5898 18.1845)
(7.73279e-19 -10.7772 16.6498)
(8.51263e-19 -9.92696 15.0948)
(1.01817e-18 -9.03452 13.5231)
(1.24279e-18 -8.09924 11.9365)
(1.43324e-18 -7.12046 10.3282)
(1.66123e-18 -6.08002 8.68396)
(1.88632e-18 -4.97065 6.95151)
(2.37305e-18 -3.71467 5.07017)
(3.96779e-18 -2.30115 2.82244)
(-7.45437e-17 -0.339457 -0.00516784)
(1.3682e-15 1.22612 -3.02032)
(-9.4975e-21 -7.95819 13.5867)
(5.11125e-19 -17.8866 30.5983)
(3.74518e-19 -17.8674 30.8266)
(4.26264e-19 -15.8425 26.8278)
(5.29729e-19 -14.1401 24.0622)
(-8.67583e-19 -13.2152 22.1456)
(-1.11932e-18 -12.3482 20.6855)
(-1.31538e-18 -11.5911 19.2273)
(-1.58998e-18 -10.7907 17.801)
(-1.73126e-18 -10.01 16.3813)
(-2.03396e-18 -9.22051 14.982)
(-2.39442e-18 -8.42367 13.5907)
(-2.84571e-18 -7.60539 12.1985)
(-3.22975e-18 -6.76283 10.7846)
(-3.86639e-18 -5.8669 9.33206)
(-4.63851e-18 -4.91897 7.7778)
(-5.47904e-18 -3.81799 6.0659)
(-6.1146e-18 -2.58891 3.98614)
(-9.95431e-17 -0.713013 1.15888)
(2.24024e-15 1.02749 -2.29316)
(2.54325e-20 -7.91249 13.6638)
(-1.52442e-18 -17.6744 30.4593)
(-1.08945e-18 -17.4443 30.2847)
(-1.34805e-18 -15.3924 26.3095)
(-1.5438e-18 -13.7445 23.6836)
(1.07479e-18 -12.8563 21.8569)
(1.95009e-18 -11.9645 20.4522)
(2.44772e-18 -11.2138 19.0068)
(3.03948e-18 -10.3886 17.6167)
(3.20299e-18 -9.62791 16.2344)
(4.20931e-18 -8.85611 14.9008)
(4.54034e-18 -8.11045 13.5844)
(5.301e-18 -7.3502 12.2848)
(6.25034e-18 -6.58926 10.9637)
(7.79504e-18 -5.77202 9.61263)
(1.00912e-17 -4.92609 8.14432)
(1.27941e-17 -3.8987 6.52201)
(1.83614e-17 -2.76647 4.47953)
(-3.16701e-17 -0.873691 1.64544)
(2.1256e-15 0.847604 -2.00314)
(-7.14325e-20 -7.9278 13.7731)
(4.90379e-18 -17.6505 30.3123)
(3.45439e-18 -17.3341 30.0497)
(4.22536e-18 -15.2467 26.0526)
(4.72998e-18 -13.6256 23.5335)
(2.87751e-18 -12.7825 21.775)
(-1.64303e-18 -11.8687 20.4021)
(-2.57473e-18 -11.1272 18.9451)
(-3.34869e-18 -10.2708 17.5645)
(-3.74863e-18 -9.5201 16.178)
(-5.75551e-18 -8.73699 14.8622)
(-6.029e-18 -8.01259 13.5602)
(-7.22076e-18 -7.26674 12.2959)
(-9.69822e-18 -6.54984 11.0105)
(-1.1881e-17 -5.76775 9.71758)
(-1.72745e-17 -4.99356 8.30219)
(-2.38477e-17 -4.00928 6.76522)
(-3.49824e-17 -2.97703 4.78951)
(-1.79937e-16 -1.12287 2.09835)
(1.33378e-15 0.590739 -1.67378)
(1.11857e-19 -7.63719 13.2466)
(-1.76667e-17 -17.5238 29.9286)
(-1.17701e-17 -17.3502 29.9646)
(-1.21701e-17 -15.2139 25.9008)
(-1.36294e-17 -13.5697 23.3909)
(-3.10975e-17 -12.7634 21.6723)
(-1.02516e-17 -11.849 20.3247)
(-1.14026e-17 -11.1233 18.865)
(-9.70817e-18 -10.2534 17.49)
(-7.95034e-18 -9.50856 16.0932)
(-7.56937e-18 -8.71192 14.7761)
(-5.93274e-18 -7.98968 13.465)
(-9.29525e-19 -7.23736 12.2032)
(8.09019e-19 -6.53164 10.9222)
(2.93856e-18 -5.75589 9.65249)
(1.19074e-17 -5.01461 8.26995)
(2.27922e-17 -4.05344 6.80085)
(5.31106e-17 -3.09517 4.92135)
(-3.91633e-17 -1.21989 2.25975)
(5.98655e-16 0.255822 -1.19225)
(5.89265e-19 -7.28405 12.642)
(6.42323e-17 -17.3905 29.5544)
(3.66115e-17 -17.5247 30.1085)
(3.31902e-17 -15.4093 26.0613)
(3.68457e-17 -13.7245 23.4428)
(8.22186e-18 -12.9211 21.6934)
(-1.62825e-17 -12.0405 20.3455)
(-2.06898e-17 -11.3339 18.9074)
(-1.98697e-17 -10.4935 17.5435)
(-2.49333e-17 -9.75601 16.1599)
(-2.13568e-17 -8.97491 14.8495)
(-2.3473e-17 -8.25358 13.5491)
(-2.80641e-17 -7.50876 12.2979)
(-2.26849e-17 -6.80489 11.0456)
(-1.48676e-17 -6.04776 9.81827)
(2.59551e-18 -5.32512 8.52043)
(7.26866e-18 -4.42661 7.16856)
(6.73922e-17 -3.54225 5.53178)
(-1.32394e-17 -1.93224 3.24462)
(5.33798e-16 -0.312373 -0.0687925)
(-8.92966e-18 -6.39095 10.7815)
(1.83823e-16 -16.8056 28.4112)
(1.05893e-16 -17.3652 29.6238)
(1.14262e-16 -15.092 25.4998)
(1.44331e-16 -13.2327 22.6899)
(1.46648e-16 -12.4148 20.9794)
(7.91369e-17 -11.6086 19.7312)
(7.31338e-17 -10.9732 18.388)
(9.92663e-17 -10.2153 17.099)
(1.12534e-16 -9.53671 15.7812)
(1.40029e-16 -8.82172 14.524)
(1.7122e-16 -8.15581 13.29)
(2.27907e-16 -7.47538 12.1078)
(2.75179e-16 -6.82272 10.9367)
(3.16882e-16 -6.12561 9.79508)
(3.78733e-16 -5.4467 8.60892)
(4.83099e-16 -4.61521 7.38084)
(6.09208e-16 -3.77522 5.89821)
(7.13181e-16 -2.27774 3.82851)
(3.51024e-15 0.0120199 -0.661108)
(1.37425e-17 -5.81995 10.0842)
(3.68105e-16 -16.6866 28.1771)
(3.16287e-16 -18.6177 30.8845)
(3.2099e-16 -17.0008 27.4509)
(3.42497e-16 -15.0693 24.0072)
(4.2685e-16 -13.8808 21.5878)
(4.29808e-16 -12.9769 19.8912)
(4.48632e-16 -12.2664 18.4146)
(4.96401e-16 -11.5518 17.0627)
(5.60561e-16 -10.8744 15.7691)
(6.29648e-16 -10.2071 14.5463)
(7.20254e-16 -9.53725 13.3841)
(8.29077e-16 -8.8811 12.3013)
(9.45036e-16 -8.22755 11.2854)
(1.06167e-15 -7.56336 10.3436)
(1.17668e-15 -6.90699 9.42266)
(1.32872e-15 -6.15369 8.48351)
(1.51533e-15 -5.33366 7.39652)
(1.55443e-15 -4.16996 5.97121)
(3.00999e-15 -2.02903 2.87881)
)
;

boundaryField
{
    outletWallLeft
    {
        type            noSlip;
    }
    fineWallsLeft
    {
        type            noSlip;
    }
    fineFrontAndBackLeft
    {
        type            zeroGradient;
    }
    fineplugLeft
    {
        type            cyclicAMI;
        value           nonuniform List<vector> 
20
(
(2.68134e-17 5.47932 9.16237)
(-5.1657e-15 8.98843 14.8856)
(-4.17169e-15 8.66497 14.6181)
(-3.8472e-15 8.66481 14.4333)
(-3.86019e-15 8.69973 14.5333)
(-5.74997e-15 8.76951 14.6468)
(-4.66518e-15 8.81499 14.7599)
(-4.27057e-15 8.85862 14.8538)
(-4.10595e-15 8.89554 14.947)
(-4.10698e-15 8.90505 15.0233)
(-4.25382e-15 8.97125 15.1375)
(-3.98715e-15 9.19418 15.1025)
(-4.07395e-15 9.21832 15.4459)
(-4.03529e-15 9.25055 15.5755)
(-4.25738e-15 9.24127 15.6658)
(-4.22018e-15 9.20166 15.7344)
(-4.21467e-15 9.22261 15.8461)
(-4.01043e-15 9.4556 16.463)
(-3.69628e-15 9.78041 16.935)
(-6.51309e-15 6.24965 11.2292)
)
;
    }
    symmetryWallLeft
    {
        type            cyclicAMI;
        value           nonuniform List<vector> 
20
(
(5.16985e-15 -0.148157 -2.88731)
(1.76255e-15 0.686342 2.65861)
(-4.38953e-15 3.06702 10.3577)
(-5.78881e-15 5.00316 11.9334)
(-3.68817e-15 3.69164 6.41443)
(-1.38775e-15 1.31266 1.31256)
(1.61956e-17 1.78103 0.60953)
(-2.01744e-17 3.22781 1.61487)
(6.07752e-16 3.58552 2.32074)
(8.87841e-18 1.09386 4.77558)
(-7.51352e-15 -3.10511 9.12059)
(-8.39118e-15 -4.01493 7.86187)
(-3.96e-15 -3.43658 5.56082)
(-3.65992e-16 -3.7234 5.33264)
(5.19611e-16 -3.79082 6.26141)
(3.73333e-16 -3.62939 7.05462)
(1.47464e-16 -3.00432 7.61376)
(1.30217e-18 -2.62566 7.75897)
(-7.85924e-17 -1.21812 7.24302)
(-1.82979e-16 -1.31614 5.24193)
)
;
    }
    inletOutletLeft
    {
        type            cyclicAMI;
        value           nonuniform List<vector> 
20
(
(-6.51309e-15 6.24965 11.2292)
(-3.69628e-15 9.78041 16.935)
(-4.01043e-15 9.4556 16.463)
(-4.21467e-15 9.22261 15.8461)
(-4.22018e-15 9.20166 15.7344)
(-4.25738e-15 9.24127 15.6658)
(-4.03529e-15 9.25055 15.5755)
(-4.07395e-15 9.21832 15.4459)
(-3.98715e-15 9.19418 15.1025)
(-4.25382e-15 8.97125 15.1375)
(-4.10698e-15 8.90505 15.0233)
(-4.10595e-15 8.89554 14.947)
(-4.27057e-15 8.85862 14.8538)
(-4.66518e-15 8.81499 14.7599)
(-5.74997e-15 8.76951 14.6468)
(-3.86019e-15 8.69973 14.5333)
(-3.8472e-15 8.66481 14.4333)
(-4.17169e-15 8.66497 14.6181)
(-5.1657e-15 8.98843 14.8856)
(2.68134e-17 5.47932 9.16237)
)
;
    }
    inletLeft
    {
        type            fixedValue;
        value           uniform (0 8.7 15);
    }
    inletWallsLeft
    {
        type            noSlip;
    }
    inletFacesLeft
    {
        type            zeroGradient;
    }
    fineWallsRight
    {
        type            noSlip;
    }
    outletWallRight
    {
        type            noSlip;
    }
    fineplugRight
    {
        type            cyclicAMI;
        value           nonuniform List<vector> 
20
(
(2.80252e-15 -2.98348 4.73049)
(1.5865e-15 -4.76495 7.36306)
(1.59323e-15 -5.68726 8.49881)
(1.43801e-15 -6.37206 9.39796)
(1.31245e-15 -6.98388 10.1569)
(1.20755e-15 -7.5211 10.9077)
(1.0924e-15 -8.05214 11.6785)
(9.72695e-16 -8.60055 12.5099)
(8.09563e-16 -9.1767 13.2777)
(7.53126e-16 -9.51635 14.2046)
(6.53377e-16 -10.0246 15.2547)
(5.63372e-16 -10.5575 16.3548)
(4.83891e-16 -11.1092 17.4937)
(4.30638e-16 -11.6596 18.7165)
(3.92793e-16 -12.3629 20.0925)
(2.88976e-16 -13.272 22.0271)
(2.42946e-16 -14.7661 24.7247)
(2.08896e-16 -16.0268 27.2329)
(2.66188e-16 -14.7772 24.7841)
(-9.58311e-17 -5.4242 8.595)
)
;
    }
    fineFrontAndBackRight
    {
        type            zeroGradient;
    }
    symmetryWallRight
    {
        type            cyclicAMI;
        value           nonuniform List<vector> 
20
(
(5.16985e-15 -0.148157 -2.88731)
(1.76255e-15 0.686342 2.65861)
(-4.38953e-15 3.06702 10.3577)
(-5.78881e-15 5.00316 11.9334)
(-3.68817e-15 3.69164 6.41443)
(-1.38775e-15 1.31266 1.31256)
(1.61956e-17 1.78103 0.60953)
(-2.01744e-17 3.22781 1.61487)
(6.07752e-16 3.58552 2.32074)
(8.87841e-18 1.09386 4.77558)
(-7.51352e-15 -3.10511 9.12059)
(-8.39118e-15 -4.01493 7.86187)
(-3.96e-15 -3.43658 5.56082)
(-3.65992e-16 -3.7234 5.33264)
(5.19611e-16 -3.79082 6.26141)
(3.73333e-16 -3.62939 7.05462)
(1.47464e-16 -3.00432 7.61376)
(1.30217e-18 -2.62566 7.75897)
(-7.85924e-17 -1.21812 7.24302)
(-1.82979e-16 -1.31614 5.24193)
)
;
    }
    inletOutletRight
    {
        type            cyclicAMI;
        value           nonuniform List<vector> 
20
(
(2.80252e-15 -2.98348 4.73049)
(1.5865e-15 -4.76495 7.36306)
(1.59323e-15 -5.68726 8.49881)
(1.43801e-15 -6.37206 9.39796)
(1.31245e-15 -6.98388 10.1569)
(1.20755e-15 -7.5211 10.9077)
(1.0924e-15 -8.05214 11.6785)
(9.72695e-16 -8.60055 12.5099)
(8.09563e-16 -9.1767 13.2777)
(7.53126e-16 -9.51635 14.2046)
(6.53377e-16 -10.0246 15.2547)
(5.63372e-16 -10.5575 16.3548)
(4.83891e-16 -11.1092 17.4937)
(4.30638e-16 -11.6596 18.7165)
(3.92793e-16 -12.3629 20.0925)
(2.88976e-16 -13.272 22.0271)
(2.42946e-16 -14.7661 24.7247)
(2.08896e-16 -16.0268 27.2329)
(2.66188e-16 -14.7772 24.7841)
(-9.58311e-17 -5.4242 8.595)
)
;
    }
    inletRight
    {
        type            fixedValue;
        value           uniform (0 8.7 15);
    }
    inletWallsRight
    {
        type            noSlip;
    }
    inletFacesRight
    {
        type            zeroGradient;
    }
}


// ************************************************************************* //
