/*--------------------------------*- C++ -*----------------------------------*\
| =========                 |                                                 |
| \\      /  F ield         | OpenFOAM: The Open Source CFD Toolbox           |
|  \\    /   O peration     | Version:  4.1                                   |
|   \\  /    A nd           | Web:      www.OpenFOAM.org                      |
|    \\/     M anipulation  |                                                 |
\*---------------------------------------------------------------------------*/
FoamFile
{
    version     2.0;
    format      ascii;
    class       surfaceScalarField;
    location    "7";
    object      phi;
}
// * * * * * * * * * * * * * * * * * * * * * * * * * * * * * * * * * * * * * //

dimensions      [0 3 -1 0 0 0 0];

internalField   nonuniform List<scalar> 
3120
(
5149.85
-59.5918
5149.85
5138.38
11.4661
5138.38
5218.78
-80.3998
5309.56
-90.7752
5309.56
5465.26
-155.697
5642.76
-177.51
5642.76
5893.43
-250.669
5893.43
6207.06
-313.634
6575.48
-368.418
6575.48
7037.19
-461.707
7037.19
7722.56
-685.37
8008.23
-285.677
8008.23
8608.52
10929.4
-1328.66
11911.5
12875.2
13843.4
14818
15798.9
16785
17776.1
18771.3
19772.5
18061.5
2711.09
19081.8
20109.8
21143
22180.4
23227
24319.3
25415.8
26125.8
19686.8
6439.03
19686.8
19686.8
12192.5
7494.27
12192.5
12192.5
12192.5
4940.24
7252.27
4940.24
4940.24
-92.9685
5033.17
-93.1012
-93.2286
-93.2822
-741.171
647.881
-741.185
-741.199
-741.215
-726.753
-14.4772
-2518.2
-1292.1
-1362.65
8517.73
-1494.34
13410.8
-1203.65
12600.4
-1312.67
14220.6
-1896.84
12837.5
-3033.11
13376.4
-3854.66
14747.3
-3077.66
7230.01
-1802.79
-7544.36
-995.271
-12913.5
-454.481
-10416.1
-221.053
-5641.84
-1311.68
-890.672
-3803.97
-1252.73
-6636.58
-6859.1
-7730.61
-12611.1
-5137.55
-11888.9
-7586.51
-2911.01
622.265
-2047.98
7654.69
-2111.74
13474.6
-1766.26
12254.9
-1796.02
14250.3
-2259.92
13301.4
-3207.86
14324.4
-3783.77
15323.2
-2785.69
6231.94
-1493.5
-8836.56
-753.883
-13653.1
-408.238
-10761.8
-328.009
-5722.07
-958.011
-260.667
-2438.35
227.61
-4783.27
-4514.18
-7199.56
-10194.8
-6778.95
-12309.5
-13717.6
-3668.87
3589.19
-3083.58
7069.4
-3098.93
13489.9
-2648.04
11804
-2480.36
14082.7
-2687.12
13508.1
-3342.91
14980.2
-3647.23
15627.5
-2462.07
5046.78
-1201.65
-10097
-548.198
-14306.6
-404.395
-10905.6
-446.39
-5680.08
-14.6489
-692.406
169.096
43.8746
-1713.1
-2631.98
-5002.31
-6905.58
-7165.04
-10146.8
-15849.5
-4403.8
7594.03
-4069.34
6734.93
-4069.4
13490
-3463.38
11198
-3053.1
13672.4
-2972.62
13427.7
-3353.02
15360.6
-3424.8
15699.3
-2065.06
3687.04
-877.636
-11284.4
-396.109
-14788.1
-449.273
-10852.4
-657.401
-5471.95
-172.226
-1177.58
538.036
-666.383
165.694
-2259.64
-2503.94
-4235.95
-6266.42
-6384.27
-14863.6
-4737.7
12086.3
-4586.04
6583.26
-4585.23
13489.2
-3840.31
10453.1
-3274.92
13107
-3008.25
13161
-3216.16
15568.5
-3117.91
15601
-1593.81
2162.94
-493.589
-12384.6
-285.087
-14996.6
-537.85
-10599.7
-791.25
-5218.55
-389.743
-1579.09
51.9724
-1108.1
155.05
-2362.71
-768.796
-3312.1
-4067.01
-3086.06
-11436.3
-4655.53
16598.4
-4579.2
6506.93
-4573.94
13483.9
-3743.15
9622.31
-3146.39
12510.2
-2826.07
12840.7
-2969.62
15712
-2747.1
15378.5
-1127.4
543.242
-116.36
-13395.7
-204.486
-14908.5
-651.984
-10152.2
-871.054
-4999.48
-477.703
-1972.44
-55.7015
-1530.1
-4.9031
-2413.51
67.9206
-3384.92
-1340.53
-1677.61
-6337.85
-4303.61
20838.2
-4247.03
6450.34
-4238.95
13475.9
-3363.95
8747.32
-2812.83
11959.1
-2531.39
12559.2
-2677.99
15858.6
-2319.04
15019.6
-742.597
-1033.2
159.704
-14298
-166.166
-14582.6
-760.928
-9557.41
-902.204
-4858.2
-522.243
-2352.4
-141.232
-1911.11
14.1272
-2568.87
-55.4257
-3315.37
637.944
-2370.98
-2988.81
-3837.94
24679.4
-3805.18
6417.58
-3820.81
13491.5
-2925
7851.5
-2440.38
11474.5
-2240.44
12359.3
-2408.32
16026.5
-1884.61
14495.9
-434.401
-2483.4
315.89
-15048.3
-189.582
-14077.1
-842.216
-8904.78
-892.501
-4807.92
-536.54
-2708.36
-192.684
-2254.96
-11.5383
-2750.02
25.5624
-3352.47
776.994
-3122.41
-3540.48
-3367.27
28110.9
-3391.63
6441.95
-3495.31
13595.2
-2610.93
6967.13
-2180.63
11044.2
-2061.9
12240.6
-2216.91
16181.5
-1485.88
13764.8
-82.6501
-3886.63
387.074
-15518
-272.203
-13417.8
-885.366
-8291.61
-855.929
-4837.35
-532.454
-3031.83
-218.601
-2568.81
-20.7532
-2947.86
58.7628
-3431.98
295.124
-3358.77
-3531.03
-2946.73
31176.5
-3065.36
6560.58
-3359.49
13889.3
-2564.66
6172.3
-2174.03
10653.5
-2097.81
12164.3
-2148.11
16231.8
-1052.07
12668.8
355.207
-5293.91
406.879
-15569.7
-384.83
-12626.1
-888.49
-7787.95
-804.246
-4921.6
-516.04
-3320.04
-228.26
-2856.59
-25.7429
-3150.38
62.2491
-3519.97
404.172
-3700.69
-3812.23
-2623.27
33977.5
-2850.91
6788.22
-3430.82
14469.2
-2851.29
5592.77
-2506.65
10308.9
-2412.85
12070.5
-2230.69
16049.7
-666.119
11104.2
782.451
-6742.48
404.655
-15191.9
-488.142
-11733.3
-856.253
-7419.84
-745.629
-5032.22
-489.261
-3576.41
-225.399
-3120.46
-30.1871
-3345.59
66.9287
-3617.09
264.869
-3898.63
-4009.06
-2376.58
36579.5
-2705.7
7117.34
-3596.27
15359.8
-3348.73
5345.23
-3095.5
10055.7
-2945.3
11920.3
-2420.93
15525.3
-402.617
9085.9
1067.11
-8212.2
386.694
-14511.5
-549.069
-10797.6
-798.076
-7170.83
-684.31
-5145.99
-454.616
-3806.1
-214.042
-3361.03
-31.3969
-3528.24
64.6458
-3713.13
234.764
-4068.75
-4142.72
-2310.57
39195.3
-2666.59
7473.37
-3729.88
16423
-3819.62
5434.98
-3685.33
9921.39
-3482.99
11718
-2582.41
14624.7
-222.67
6726.17
1169.18
-9604.05
331.542
-13673.8
-562.491
-9903.54
-725.588
-7007.74
-621.362
-5250.21
-414.244
-4013.22
-197.249
-3578.03
-31.8186
-3693.67
62.4385
-3807.38
214.752
-4221.06
-4241.59
-2220.63
41740.2
-2587.62
7840.36
-3669.57
17505
-4011.13
5776.54
-3995.58
9905.83
-3767.93
11490.4
-2554.71
13411.5
-40.4822
4211.94
1113.59
-10758.1
214.049
-12774.3
-548.289
-9141.2
-648.913
-6907.11
-557.11
-5342.01
-370.333
-4200
-177.242
-3771.12
-30.5994
-3840.31
59.3816
-3897.37
159.76
-4321.44
-4332.5
-2611.81
44852.4
-2823.68
8052.24
-3565.63
18246.9
-3954
6164.9
-3920.51
9872.35
-3695.83
11265.7
-2280.99
11996.6
170.361
1760.58
919.564
-11507.3
36.5703
-11891.3
-521.938
-8582.69
-573.372
-6855.68
-492.492
-5422.89
-324.977
-4367.51
-155.713
-3940.38
-27.6291
-3968.39
56.2225
-3981.22
134.793
-4400.01
-4375.22
-2389.76
47584.1
-2661.42
8323.9
-3240.17
18825.7
-3600.6
6525.34
-3521.42
9793.17
-3262.67
11006.9
-1673.05
10407
538.716
-451.179
685.89
-11654.5
-131.881
-11073.5
-475.807
-8238.76
-496.64
-6834.85
-425.978
-5493.56
-278.239
-4515.25
-133.138
-4085.48
-23.3836
-4078.15
52.9688
-4057.57
118.41
-4465.45
-4412.5
-3810.72
52363.6
-3720.62
8233.8
-3172.97
18278.1
-3298
6650.36
-2882.05
9377.21
-2664.92
10789.8
-827.51
8569.61
1023.11
-2301.79
563.924
-11195.3
-203.874
-10305.7
-404.736
-8037.9
-415.27
-6824.31
-355.062
-5553.76
-229.01
-4641.3
-109.115
-4205.38
-17.6858
-4169.58
46.9518
-4122.21
78.724
-4497.22
-4424.55
-2875.74
55072
-2695
8053.06
-3033.56
18616.6
-2887.68
6504.48
-2478.73
8968.26
-1981.09
10292.2
115.865
6472.66
1447.94
-3633.87
552.54
-10299.9
-192.663
-9560.51
-335.053
-7895.51
-342.903
-6816.46
-291.027
-5605.64
-184.296
-4748.03
-86.2375
-4303.43
-10.798
-4245.02
39.2439
-4172.25
57.0226
-4515
-4447.93
-3018.31
60845.7
-5365.35
10400.1
-1545.34
14796.6
-2017.38
6976.52
-848.271
7799.15
-1253.45
10697.3
499.939
4719.27
1474.03
-4607.96
429.917
-9255.8
-171.708
-8958.89
-267.298
-7799.92
-274.778
-6808.98
-229.421
-5651
-141.726
-4835.73
-62.4822
-4382.68
-6.42418
-4301.07
33.7724
-4212.44
18.1023
-4499.33
-4418.36
-21986.7
-6196.65
-10403.3
-5726.63
-5118.47
-1454.46
435.778
667.429
87.1732
-89.7341
-108.188
-115.669
-92.6579
-55.4508
-20.8917
-3.82469
19.2753
23.3435
-1.8083
-598.48
64.4252
-1058.46
118.112
-1035.8
159.509
-1005.11
194.806
-1003.46
223.682
-1003.44
247.168
-1004.41
265.828
-1004.8
280.639
-1005.84
292.358
-1006.99
299.255
-1008.08
304.751
-1005.58
293.233
-1008.74
277.159
-1011.96
257.761
-1013.79
235.476
-1015.14
214.164
-1025.27
201.544
-1079.72
163.416
-1058.32
-546.59
45.1343
-643.614
55.221
-1068.55
47.6792
-1028.26
47.6374
-1005.07
50.6851
-1006.5
53.7491
-1006.51
56.7973
-1007.46
59.6145
-1007.62
62.2908
-1008.52
64.3166
-1009.01
66.2172
-1009.99
72.5025
-1011.86
75.8487
-1012.09
76.9781
-1013.09
76.6796
-1013.49
75.3743
-1013.83
75.5066
-1025.4
75.2544
-1079.47
54.973
-1038.04
-491.617
22.5669
-666.181
23.6916
-1069.68
20.6804
-1025.25
21.0798
-1005.47
21.6418
-1007.07
22.1432
-1007.01
22.6221
-1007.94
23.1023
-1008.1
23.4536
-1008.87
23.7625
-1009.32
23.787
-1010.01
22.3862
-1010.46
21.5911
-1011.29
20.7987
-1012.3
19.7419
-1012.44
18.5005
-1012.59
16.8991
-1023.8
15.3942
-1077.97
10.6841
-1033.33
-480.933
15.1642
-681.346
13.6364
-1068.15
9.43984
-1021.05
6.84203
-1002.87
4.37344
-1004.6
2.01843
-1004.65
-0.342724
-1005.58
-2.64426
-1005.8
-4.95048
-1006.56
-7.27659
-1006.99
-9.59325
-1007.69
-11.6903
-1008.36
-14.0042
-1008.98
-16.4869
-1009.82
-18.9368
-1009.99
-21.5045
-1010.02
-26.0522
-1019.25
-33.032
-1070.99
-26.8555
-1039.51
-507.789
11.6875
-693.033
8.51889
-1064.98
4.29123
-1016.82
0.887337
-999.467
-2.62645
-1001.08
-6.08775
-1001.19
-9.62377
-1002.04
-13.1563
-1002.27
-16.7532
-1002.97
-20.3813
-1003.37
-24.0768
-1004
-27.9132
-1004.53
-31.7641
-1005.13
-35.715
-1005.87
-39.558
-1006.14
-43.4417
-1006.14
-50.9895
-1011.71
-64.4412
-1057.54
-51.4832
-1052.47
-559.272
11.6439
-704.677
8.43836
-1061.77
4.42261
-1012.81
1.1068
-996.151
-2.37682
-997.6
-5.85085
-997.718
-9.43905
-998.455
-13.0777
-998.627
-16.8158
-999.229
-20.6363
-999.545
-24.5522
-1000.08
-28.5643
-1000.52
-32.6864
-1001
-36.9644
-1001.59
-41.203
-1001.91
-45.3621
-1001.98
-52.8874
-1004.18
-69.8155
-1040.61
-59.4848
-1062.8
-618.757
13.6387
-718.316
10.4598
-1058.59
6.47274
-1008.82
3.50199
-993.18
0.405324
-994.503
-2.69976
-994.613
-5.90056
-995.255
-9.14254
-995.385
-12.4698
-995.901
-15.8621
-996.153
-19.3363
-996.608
-22.9039
-996.948
-26.5473
-997.36
-30.3192
-997.818
-34.0997
-998.125
-37.7399
-998.342
-43.1728
-998.747
-58.6976
-1025.08
-55.7545
-1065.74
-674.511
16.0952
-734.411
12.9371
-1055.44
8.97413
-1004.86
6.46258
-990.669
3.8661
-991.906
1.25668
-992.004
-1.42792
-992.57
-4.13525
-992.678
-6.90567
-993.131
-9.71653
-993.342
-12.5821
-993.742
-15.505
-994.025
-18.4741
-994.391
-21.5287
-994.763
-24.5969
-995.057
-27.5849
-995.354
-31.1683
-995.164
-42.6613
-1013.59
-45.5871
-1062.81
-720.098
18.1298
-752.541
14.6989
-1052.01
10.783
-1000.94
8.63099
-988.517
6.42485
-989.7
4.20507
-989.784
1.93285
-990.298
-0.342188
-990.403
-2.65783
-990.815
-4.98907
-991.011
-7.3501
-991.381
-9.74049
-991.635
-12.1474
-991.984
-14.6022
-992.308
-17.0514
-992.608
-19.4744
-992.931
-21.9944
-992.644
-29.6238
-1005.96
-35.0471
-1057.39
-755.145
19.3833
-771.924
15.4865
-1048.11
11.7103
-997.165
9.82801
-986.634
7.89176
-987.764
5.94447
-987.837
3.9569
-988.31
1.97695
-988.423
-0.0318321
-988.806
-2.04285
-989
-4.07117
-989.353
-6.11309
-989.593
-8.15675
-989.94
-10.2305
-990.235
-12.2839
-990.554
-14.3355
-990.88
-16.3419
-990.637
-21.5783
-1000.72
-27.4232
-1051.55
-782.569
19.9782
-791.902
15.5025
-1043.63
11.942
-993.604
10.2453
-984.938
8.48193
-986.001
6.71103
-986.066
4.90608
-986.505
3.11258
-986.629
1.29479
-986.989
-0.519215
-987.186
-2.3469
-987.525
-4.18129
-987.759
-6.01329
-988.108
-7.8691
-988.379
-9.69881
-988.724
-11.544
-989.034
-13.2963
-988.885
-17.3107
-996.709
-23.0951
-1045.76
-805.664
20.1533
-812.056
15.0657
-1038.55
11.7644
-990.303
10.2001
-983.373
8.55263
-984.353
6.90179
-984.415
5.21943
-984.823
3.54933
-984.959
1.8556
-985.295
0.167753
-985.498
-1.53487
-985.823
-3.24106
-986.052
-4.94708
-986.402
-6.67449
-986.651
-8.37654
-987.022
-10.1073
-987.304
-11.7254
-987.267
-15.118
-993.317
-21.0211
-1039.86
-826.685
20.1257
-832.181
14.4206
-1032.84
11.3952
-987.278
9.9298
-981.908
8.36907
-982.793
6.80863
-982.855
5.21779
-983.232
3.63897
-983.38
2.03611
-983.692
0.439837
-983.902
-1.17356
-984.209
-2.78816
-984.438
-4.40735
-984.783
-6.04482
-985.014
-7.6615
-985.406
-9.31404
-985.651
-10.8456
-985.735
-13.8645
-990.298
-20.1182
-1033.61
-846.803
20.0241
-852.205
13.7004
-1026.52
10.9549
-984.532
9.57044
-980.523
8.08419
-981.306
6.60146
-981.372
5.0886
-981.719
3.58734
-981.879
2.06158
-982.166
0.542236
-982.382
-0.99621
-982.671
-2.53368
-982.9
-4.08151
-983.235
-5.64254
-983.453
-7.19003
-983.858
-8.77525
-984.066
-10.238
-984.272
-12.9691
-987.567
-19.7124
-1026.86
-866.515
19.9165
-872.122
12.9664
-1019.57
10.5005
-982.066
9.18736
-979.21
7.77121
-979.89
6.36154
-979.962
4.92053
-980.278
3.49077
-980.449
2.03658
-980.712
0.587453
-980.933
-0.881282
-981.202
-2.34722
-981.434
-3.82944
-981.753
-5.31704
-981.965
-6.8014
-982.374
-8.31982
-982.547
-9.72115
-982.871
-12.1901
-985.098
-19.4806
-1019.57
-885.996
19.8474
-891.969
12.2563
-1011.98
10.075
-979.885
8.83345
-977.969
7.48938
-978.546
6.15474
-978.627
4.78372
-978.907
3.42163
-979.087
2.03485
-979.325
0.648615
-979.547
-0.756903
-979.797
-2.16004
-980.031
-3.58478
-980.328
-5.00481
-980.545
-6.43571
-980.943
-7.88739
-981.096
-9.23464
-981.524
-11.4519
-982.881
-19.2938
-1011.73
-905.29
19.8684
-911.837
11.6138
-1003.72
9.74461
-978.016
8.60118
-976.825
7.34952
-977.294
6.11118
-977.389
4.82711
-977.623
3.5439
-977.804
2.23348
-978.015
0.913111
-978.227
-0.42949
-978.454
-1.77788
-978.683
-3.1558
-978.95
-4.52586
-979.175
-5.93042
-979.538
-7.33411
-979.692
-8.66829
-980.19
-10.6729
-980.876
-19.0391
-1003.36
-924.329
20.0767
-931.914
11.1016
-994.746
9.58936
-976.503
8.6043
-975.84
7.48263
-976.173
6.37088
-976.277
5.20218
-976.454
4.01693
-976.619
2.79912
-976.797
1.55778
-976.985
0.289225
-977.185
-0.997174
-977.396
-2.31837
-977.629
-3.63948
-977.854
-5.02044
-978.157
-6.37948
-978.333
-7.75903
-978.81
-9.59867
-979.036
-18.4203
-994.542
-942.749
20.7987
-952.713
11.0692
-985.016
9.96433
-975.398
9.25122
-975.127
8.35684
-975.278
7.43154
-975.352
6.42329
-975.446
5.35186
-975.547
4.21273
-975.658
3.00858
-975.781
1.74131
-975.918
0.416739
-976.072
-0.967498
-976.245
-2.38506
-976.436
-3.87426
-976.668
-5.32797
-976.879
-6.87847
-977.26
-8.53099
-977.384
-17.5626
-985.51
-960.312
22.2872
12.271
11.8726
11.7456
11.4674
11.1155
10.6695
10.1223
9.46448
8.68345
7.76541
6.69377
5.44886
4.01247
2.34434
0.465199
-1.79436
-4.17805
-14.6882
-726.814
88.4774
-815.343
88.356
88.2303
88.1522
122.493
-34.4081
122.408
122.317
122.292
-3317.83
3440.11
-3317.83
-3317.83
-9847.83
6530
-9847.83
-9847.83
-9847.83
-17557.9
7710.1
-17557.9
-17557.9
-24972.2
7414.23
-24710.1
-24320.8
-23828
-23257.3
-22615.5
-21905.7
-21128.2
-20282.5
-25596
6219.82
-24623.7
-23579.5
-22463.5
-21275.6
-20013.3
-18664.8
-17189.6
-15530.4
-13717.9
-12266.3
140.799
-11832.7
-11832.7
-13121.7
1288.96
-13503.1
381.363
-13503.1
-13397.3
-105.731
-13397.3
-12640.2
-757.124
-11207.8
-1432.38
-11207.8
-9185.91
-2021.91
-9185.91
-6640.17
-2545.74
-3923.19
-2716.97
-3923.18
-1161.81
-2761.36
856.591
-2018.38
856.614
1233.19
-376.553
1233.21
1233.21
347.343
-347.339
647.443
-300.098
1675.69
-1028.25
1496.21
179.487
-124.95
1621.16
-978.378
853.429
-2192.18
1213.8
-3597.39
1405.21
-4523.12
925.728
-4715.28
192.163
-4219.49
-495.791
-3154.84
-1064.64
-1593.44
-1561.4
718.827
-2312.26
3602.15
-2883.32
6333.99
-2731.84
6260.82
73.177
2211.85
4048.97
3445.07
-24.3158
-323.019
-549.673
225.26
336.796
-1914.72
895.755
-379.471
-20.6369
2537.55
-2516.89
3349.68
-4335.61
3032.52
-5137.85
2207.45
-5342.36
1130.24
-5157.14
6.93838
-4564.58
-1088.34
-3513.67
-2115.55
-1973.74
-3101.34
204.341
-4490.34
3087.42
-5766.4
5657.79
-5302.2
6772.91
-1041.94
4465.67
6356.22
7534.19
-350.102
27.0886
-1478.12
1353.28
-1483.04
-1909.79
-915.524
-946.99
-1534.07
3156.1
-3651
5466.62
-4937.75
4319.26
-5197.08
2466.79
-5289.31
1222.47
-5092.8
-189.568
-4475.62
-1705.53
-3539.48
-3051.68
-2210.29
-4430.53
-256.997
-6443.63
2415.43
-8438.82
4856.15
-7742.92
6189.85
-2375.64
5160.18
7385.89
10676
-334.456
361.557
-2051.44
3070.26
-3071.46
-889.776
-3335.2
-683.25
-3656.39
3477.29
-4515.84
6326.07
-5011.44
4814.87
-5080.62
2535.97
-5106.6
1248.45
-4793.36
-502.803
-4246.22
-2252.67
-3555.13
-3742.77
-2513.96
-5471.69
-827.222
-8130.37
1593.32
-10859.4
3945.09
-10094.7
5277.84
-3708.37
4992.45
7671.29
12907.1
56.0444
305.518
-2045.13
5171.44
-3862.88
927.971
-4673.8
127.671
-4888.35
3691.84
-4933.02
6370.74
-4894.43
4776.28
-4863.63
2505.16
-4751.1
1135.92
-4429.13
-824.773
-4121.73
-2560.07
-3720.49
-4144.02
-2936.29
-6255.89
-1482.58
-9584.09
683.891
-13025.8
2920.52
-12331.3
4212.12
-4999.97
4379.79
7503.62
14569.9
343.015
-37.4927
-1505.31
7019.76
-3839.2
3261.87
-4972.45
1260.91
-5162.33
3881.73
-4919.13
6127.54
-4649.56
4506.71
-4525.1
2380.7
-4389.23
1000.05
-4270.43
-943.569
-4245.77
-2584.73
-4046.95
-4342.84
-3425.91
-6876.92
-2165.77
-10844.2
-269.86
-14921.7
1804.35
-14405.5
3058.2
-6253.82
3498.72
7063.11
15522.9
575.142
-612.635
-757.405
8352.31
-3230.43
5734.89
-4689.01
2719.49
-4912.56
4105.28
-4624.57
5839.55
-4302.48
4184.62
-4179.79
2258.01
-4245.45
1065.72
-4419.55
-769.465
-4554.98
-2449.29
-4422.11
-4475.71
-3896.16
-7402.87
-2836.6
-11903.8
-1247.16
-16511.2
618.166
-16270.9
1837.1
-7472.75
2482.21
6418.01
15983.2
642.229
-1254.86
-69.0856
9063.63
-2312.87
7978.68
-4132.86
4539.47
-4462.77
4435.18
-4194.23
5571.01
-3932.44
3922.83
-3984.27
2309.83
-4384.6
1466.05
-4765.87
-388.191
-4897.88
-2317.29
-4740.99
-4632.6
-4297.91
-7845.95
-3482.96
-12718.7
-2234.83
-17759.3
-608.907
-17896.8
587.323
-8668.98
1415.85
5589.49
15966.7
585.787
-1840.65
397.278
9252.14
-1349.48
9725.44
-3417.47
6607.47
-3962.58
4980.29
-3741.34
5349.78
-3627.44
3808.92
-3963.28
2645.68
-4681.25
2184.01
-5153.13
83.6927
-5191.63
-2278.79
-4977.91
-4846.31
-4629.36
-8194.5
-4098.27
-13249.8
-3222.03
-18635.5
-1843.69
-19275.1
-653.131
-9859.54
283.698
4652.66
15493.2
499.582
-2340.23
601.966
9149.75
-537.402
10864.8
-2604.87
8674.94
-3459.77
5835.19
-3340.57
5230.57
-3408.4
3876.76
-4020.39
3257.67
-4981.8
3145.43
-5503.12
605.017
-5435.72
-2346.18
-5146.17
-5135.87
-4894.82
-8445.86
-4667.86
-13476.8
-4187.75
-19115.7
-3041.11
-20421.8
-1831.94
-11068.7
-744.937
3565.67
14642.6
433.253
-2773.48
610.915
8972.09
28.92
11446.8
-1784.86
10488.7
-2957.29
7007.62
-3019.73
5293.02
-3259.6
4116.63
-4098.32
4096.39
-5256.94
4304.04
-5797.92
1146
-5586.15
-2557.95
-5197.98
-5524.04
-5060.59
-8583.24
-5154.11
-13383.3
-5088.4
-19181.4
-4180.59
-21329.6
-2815.06
-12434.2
-1509.82
2260.42
13514.1
396.939
-3170.42
523.228
8845.8
317.397
11652.6
-1081.86
11888
-2449.78
8375.55
-2765.91
5609.15
-3159.71
4510.42
-4173.43
5110.11
-5474.13
5604.74
-5903.63
1575.51
-5420.72
-3040.87
-4966.97
-5977.78
-5064.48
-8485.73
-5516.84
-12930.9
-5858.34
-18839.9
-5271.21
-21916.7
-3706.36
-13999.1
-2340.98
895.046
12462.1
388.642
-3559.07
409.359
8825.09
369.255
11692.7
-566.676
12823.9
-1947.26
9756.13
-2545.38
6207.27
-3088.33
5053.37
-4217.53
6239.31
-5510.29
6897.5
-5523.12
1588.34
-4609.66
-3954.33
-4274.98
-6312.47
-4874
-7886.71
-5746.65
-12058.3
-6419.18
-18167.3
-6293.82
-22042.1
-4405.75
-15887.2
-2451.53
-1059.18
10151.4
411.805
-3970.87
304.012
8932.88
266.011
11730.7
-248.351
13338.3
-1485.96
10993.7
-2331.14
7052.45
-3031.94
5754.17
-4207.22
7414.59
-5257.19
7947.47
-4579.99
911.138
-3241.35
-5292.97
-3219.86
-6333.95
-4511.42
-6595.15
-5846.95
-10722.7
-6690.42
-17323.8
-7181.04
-21551.4
-5896.47
-17171.7
-4214.8
-2740.85
12156.4
465.507
-4436.38
218.834
9179.55
85.3648
11864.2
-111.037
13534.7
-1120.2
12002.9
-2121.92
8054.17
-2985.89
6618.15
-4150.93
8579.62
-4809.33
8605.87
-3627.66
-270.532
-2151.82
-6768.8
-2238.76
-6247.02
-3943.55
-4890.36
-5709.77
-8956.51
-6636.03
-16397.6
-7693.43
-20494
-8191.65
-16673.5
-7302.03
-3630.47
12268.6
499.397
-4935.77
126.583
9552.37
-129.73
12120.5
-130.987
13535.9
-897.766
12769.7
-1940.57
9096.97
-2948.26
7625.84
-4078.78
9710.14
-4379.29
8906.39
-3125.36
-1524.46
-1810.08
-8084.08
-1531.93
-6525.17
-2908.41
-3513.87
-4960.73
-6904.19
-6207.02
-15151.3
-7478.95
-19222.1
-9126.11
-15026.3
-9125.95
-3630.64
10852.8
385.219
-5320.99
-39.0262
9976.61
-370.579
12452.1
-276.761
13442.1
-833.85
13326.8
-1812.12
10075.2
-2915.91
8729.62
-4016.92
10811.2
-4086.28
8975.75
-2910.84
-2699.9
-1767.82
-9227.1
-934.222
-7358.77
-1230.68
-3217.42
-3209.38
-4925.49
-5339.88
-13020.8
-6833.96
-17728
-8378.46
-13481.8
-8746.95
-3262.15
8635.79
2.18527
-5323.18
-305.242
10284
-643.078
12789.9
-506.071
13305.1
-891.846
13712.5
-1737.25
10920.7
-2886.74
9879.11
-3967.21
11891.6
-3851.3
8859.85
-2697.94
-3853.26
-1664.1
-10260.9
-679.554
-8343.31
158.187
-4055.16
-1119.91
-3647.39
-4262.06
-9878.64
-6403.16
-15586.9
-6842.06
-13042.9
-6421.53
-3682.69
5654.36
-661.07
-4662.11
-636.569
10259.5
-925.391
13078.7
-746.879
13126.6
-992.847
13958.5
-1699.83
11627.6
-2873.17
11052.4
-3926.1
12944.6
-3611.17
8544.92
-2426.15
-5038.28
-1468.2
-11218.9
-637.981
-9173.53
249.009
-4942.15
-481.718
-2916.66
-3708.43
-6651.93
-6564.1
-12731.3
-6131.62
-13475.4
-4239.65
-5574.67
1380.3
-1566.43
-980.179
-1180.57
-945.076
-1098.13
-1723.81
-2911.52
-3892.7
-3354.79
-2123.57
-1236.5
-534.667
-68.396
-1003.76
-3910.66
-6950.22
-6720.52
-2999.41
-663.221
1638.22
-1069.55
1381.33
-1484.76
1390.21
-1813.95
1304.19
-2103.06
1264.11
-2340.57
1212.52
-2534.83
1169.25
-2685.83
1126
-2796.21
1085.38
-2867
1045.79
-2898.63
1006.63
-2889.74
966.115
-2836.66
921.915
-2732.24
870.584
-2566.33
809.086
-2328.32
736.996
-2004.1
650.781
-1557.57
528.468
-918.368
335.797
56.6318
-191.36
1829.58
-438.658
1628.63
-699.291
1650.84
-923.214
1528.11
-1140.1
1481
-1328.61
1401.03
-1497.86
1338.5
-1644.08
1272.22
-1769.46
1210.76
-1871.56
1147.9
-1944
1079.07
-1971.67
993.78
-1931.63
881.873
-1803.57
742.528
-1585.41
590.933
-1291.41
442.99
-932.304
291.677
-524.811
120.976
-143.168
-45.8456
-86.5364
-183.83
2013.41
-393.869
1838.67
-568.126
1825.1
-710.334
1670.32
-843.129
1613.79
-950.735
1508.64
-1048.21
1435.98
-1130.76
1354.77
-1203.49
1283.5
-1263.51
1207.91
-1305.27
1120.83
-1312.24
1000.75
-1256.96
826.601
-1111.29
596.858
-884.823
364.462
-649.166
207.334
-442.448
84.9598
-224.659
-96.8123
-32.9717
-237.53
-119.508
-49.501
2062.92
-137.324
1926.49
-199.519
1887.29
-249.006
1719.81
-298.29
1663.08
-332.385
1542.73
-363.971
1467.57
-385.349
1376.15
-401.392
1299.55
-410.879
1217.4
-417.395
1127.34
-425.513
1008.87
-441.029
842.118
-462.146
617.976
-478.179
380.496
-483.376
212.531
-480.765
82.3497
-440.273
-137.303
-348.195
-329.608
-467.703
72.4466
1990.47
23.446
1975.49
28.8927
1881.85
44.5392
1704.17
64.6015
1643.01
93.9819
1513.35
129.527
1432.02
174.706
1330.97
228.925
1245.33
291.04
1155.28
355.491
1062.89
407.66
956.702
422.023
827.756
371.225
668.776
262.923
488.799
167.988
307.468
124.456
125.885
71.1683
-84.0131
-17.2834
-241.154
-484.986
156.65
1833.82
131.712
2000.43
166.453
1847.11
213.838
1656.78
272.188
1584.67
331.098
1454.44
398.268
1364.85
470.904
1258.33
552.87
1163.36
641.966
1066.19
735.289
969.57
822.36
869.631
885.636
764.48
902.299
652.112
857.759
533.34
758.193
407.035
609.266
274.812
398.547
126.706
198.963
-41.5696
-286.023
163.368
1670.45
172.16
1991.64
210.631
1808.64
262.936
1604.48
327.953
1519.65
388.602
1393.79
454.684
1298.77
520.744
1192.27
589.595
1094.51
657.585
998.198
722.078
905.078
777.501
814.209
817.035
724.946
832.301
636.847
815.426
550.215
757.626
464.835
649.729
382.709
480.024
296.412
249.463
188.992
-36.5593
111.743
1558.71
154.258
1949.12
202.677
1760.22
261.373
1545.78
329.475
1451.55
398.111
1325.16
469.154
1227.73
539.923
1121.5
609.589
1024.85
677.455
930.331
743.589
838.943
807.934
749.863
868.862
664.018
919.499
586.21
944.576
525.138
917.432
491.978
811.081
489.061
607.56
499.933
321.145
475.407
284.586
23.3653
1535.34
80.5329
1891.96
138.771
1701.98
182.458
1502.09
224.562
1409.44
263.25
1286.47
305.22
1185.76
360.178
1066.54
436.594
948.432
544.006
822.92
684.743
698.206
853.46
581.147
1031.09
486.387
1182.44
434.863
1258.69
448.889
1215
535.671
1034.02
670.032
731.3
802.658
365.376
841.331
649.962
-128.325
1663.67
-124.342
1887.97
-139.831
1717.47
-210.607
1572.87
-298.663
1497.5
-404.006
1391.81
-502.242
1284
-578.399
1142.7
-619.963
989.995
-621.945
824.902
-584.291
660.552
-508.678
505.534
-399.932
377.642
-265.572
300.502
-113.822
297.138
44.0527
377.796
171.811
542.273
212.224
762.245
129.873
923.682
779.835
-183.666
1847.34
-335.709
2040.02
-476.052
1857.81
-655.158
1751.98
-857.302
1699.64
-1077.36
1611.87
-1297.94
1504.58
-1510.32
1355.08
-1711.92
1191.59
-1904.83
1017.82
-2088.09
843.811
-2249.96
667.411
-2365.6
493.273
-2394.32
329.223
-2289.37
192.189
-2025.94
114.366
-1599.17
115.505
-1015.97
179.046
-397.309
305.02
382.526
118.4
1728.94
-36.6929
2195.11
-209.635
2030.75
-340.841
1883.18
-454.269
1813.07
-568.139
1725.74
-688.207
1624.64
-817.526
1484.39
-955.081
1329.15
-1099.41
1162.14
-1248.48
992.886
-1399
817.926
-1543.31
637.58
-1665.5
451.417
-1741.39
268.074
-1736.41
109.393
-1663.9
42.9927
-1300.1
-184.759
-694.008
-301.07
-311.482
480.466
1248.47
560.837
2114.74
450.857
2140.73
384.86
1949.18
386.264
1811.67
411.768
1700.24
437.123
1599.29
442.019
1479.5
423.889
1347.28
382.309
1203.72
320.059
1055.14
236.026
901.959
129.083
744.521
-0.519492
581.019
-140.383
407.935
-241.542
210.546
-116.716
-81.8393
-172.145
-129.331
-180.292
-292.925
-491.774
511.145
737.324
713.116
1912.77
702.6
2151.24
691.416
1960.36
741.077
1762
824.666
1616.65
918.232
1505.72
1000.75
1396.98
1065.04
1282.99
1107.17
1161.59
1127.06
1035.24
1123.12
905.893
1092.77
774.876
1031.56
642.229
932.107
507.388
776.155
366.497
473.886
220.429
290.989
53.5654
144.664
-146.6
-347.11
238.19
499.134
318.834
1832.12
354.59
2115.49
398.015
1916.94
461.786
1698.23
538.086
1540.35
616.522
1427.29
687.102
1326.4
744.123
1225.97
783.797
1121.91
804.224
1014.82
804.099
906.017
782.462
796.513
738.465
686.225
671.228
574.624
579.3
458.424
464.57
335.158
326.785
191.35
165.93
14.2534
-181.18
-27.2437
526.377
-54.6423
1859.52
2.29277
2058.55
77.1281
1842.1
145.715
1629.65
207.949
1478.11
264.252
1370.98
313.879
1276.77
354.626
1185.22
384.568
1091.97
401.968
997.417
406.049
901.936
396.569
805.992
373.957
708.837
338.692
609.889
291.586
505.529
233.618
393.126
163.973
260.995
84.8849
93.3397
-96.2947
-77.3623
603.739
-109.339
1891.5
-57.669
2006.88
3.27073
1781.16
53.4625
1579.45
94.0668
1437.51
128.687
1336.36
159.408
1246.05
185.746
1158.89
206.769
1070.95
220.918
983.267
227.51
895.344
226.087
807.414
216.854
718.07
199.827
626.915
175.452
529.904
143.827
424.751
104.044
300.776
58.0099
139.372
-38.2848
2.24222
601.497
27.2347
1866.5
59.4258
1974.69
98.8058
1741.78
132.917
1545.34
156.23
1414.19
173.423
1319.17
188.587
1230.88
202.08
1145.39
213.418
1059.61
220.9
975.784
223.852
892.392
221.072
810.193
212.37
726.772
197.215
642.07
175.537
551.581
146.856
453.432
110.532
337.1
68.6735
181.231
30.3889
117.027
484.47
176.964
1806.57
153.314
1998.34
122.062
1773.04
109.835
1557.57
108.57
1415.46
111.78
1315.96
116.335
1226.33
121.488
1140.24
126.486
1054.61
130.571
971.7
132.391
890.572
130.998
811.587
125.521
732.249
114.816
652.775
97.066
569.332
71.1405
479.36
34.3129
373.93
-6.01893
221.57
24.3703
50.9687
265.054
450.952
564.773
647.109
714.084
767.734
806.158
830.427
840.862
840.229
824.499
790.332
745.178
688.074
615.625
524.341
405.395
237.72
)
;

boundaryField
{
    outletWallLeft
    {
        type            calculated;
        value           nonuniform List<scalar> 
40
(
714.623
996.643
701.95
398.96
245.399
143.437
63.8167
-3.27184
-64.2102
-118.817
-177.79
-225.407
-305.252
-324.213
-500.409
-341.951
-968.765
167.341
-2755.4
3185.86
-5090.26
-4454.61
-4503.39
-4235.54
-4318.14
-4417.24
-4872.93
-5674.01
-6801.5
-7781.47
-8781.98
-8675.54
-4839.61
2829.03
7033.34
7190.99
2299.82
19003.3
-5389.97
79646.5
)
;
    }
    fineWallsLeft
    {
        type            calculated;
        value           uniform 0;
    }
    fineFrontAndBackLeft
    {
        type            calculated;
        value           nonuniform List<scalar> 
880
(
-3.85997e-15
4.7183e-15
-5.69579e-14
5.17639e-14
-5.21063e-13
-1.28358e-12
-4.25917e-13
-1.59123e-12
-1.94176e-12
-4.75103e-13
-1.45887e-12
-3.68647e-13
-1.08649e-12
-1.26468e-12
-3.45977e-13
-1.28457e-12
-3.89985e-13
-1.23986e-12
-1.40161e-12
-4.01326e-13
-6.1935e-14
8.66798e-13
-4.40734e-13
-4.9373e-13
-5.03417e-13
-6.66893e-13
-6.52931e-13
-6.21768e-13
-6.5637e-13
-6.90666e-13
-7.16635e-13
-5.77144e-12
-7.86935e-13
-8.02275e-13
-8.2067e-13
-8.24701e-13
-8.2121e-13
-8.41553e-13
-7.87066e-13
-1.03694e-12
-1.12711e-11
-1.51659e-12
-1.39995e-12
-8.24978e-12
-1.23586e-12
-1.20025e-12
-1.14984e-12
-6.08131e-12
-8.00757e-13
-8.38825e-13
-1.28516e-12
3.0497e-12
3.9086e-12
4.83274e-12
2.56951e-11
2.39862e-12
2.8831e-12
2.93642e-12
1.84912e-11
2.94634e-12
-1.12803e-12
-8.888e-13
-7.67355e-13
-5.67114e-13
2.02639e-13
1.87271e-13
-1.06823e-11
-2.70865e-11
-1.83548e-11
3.59275e-12
-2.00557e-12
-4.60078e-13
8.45395e-13
-2.48428e-13
-3.84269e-12
-1.0179e-11
-1.60183e-11
-1.29299e-11
5.46385e-12
-9.60301e-13
-9.11244e-13
-8.25397e-13
-2.82243e-13
7.48828e-13
-6.41736e-13
-1.37535e-11
-2.89858e-11
-1.77153e-11
8.91217e-13
-3.58482e-12
9.83473e-15
6.48606e-13
-2.45243e-13
-2.65077e-12
-5.81938e-12
-1.11598e-11
-1.50146e-11
-3.60762e-12
-4.75918e-13
-2.87486e-13
-3.76024e-14
9.85377e-13
1.57312e-12
-2.24733e-12
-1.71029e-11
-3.03779e-11
-1.73005e-11
-2.21658e-12
-4.52498e-12
4.59234e-13
4.16397e-13
-6.34296e-14
-6.66847e-13
-1.07341e-12
-4.90494e-12
-1.16214e-11
-1.2856e-11
1.06982e-14
7.68679e-13
1.28399e-12
2.39202e-12
1.81823e-12
-4.44002e-12
-1.98395e-11
-3.09775e-11
-1.71181e-11
-5.22487e-12
-4.62734e-12
7.25367e-13
2.32836e-13
-6.02273e-14
2.25468e-14
3.60548e-13
-1.16625e-12
-8.48422e-12
-1.31699e-11
2.2504e-13
1.43307e-12
2.03627e-12
2.66378e-12
9.90258e-13
-6.63793e-12
-2.14096e-11
-3.08049e-11
-1.72011e-11
-8.17157e-12
-4.01475e-12
8.01973e-13
1.05472e-13
-4.2369e-14
3.61724e-15
-1.78215e-14
2.97862e-13
-4.48988e-12
-1.26016e-11
1.53772e-13
1.24403e-12
1.53374e-12
1.29056e-12
-8.56673e-13
-8.55018e-12
-2.19065e-11
-3.00804e-11
-1.74711e-11
-1.07921e-11
-3.07272e-12
7.52798e-13
1.89534e-14
-1.82914e-14
8.65626e-16
-1.29779e-14
-7.69253e-14
-3.02745e-13
-8.33378e-12
-3.30317e-14
3.80277e-13
-1.8932e-13
-1.66482e-12
-3.6505e-12
-1.04442e-11
-2.18655e-11
-2.90412e-11
-1.74304e-11
-1.19809e-11
-2.03526e-12
6.2483e-13
-2.98414e-14
-4.09644e-15
3.47622e-15
2.6556e-15
5.76377e-15
2.40497e-14
-2.21664e-13
-1.59103e-13
-7.10964e-13
-2.83447e-12
-6.23983e-12
-7.64678e-12
-1.29488e-11
-2.19221e-11
-2.78549e-11
-1.67516e-11
-1.12002e-11
-9.14564e-13
4.47659e-13
-4.37649e-14
2.27393e-15
-3.02076e-16
6.96249e-18
2.40027e-15
-2.71061e-14
1.4838e-13
-1.46567e-13
-1.62725e-12
-6.14167e-12
-1.28089e-11
-1.34457e-11
-1.68331e-11
-2.26954e-11
-2.67584e-11
-1.64234e-11
-9.43396e-12
1.20408e-13
2.60167e-13
-3.49451e-14
3.74441e-15
-3.48736e-16
-3.84961e-16
-1.35275e-15
-8.75385e-15
2.6188e-13
-2.31047e-14
-2.11431e-12
-9.76308e-12
-2.15396e-11
-2.16397e-11
-2.28567e-11
-2.49258e-11
-2.63557e-11
-1.84752e-11
-7.94031e-12
7.10365e-13
1.07032e-13
-1.86272e-14
2.27696e-15
-1.31095e-16
1.73491e-16
1.98192e-16
-9.38175e-15
2.00033e-13
1.30417e-13
-2.09114e-12
-1.2959e-11
-3.12434e-11
-3.19571e-11
-3.1371e-11
-2.94064e-11
-2.74408e-11
-2.18584e-11
-6.75489e-12
8.0701e-13
1.35824e-14
-5.60255e-15
7.15871e-16
-6.50514e-17
-2.50455e-18
-1.01046e-17
-3.12415e-15
1.39383e-13
2.40676e-13
-1.62085e-12
-1.46071e-11
-3.89974e-11
-4.24792e-11
-4.15859e-11
-3.62904e-11
-3.02984e-11
-2.20489e-11
-4.84268e-12
6.73262e-13
-2.33399e-14
5.31156e-16
-5.53824e-18
1.07135e-17
1.35837e-17
-7.01792e-18
-2.27565e-15
9.91574e-14
2.82694e-13
-9.32215e-13
-1.40303e-11
-4.19531e-11
-5.01787e-11
-5.12997e-11
-4.44474e-11
-3.41276e-11
-1.72409e-11
-1.97331e-12
5.02792e-13
-2.37756e-14
1.45281e-15
-1.01679e-16
7.33752e-18
4.2675e-18
5.73078e-18
-1.16938e-15
7.56632e-14
2.62187e-13
-2.40225e-13
-1.1476e-11
-3.91994e-11
-5.25579e-11
-5.78362e-11
-5.17882e-11
-3.73586e-11
-1.1331e-11
4.65946e-13
3.22723e-13
-1.19005e-14
5.89465e-16
-2.58616e-17
-1.25559e-19
9.26858e-19
-9.54147e-19
-7.07025e-16
6.50114e-14
2.17337e-13
2.21909e-13
-8.14209e-12
-3.21976e-11
-4.90067e-11
-5.93383e-11
-5.62792e-11
-3.87143e-11
-7.85135e-12
1.35209e-12
1.39889e-13
-3.21854e-15
3.3143e-17
4.70055e-18
-6.14757e-19
9.81414e-19
1.2122e-18
-4.07486e-16
4.94579e-14
1.56172e-13
4.61416e-13
-4.97398e-12
-2.33498e-11
-4.08051e-11
-5.53943e-11
-5.68821e-11
-3.77164e-11
-6.32657e-12
1.10252e-12
1.63265e-14
-2.03004e-16
-2.97395e-17
1.44348e-18
1.34975e-19
2.43075e-19
1.32956e-19
-1.64818e-16
2.76303e-14
1.06782e-13
5.10746e-13
-2.57516e-12
-1.47597e-11
-3.00402e-11
-4.6633e-11
-5.32877e-11
-3.56568e-11
-5.35693e-12
6.04876e-13
-1.27034e-14
1.92972e-16
1.48677e-18
-6.40606e-19
7.1687e-20
3.79977e-20
-1.07477e-19
-1.97824e-17
8.4656e-15
7.24854e-14
1.62871e-13
-1.63175e-12
-9.05123e-12
-2.04403e-11
-3.60579e-11
-4.64668e-11
-2.68196e-11
-3.91167e-12
2.64486e-13
-4.29636e-15
5.43478e-17
1.87051e-18
2.52404e-20
-3.45021e-20
-1.90947e-20
-2.03951e-20
4.39495e-18
9.62973e-16
6.0157e-14
1.53302e-12
1.87067e-12
-5.53324e-13
-7.76386e-12
-2.05481e-11
-3.31963e-11
-1.33572e-11
-1.34414e-12
8.89609e-14
5.88106e-16
-7.6285e-18
-6.21733e-19
6.10419e-20
-9.63746e-22
-5.03822e-21
1.36401e-20
6.85284e-19
-7.64758e-16
-4.59234e-13
-4.94983e-12
-1.22815e-11
-1.30154e-11
-2.18544e-11
-2.70321e-11
-3.66781e-11
-2.37534e-12
4.25599e-13
3.38528e-15
1.1338e-16
-1.25259e-18
3.98888e-21
-1.5665e-20
2.38733e-21
1.88981e-21
1.06886e-21
-5.73058e-19
2.31888e-16
3.85997e-15
-4.7183e-15
5.69579e-14
-5.17639e-14
5.21063e-13
1.28358e-12
4.25917e-13
1.59123e-12
1.94176e-12
4.75103e-13
1.45887e-12
3.68647e-13
1.08649e-12
1.26468e-12
3.45977e-13
1.28457e-12
3.89985e-13
1.23986e-12
1.40161e-12
4.01326e-13
6.1935e-14
-8.66798e-13
4.40734e-13
4.9373e-13
5.03417e-13
6.66893e-13
6.52931e-13
6.21768e-13
6.5637e-13
6.90666e-13
7.16635e-13
5.77144e-12
7.86935e-13
8.02275e-13
8.2067e-13
8.24701e-13
8.2121e-13
8.41553e-13
7.87066e-13
1.03694e-12
1.12711e-11
1.51659e-12
1.39995e-12
8.24978e-12
1.23586e-12
1.20025e-12
1.14984e-12
6.08131e-12
8.00757e-13
8.38825e-13
1.28516e-12
-3.0497e-12
-3.9086e-12
-4.83274e-12
-2.56951e-11
-2.39862e-12
-2.8831e-12
-2.93642e-12
-1.84912e-11
-2.94634e-12
1.12803e-12
8.888e-13
7.67355e-13
5.67114e-13
-2.02639e-13
-1.87271e-13
1.06823e-11
2.70865e-11
1.83548e-11
-3.59275e-12
2.00557e-12
4.60078e-13
-8.45395e-13
2.48428e-13
3.84269e-12
1.0179e-11
1.60183e-11
1.29299e-11
-5.46385e-12
9.60301e-13
9.11244e-13
8.25397e-13
2.82243e-13
-7.48828e-13
6.41736e-13
1.37535e-11
2.89858e-11
1.77153e-11
-8.91217e-13
3.58482e-12
-9.83473e-15
-6.48606e-13
2.45243e-13
2.65077e-12
5.81938e-12
1.11598e-11
1.50146e-11
3.60762e-12
4.75918e-13
2.87486e-13
3.76024e-14
-9.85377e-13
-1.57312e-12
2.24733e-12
1.71029e-11
3.03779e-11
1.73005e-11
2.21658e-12
4.52498e-12
-4.59234e-13
-4.16397e-13
6.34296e-14
6.66847e-13
1.07341e-12
4.90494e-12
1.16214e-11
1.2856e-11
-1.06982e-14
-7.68679e-13
-1.28399e-12
-2.39202e-12
-1.81823e-12
4.44002e-12
1.98395e-11
3.09775e-11
1.71181e-11
5.22487e-12
4.62734e-12
-7.25367e-13
-2.32836e-13
6.02273e-14
-2.25468e-14
-3.60548e-13
1.16625e-12
8.48422e-12
1.31699e-11
-2.2504e-13
-1.43307e-12
-2.03627e-12
-2.66378e-12
-9.90258e-13
6.63793e-12
2.14096e-11
3.08049e-11
1.72011e-11
8.17157e-12
4.01475e-12
-8.01973e-13
-1.05472e-13
4.2369e-14
-3.61724e-15
1.78215e-14
-2.97862e-13
4.48988e-12
1.26016e-11
-1.53772e-13
-1.24403e-12
-1.53374e-12
-1.29056e-12
8.56673e-13
8.55018e-12
2.19065e-11
3.00804e-11
1.74711e-11
1.07921e-11
3.07272e-12
-7.52798e-13
-1.89534e-14
1.82914e-14
-8.65626e-16
1.29779e-14
7.69253e-14
3.02745e-13
8.33378e-12
3.30317e-14
-3.80277e-13
1.8932e-13
1.66482e-12
3.6505e-12
1.04442e-11
2.18655e-11
2.90412e-11
1.74304e-11
1.19809e-11
2.03526e-12
-6.2483e-13
2.98414e-14
4.09644e-15
-3.47622e-15
-2.6556e-15
-5.76377e-15
-2.40497e-14
2.21664e-13
1.59103e-13
7.10964e-13
2.83447e-12
6.23983e-12
7.64678e-12
1.29488e-11
2.19221e-11
2.78549e-11
1.67516e-11
1.12002e-11
9.14564e-13
-4.47659e-13
4.37649e-14
-2.27393e-15
3.02076e-16
-6.96249e-18
-2.40027e-15
2.71061e-14
-1.4838e-13
1.46567e-13
1.62725e-12
6.14167e-12
1.28089e-11
1.34457e-11
1.68331e-11
2.26954e-11
2.67584e-11
1.64234e-11
9.43396e-12
-1.20408e-13
-2.60167e-13
3.49451e-14
-3.74441e-15
3.48736e-16
3.84961e-16
1.35275e-15
8.75385e-15
-2.6188e-13
2.31047e-14
2.11431e-12
9.76308e-12
2.15396e-11
2.16397e-11
2.28567e-11
2.49258e-11
2.63557e-11
1.84752e-11
7.94031e-12
-7.10365e-13
-1.07032e-13
1.86272e-14
-2.27696e-15
1.31095e-16
-1.73491e-16
-1.98192e-16
9.38175e-15
-2.00033e-13
-1.30417e-13
2.09114e-12
1.2959e-11
3.12434e-11
3.19571e-11
3.1371e-11
2.94064e-11
2.74408e-11
2.18584e-11
6.75489e-12
-8.0701e-13
-1.35824e-14
5.60255e-15
-7.15871e-16
6.50514e-17
2.50455e-18
1.01046e-17
3.12415e-15
-1.39383e-13
-2.40676e-13
1.62085e-12
1.46071e-11
3.89974e-11
4.24792e-11
4.15859e-11
3.62904e-11
3.02984e-11
2.20489e-11
4.84268e-12
-6.73262e-13
2.33399e-14
-5.31156e-16
5.53824e-18
-1.07135e-17
-1.35837e-17
7.01792e-18
2.27565e-15
-9.91574e-14
-2.82694e-13
9.32215e-13
1.40303e-11
4.19531e-11
5.01787e-11
5.12997e-11
4.44474e-11
3.41276e-11
1.72409e-11
1.97331e-12
-5.02792e-13
2.37756e-14
-1.45281e-15
1.01679e-16
-7.33752e-18
-4.2675e-18
-5.73078e-18
1.16938e-15
-7.56632e-14
-2.62187e-13
2.40225e-13
1.1476e-11
3.91994e-11
5.25579e-11
5.78362e-11
5.17882e-11
3.73586e-11
1.1331e-11
-4.65946e-13
-3.22723e-13
1.19005e-14
-5.89465e-16
2.58616e-17
1.25559e-19
-9.26858e-19
9.54147e-19
7.07025e-16
-6.50114e-14
-2.17337e-13
-2.21909e-13
8.14209e-12
3.21976e-11
4.90067e-11
5.93383e-11
5.62792e-11
3.87143e-11
7.85135e-12
-1.35209e-12
-1.39889e-13
3.21854e-15
-3.3143e-17
-4.70055e-18
6.14757e-19
-9.81414e-19
-1.2122e-18
4.07486e-16
-4.94579e-14
-1.56172e-13
-4.61416e-13
4.97398e-12
2.33498e-11
4.08051e-11
5.53943e-11
5.68821e-11
3.77164e-11
6.32657e-12
-1.10252e-12
-1.63265e-14
2.03004e-16
2.97395e-17
-1.44348e-18
-1.34975e-19
-2.43075e-19
-1.32956e-19
1.64818e-16
-2.76303e-14
-1.06782e-13
-5.10746e-13
2.57516e-12
1.47597e-11
3.00402e-11
4.6633e-11
5.32877e-11
3.56568e-11
5.35693e-12
-6.04876e-13
1.27034e-14
-1.92972e-16
-1.48677e-18
6.40606e-19
-7.1687e-20
-3.79977e-20
1.07477e-19
1.97824e-17
-8.4656e-15
-7.24854e-14
-1.62871e-13
1.63175e-12
9.05123e-12
2.04403e-11
3.60579e-11
4.64668e-11
2.68196e-11
3.91167e-12
-2.64486e-13
4.29636e-15
-5.43478e-17
-1.87051e-18
-2.52404e-20
3.45021e-20
1.90947e-20
2.03951e-20
-4.39495e-18
-9.62973e-16
-6.0157e-14
-1.53302e-12
-1.87067e-12
5.53324e-13
7.76386e-12
2.05481e-11
3.31963e-11
1.33572e-11
1.34414e-12
-8.89609e-14
-5.88106e-16
7.6285e-18
6.21733e-19
-6.10419e-20
9.63746e-22
5.03822e-21
-1.36401e-20
-6.85284e-19
7.64758e-16
4.59234e-13
4.94983e-12
1.22815e-11
1.30154e-11
2.18544e-11
2.70321e-11
3.66781e-11
2.37534e-12
-4.25599e-13
-3.38528e-15
-1.1338e-16
1.25259e-18
-3.98888e-21
1.5665e-20
-2.38733e-21
-1.88981e-21
-1.06886e-21
5.73058e-19
-2.31888e-16
)
;
    }
    fineplugLeft
    {
        type            cyclicAMI;
        value           nonuniform List<scalar> 
20
(
-600.287
-992.23
-982.111
-963.713
-968.158
-974.567
-980.926
-986.141
-991.03
-995.265
-1001.19
-1000.08
-1020.26
-1028.04
-1033.19
-1037.42
-1046.58
-1092.34
-1096.45
-710.006
)
;
    }
    symmetryWallLeft
    {
        type            cyclicAMI;
        value           nonuniform List<scalar> 
20
(
-726.782
2434.48
9295.79
13705.1
9691.71
3745.03
1981.3
5408.42
9875.36
12106
6269.5
-8007.02
-13925.7
-12240.2
-12253.3
-14111.6
-12891.1
-13279.1
-9673.28
3095.68
)
;
    }
    inletOutletLeft
    {
        type            cyclicAMI;
        value           nonuniform List<scalar> 
20
(
710.006
1096.45
1092.34
1046.58
1037.42
1033.19
1028.04
1020.26
1000.08
1001.19
995.265
991.03
986.141
980.926
974.567
968.158
963.713
982.111
992.23
600.287
)
;
    }
    inletLeft
    {
        type            calculated;
        value           uniform -975;
    }
    inletWallsLeft
    {
        type            calculated;
        value           uniform 0;
    }
    inletFacesLeft
    {
        type            calculated;
        value           nonuniform List<scalar> 
800
(
-8.53121e-15
4.7312e-13
4.14796e-13
3.61095e-13
3.82925e-13
5.39976e-13
4.23998e-13
3.62527e-13
3.73524e-13
3.79931e-13
3.65634e-13
3.57613e-13
3.70626e-13
3.57131e-13
3.74657e-13
3.65214e-13
3.56635e-13
3.40726e-13
3.26502e-13
6.58956e-13
-5.53165e-15
3.37591e-13
2.77503e-13
2.43137e-13
2.82243e-13
4.75178e-13
2.86879e-13
2.63847e-13
2.78011e-13
2.77942e-13
2.81041e-13
2.94921e-13
3.10066e-13
2.66917e-13
3.02469e-13
3.01719e-13
2.84583e-13
2.66382e-13
2.49975e-13
6.02741e-13
2.08382e-16
9.18627e-14
6.20272e-14
5.37194e-14
6.92698e-14
3.06148e-13
1.61928e-13
1.33746e-13
1.30108e-13
1.34835e-13
1.53814e-13
1.51207e-13
1.60105e-13
1.30809e-13
1.46053e-13
1.55262e-13
1.3832e-13
1.35712e-13
1.26779e-13
3.3914e-13
1.1578e-16
-3.53463e-14
-2.45384e-14
-2.11669e-14
-2.90639e-14
1.35876e-13
1.17969e-13
9.79851e-14
1.09313e-13
9.449e-14
1.18749e-13
9.64343e-14
1.1326e-13
9.53831e-14
1.06838e-13
9.4607e-14
1.10692e-13
9.87794e-14
9.91907e-14
2.25708e-13
-5.05906e-17
8.30619e-15
6.45498e-15
5.36862e-15
6.90394e-15
-4.66544e-14
-3.61018e-14
-3.13314e-14
-3.18451e-14
-3.23476e-14
-3.52732e-14
-3.46507e-14
-3.65688e-14
-3.10116e-14
-3.44955e-14
-3.57577e-14
-3.20208e-14
-3.15369e-14
-3.21163e-14
-7.15167e-14
1.6576e-17
-1.89814e-15
-1.60549e-15
-1.39794e-15
-1.56604e-15
1.09867e-14
8.208e-15
7.77142e-15
7.29758e-15
8.13045e-15
7.89621e-15
8.58908e-15
8.7488e-15
7.51667e-15
8.35114e-15
8.75475e-15
7.47053e-15
7.58832e-15
8.38232e-15
1.50542e-14
-5.1286e-18
4.38248e-16
3.83889e-16
3.49476e-16
3.49849e-16
-2.48341e-15
-1.87459e-15
-1.8414e-15
-1.74928e-15
-1.96802e-15
-1.81198e-15
-1.98894e-15
-1.98596e-15
-1.85536e-15
-1.96091e-15
-1.96499e-15
-1.80089e-15
-1.78916e-15
-2.11112e-15
-3.08193e-15
1.51644e-18
-1.02262e-16
-8.91213e-17
-8.21288e-17
-7.77051e-17
5.61526e-16
4.3846e-16
4.33088e-16
4.24432e-16
4.59752e-16
4.27591e-16
4.46061e-16
4.41019e-16
4.47688e-16
4.60032e-16
4.39877e-16
4.30301e-16
4.21787e-16
5.11721e-16
6.4125e-16
-4.26671e-19
2.37944e-17
2.01838e-17
1.86434e-17
1.77635e-17
-1.299e-16
-1.04713e-16
-1.04146e-16
-1.0248e-16
-1.07297e-16
-1.02564e-16
-1.00926e-16
-9.98832e-17
-1.04189e-16
-1.08446e-16
-1.02105e-16
-1.02669e-16
-9.94016e-17
-1.21375e-16
-1.37283e-16
1.15094e-19
-5.49164e-18
-4.51989e-18
-4.2206e-18
-4.21983e-18
3.0437e-17
2.4969e-17
2.52192e-17
2.45781e-17
2.53558e-17
2.44529e-17
2.33749e-17
2.33145e-17
2.38217e-17
2.536e-17
2.44229e-17
2.46034e-17
2.33375e-17
2.84121e-17
3.03211e-17
-3.00861e-20
1.26302e-18
1.01907e-18
9.71498e-19
1.0233e-18
-7.11664e-18
-5.90511e-18
-6.02915e-18
-5.87533e-18
-6.00198e-18
-5.74275e-18
-5.47736e-18
-5.54419e-18
-5.4882e-18
-5.86224e-18
-5.87992e-18
-5.87603e-18
-5.47065e-18
-6.60094e-18
-6.83911e-18
7.63758e-21
-2.91307e-19
-2.34739e-19
-2.28062e-19
-2.48519e-19
1.6528e-18
1.39164e-18
1.41798e-18
1.40071e-18
1.40821e-18
1.33674e-18
1.28061e-18
1.32396e-18
1.2917e-18
1.34773e-18
1.40094e-18
1.38832e-18
1.28231e-18
1.52952e-18
1.55085e-18
-1.86756e-21
6.75894e-20
5.54708e-20
5.41575e-20
5.99569e-20
-3.82548e-19
-3.27589e-19
-3.31383e-19
-3.32076e-19
-3.2753e-19
-3.11722e-19
-2.98231e-19
-3.1546e-19
-3.09468e-19
-3.10427e-19
-3.28994e-19
-3.24871e-19
-3.00416e-19
-3.54955e-19
-3.49695e-19
4.33512e-22
-1.57771e-20
-1.3345e-20
-1.28839e-20
-1.43512e-20
8.87763e-20
7.68919e-20
7.79375e-20
7.80462e-20
7.60241e-20
7.32601e-20
6.97308e-20
7.50747e-20
7.45145e-20
7.19684e-20
7.66276e-20
7.5795e-20
7.03226e-20
8.26997e-20
7.81367e-20
-9.386e-23
3.70117e-21
3.22557e-21
3.05521e-21
3.40552e-21
-2.07741e-20
-1.79748e-20
-1.85452e-20
-1.81755e-20
-1.77311e-20
-1.73334e-20
-1.64941e-20
-1.78884e-20
-1.78454e-20
-1.68296e-20
-1.7886e-20
-1.77409e-20
-1.64607e-20
-1.93453e-20
-1.73234e-20
1.85524e-23
-8.71755e-22
-7.75092e-22
-7.2218e-22
-7.98675e-22
4.91707e-21
4.19402e-21
4.44328e-21
4.20505e-21
4.16931e-21
4.11105e-21
3.94858e-21
4.26487e-21
4.23772e-21
3.97177e-21
4.21433e-21
4.17674e-21
3.85869e-21
4.53764e-21
3.82278e-21
-3.23862e-24
2.06043e-22
1.84557e-22
1.70677e-22
1.84072e-22
-1.17596e-21
-9.81413e-22
-1.06148e-21
-9.71043e-22
-9.87868e-22
-9.74485e-22
-9.50929e-22
-1.01421e-21
-1.0003e-21
-9.44842e-22
-1.0025e-21
-9.88367e-22
-9.07535e-22
-1.06618e-21
-8.42542e-22
4.66281e-25
-4.88009e-23
-4.36403e-23
-4.04426e-23
-4.14285e-23
2.82485e-22
2.31161e-22
2.50736e-22
2.24756e-22
2.3492e-22
2.30585e-22
2.2849e-22
2.39739e-22
2.35408e-22
2.25658e-22
2.39244e-22
2.34395e-22
2.1432e-22
2.50825e-22
1.86082e-22
-4.11576e-26
1.168e-23
1.03966e-23
9.71917e-24
9.11764e-24
-6.83974e-23
-5.5401e-23
-5.89374e-23
-5.28295e-23
-5.6404e-23
-5.50514e-23
-5.50368e-23
-5.68377e-23
-5.58788e-23
-5.43946e-23
-5.74389e-23
-5.60856e-23
-5.1326e-23
-5.96342e-23
-4.15926e-23
-1.70716e-27
-2.33797e-24
-2.08397e-24
-1.97156e-24
-1.63014e-24
1.36995e-23
1.12174e-23
1.14853e-23
1.05057e-23
1.13155e-23
1.10414e-23
1.10266e-23
1.12669e-23
1.11192e-23
1.09474e-23
1.14743e-23
1.12464e-23
1.03846e-23
1.19765e-23
7.85221e-24
8.53121e-15
-4.7312e-13
-4.14796e-13
-3.61095e-13
-3.82925e-13
-5.39976e-13
-4.23998e-13
-3.62527e-13
-3.73524e-13
-3.79931e-13
-3.65634e-13
-3.57613e-13
-3.70626e-13
-3.57131e-13
-3.74657e-13
-3.65214e-13
-3.56635e-13
-3.40726e-13
-3.26502e-13
-6.58956e-13
5.53165e-15
-3.37591e-13
-2.77503e-13
-2.43137e-13
-2.82243e-13
-4.75178e-13
-2.86879e-13
-2.63847e-13
-2.78011e-13
-2.77942e-13
-2.81041e-13
-2.94921e-13
-3.10066e-13
-2.66917e-13
-3.02469e-13
-3.01719e-13
-2.84583e-13
-2.66382e-13
-2.49975e-13
-6.02741e-13
-2.08382e-16
-9.18627e-14
-6.20272e-14
-5.37194e-14
-6.92698e-14
-3.06148e-13
-1.61928e-13
-1.33746e-13
-1.30108e-13
-1.34835e-13
-1.53814e-13
-1.51207e-13
-1.60105e-13
-1.30809e-13
-1.46053e-13
-1.55262e-13
-1.3832e-13
-1.35712e-13
-1.26779e-13
-3.3914e-13
-1.1578e-16
3.53463e-14
2.45384e-14
2.11669e-14
2.90639e-14
-1.35876e-13
-1.17969e-13
-9.79851e-14
-1.09313e-13
-9.449e-14
-1.18749e-13
-9.64343e-14
-1.1326e-13
-9.53831e-14
-1.06838e-13
-9.4607e-14
-1.10692e-13
-9.87794e-14
-9.91907e-14
-2.25708e-13
5.05906e-17
-8.30619e-15
-6.45498e-15
-5.36862e-15
-6.90394e-15
4.66544e-14
3.61018e-14
3.13314e-14
3.18451e-14
3.23476e-14
3.52732e-14
3.46507e-14
3.65688e-14
3.10116e-14
3.44955e-14
3.57577e-14
3.20208e-14
3.15369e-14
3.21163e-14
7.15167e-14
-1.6576e-17
1.89814e-15
1.60549e-15
1.39794e-15
1.56604e-15
-1.09867e-14
-8.208e-15
-7.77142e-15
-7.29758e-15
-8.13045e-15
-7.89621e-15
-8.58908e-15
-8.7488e-15
-7.51667e-15
-8.35114e-15
-8.75475e-15
-7.47053e-15
-7.58832e-15
-8.38232e-15
-1.50542e-14
5.1286e-18
-4.38248e-16
-3.83889e-16
-3.49476e-16
-3.49849e-16
2.48341e-15
1.87459e-15
1.8414e-15
1.74928e-15
1.96802e-15
1.81198e-15
1.98894e-15
1.98596e-15
1.85536e-15
1.96091e-15
1.96499e-15
1.80089e-15
1.78916e-15
2.11112e-15
3.08193e-15
-1.51644e-18
1.02262e-16
8.91213e-17
8.21288e-17
7.77051e-17
-5.61526e-16
-4.3846e-16
-4.33088e-16
-4.24432e-16
-4.59752e-16
-4.27591e-16
-4.46061e-16
-4.41019e-16
-4.47688e-16
-4.60032e-16
-4.39877e-16
-4.30301e-16
-4.21787e-16
-5.11721e-16
-6.4125e-16
4.26671e-19
-2.37944e-17
-2.01838e-17
-1.86434e-17
-1.77635e-17
1.299e-16
1.04713e-16
1.04146e-16
1.0248e-16
1.07297e-16
1.02564e-16
1.00926e-16
9.98832e-17
1.04189e-16
1.08446e-16
1.02105e-16
1.02669e-16
9.94016e-17
1.21375e-16
1.37283e-16
-1.15094e-19
5.49164e-18
4.51989e-18
4.2206e-18
4.21983e-18
-3.0437e-17
-2.4969e-17
-2.52192e-17
-2.45781e-17
-2.53558e-17
-2.44529e-17
-2.33749e-17
-2.33145e-17
-2.38217e-17
-2.536e-17
-2.44229e-17
-2.46034e-17
-2.33375e-17
-2.84121e-17
-3.03211e-17
3.00861e-20
-1.26302e-18
-1.01907e-18
-9.71498e-19
-1.0233e-18
7.11664e-18
5.90511e-18
6.02915e-18
5.87533e-18
6.00198e-18
5.74275e-18
5.47736e-18
5.54419e-18
5.4882e-18
5.86224e-18
5.87992e-18
5.87603e-18
5.47065e-18
6.60094e-18
6.83911e-18
-7.63758e-21
2.91307e-19
2.34739e-19
2.28062e-19
2.48519e-19
-1.6528e-18
-1.39164e-18
-1.41798e-18
-1.40071e-18
-1.40821e-18
-1.33674e-18
-1.28061e-18
-1.32396e-18
-1.2917e-18
-1.34773e-18
-1.40094e-18
-1.38832e-18
-1.28231e-18
-1.52952e-18
-1.55085e-18
1.86756e-21
-6.75894e-20
-5.54708e-20
-5.41575e-20
-5.99569e-20
3.82548e-19
3.27589e-19
3.31383e-19
3.32076e-19
3.2753e-19
3.11722e-19
2.98231e-19
3.1546e-19
3.09468e-19
3.10427e-19
3.28994e-19
3.24871e-19
3.00416e-19
3.54955e-19
3.49695e-19
-4.33512e-22
1.57771e-20
1.3345e-20
1.28839e-20
1.43512e-20
-8.87763e-20
-7.68919e-20
-7.79375e-20
-7.80462e-20
-7.60241e-20
-7.32601e-20
-6.97308e-20
-7.50747e-20
-7.45145e-20
-7.19684e-20
-7.66276e-20
-7.5795e-20
-7.03226e-20
-8.26997e-20
-7.81367e-20
9.386e-23
-3.70117e-21
-3.22557e-21
-3.05521e-21
-3.40552e-21
2.07741e-20
1.79748e-20
1.85452e-20
1.81755e-20
1.77311e-20
1.73334e-20
1.64941e-20
1.78884e-20
1.78454e-20
1.68296e-20
1.7886e-20
1.77409e-20
1.64607e-20
1.93453e-20
1.73234e-20
-1.85524e-23
8.71755e-22
7.75092e-22
7.2218e-22
7.98675e-22
-4.91707e-21
-4.19402e-21
-4.44328e-21
-4.20505e-21
-4.16931e-21
-4.11105e-21
-3.94858e-21
-4.26487e-21
-4.23772e-21
-3.97177e-21
-4.21433e-21
-4.17674e-21
-3.85869e-21
-4.53764e-21
-3.82278e-21
3.23862e-24
-2.06043e-22
-1.84557e-22
-1.70677e-22
-1.84072e-22
1.17596e-21
9.81413e-22
1.06148e-21
9.71043e-22
9.87868e-22
9.74485e-22
9.50929e-22
1.01421e-21
1.0003e-21
9.44842e-22
1.0025e-21
9.88367e-22
9.07535e-22
1.06618e-21
8.42542e-22
-4.66281e-25
4.88009e-23
4.36403e-23
4.04426e-23
4.14285e-23
-2.82485e-22
-2.31161e-22
-2.50736e-22
-2.24756e-22
-2.3492e-22
-2.30585e-22
-2.2849e-22
-2.39739e-22
-2.35408e-22
-2.25658e-22
-2.39244e-22
-2.34395e-22
-2.1432e-22
-2.50825e-22
-1.86082e-22
4.11576e-26
-1.168e-23
-1.03966e-23
-9.71917e-24
-9.11764e-24
6.83974e-23
5.5401e-23
5.89374e-23
5.28295e-23
5.6404e-23
5.50514e-23
5.50368e-23
5.68377e-23
5.58788e-23
5.43946e-23
5.74389e-23
5.60856e-23
5.1326e-23
5.96342e-23
4.15926e-23
1.70716e-27
2.33797e-24
2.08397e-24
1.97156e-24
1.63014e-24
-1.36995e-23
-1.12174e-23
-1.14853e-23
-1.05057e-23
-1.13155e-23
-1.10414e-23
-1.10266e-23
-1.12669e-23
-1.11192e-23
-1.09474e-23
-1.14743e-23
-1.12464e-23
-1.03846e-23
-1.19765e-23
-7.85221e-24
)
;
    }
    fineWallsRight
    {
        type            calculated;
        value           uniform 0;
    }
    outletWallRight
    {
        type            calculated;
        value           uniform 0;
    }
    fineplugRight
    {
        type            cyclicAMI;
        value           nonuniform List<scalar> 
20
(
-262.091
-389.25
-492.88
-570.647
-641.783
-709.882
-777.405
-845.757
-906.303
-972.335
-1044.18
-1115.97
-1187.91
-1262.31
-1348.48
-1475.24
-1659.22
-1812.45
-1592.49
-433.508
)
;
    }
    fineFrontAndBackRight
    {
        type            calculated;
        value           nonuniform List<scalar> 
880
(
-3.04515e-12
-1.8415e-11
-2.9606e-12
-2.99022e-12
-2.8993e-12
-1.84324e-11
-3.06851e-12
-2.96451e-12
-3.17178e-12
-5.68019e-12
-2.03361e-13
-2.97889e-13
-2.05421e-12
-4.70191e-13
-5.54237e-13
-6.40981e-13
-5.03231e-12
-9.32869e-13
-1.02191e-12
-6.29992e-12
-3.54108e-13
-3.23697e-13
-2.94582e-13
-2.43109e-13
-1.99093e-13
-1.51393e-13
-1.05362e-13
-6.65254e-14
-1.01418e-12
-2.9884e-14
3.71938e-15
2.50719e-14
4.75605e-14
6.82974e-14
8.66815e-14
1.00389e-13
1.17771e-13
1.286e-13
4.93397e-13
9.88012e-14
7.70377e-14
-2.13029e-12
-5.16759e-12
-2.26311e-12
-1.17893e-11
-4.05257e-12
-1.9101e-11
-1.83465e-11
-5.9354e-12
-2.29299e-11
-6.31676e-12
-2.57604e-11
-2.14859e-11
-6.61804e-12
-2.5614e-11
-1.91093e-11
-4.02912e-12
-1.14126e-11
-4.28848e-12
5.40384e-12
5.24435e-13
7.3952e-13
-4.20458e-12
-5.24524e-12
-3.17643e-12
-2.93664e-12
-1.36105e-11
-2.63173e-11
-3.64201e-11
-4.21699e-11
-4.28556e-11
-3.99695e-11
-3.55834e-11
-3.18012e-11
-3.16916e-11
-3.21468e-11
-3.678e-11
-2.97979e-11
-2.72054e-12
8.18028e-13
-4.03701e-12
-8.95513e-12
-8.29683e-12
-4.97866e-12
-8.76646e-12
-2.88919e-11
-4.23653e-11
-4.72514e-11
-4.66782e-11
-4.24472e-11
-3.62258e-11
-2.95058e-11
-2.48888e-11
-2.47093e-11
-2.5661e-11
-2.42445e-11
-3.71628e-11
-1.84689e-11
3.56749e-13
-4.97141e-12
-1.00532e-11
-8.99097e-12
-6.50113e-12
-1.45617e-11
-3.30435e-11
-4.36897e-11
-4.66778e-11
-4.35526e-11
-3.61984e-11
-2.82428e-11
-2.23744e-11
-2.03712e-11
-2.17243e-11
-2.21005e-11
-1.80961e-11
-3.17402e-11
-2.70206e-11
4.85055e-13
-4.51732e-12
-1.16072e-11
-1.24603e-11
-1.24348e-11
-1.94501e-11
-3.35055e-11
-4.36808e-11
-4.48537e-11
-3.63696e-11
-2.63349e-11
-1.89686e-11
-1.6289e-11
-1.79421e-11
-2.05286e-11
-1.97698e-11
-1.60057e-11
-2.54882e-11
-2.93573e-11
1.01986e-12
-2.96335e-12
-1.16535e-11
-1.44634e-11
-1.63366e-11
-2.22223e-11
-3.41772e-11
-4.37956e-11
-3.92589e-11
-2.45655e-11
-1.47183e-11
-1.0574e-11
-1.21712e-11
-1.66139e-11
-1.93807e-11
-1.76072e-11
-1.4303e-11
-2.05759e-11
-2.91995e-11
9.37069e-13
-1.04713e-12
-9.52602e-12
-1.411e-11
-1.70752e-11
-2.35094e-11
-3.52386e-11
-4.13938e-11
-2.89176e-11
-1.09185e-11
-4.47167e-12
-4.64832e-12
-9.45471e-12
-1.49384e-11
-1.75008e-11
-1.57911e-11
-1.33345e-11
-1.71644e-11
-2.80196e-11
9.32579e-13
4.27427e-13
-6.32602e-12
-1.21716e-11
-1.63729e-11
-2.38618e-11
-3.4871e-11
-3.48587e-11
-1.57982e-11
1.19732e-12
3.14813e-12
-1.00354e-13
-6.01191e-12
-1.16491e-11
-1.49336e-11
-1.46278e-11
-1.35771e-11
-1.51628e-11
-2.70416e-11
9.61836e-13
1.27351e-12
-3.14385e-12
-9.51587e-12
-1.49669e-11
-2.30189e-11
-3.17093e-11
-2.51964e-11
-3.35392e-12
1.05974e-11
9.67954e-12
5.63216e-12
-9.29251e-14
-6.50867e-12
-1.20405e-11
-1.40021e-11
-1.43374e-11
-1.42465e-11
-2.66776e-11
9.78822e-13
1.70847e-12
-7.52509e-13
-6.60496e-12
-1.28875e-11
-2.07699e-11
-2.61966e-11
-1.52208e-11
6.30401e-12
1.85831e-11
1.75611e-11
1.40303e-11
8.22888e-12
-2.48172e-13
-9.10594e-12
-1.35996e-11
-1.5147e-11
-1.41085e-11
-2.70121e-11
9.77659e-13
1.94833e-12
6.26261e-13
-3.90215e-12
-1.0261e-11
-1.74962e-11
-1.98775e-11
-6.86045e-12
1.38268e-11
2.69157e-11
2.73349e-11
2.39121e-11
1.7114e-11
6.11768e-12
-6.11615e-12
-1.30366e-11
-1.61493e-11
-1.73626e-11
-2.74505e-11
9.65771e-13
2.06999e-12
1.25916e-12
-1.80313e-12
-7.46998e-12
-1.38928e-11
-1.40439e-11
-3.34203e-13
2.02996e-11
3.53251e-11
3.63348e-11
3.16292e-11
2.41192e-11
1.20684e-11
-2.65651e-12
-1.19922e-11
-1.66037e-11
-2.44298e-11
-2.67693e-11
9.49689e-13
2.09324e-12
1.4738e-12
-5.07589e-13
-4.93865e-12
-1.05297e-11
-9.24784e-12
4.78138e-12
2.58285e-11
4.12653e-11
3.90267e-11
3.24812e-11
2.73706e-11
1.77459e-11
2.01352e-12
-1.02149e-11
-1.50908e-11
-2.86571e-11
-2.27988e-11
9.31869e-13
2.03635e-12
1.49498e-12
1.20353e-13
-2.94582e-12
-7.6923e-12
-5.49182e-12
8.8776e-12
2.96339e-11
4.07329e-11
2.94807e-11
2.35694e-11
2.62669e-11
2.3307e-11
8.53153e-12
-7.38196e-12
-1.21079e-11
-2.13077e-11
-1.93656e-11
9.13192e-13
1.92039e-12
1.44684e-12
3.58729e-13
-1.57848e-12
-5.45059e-12
-2.52424e-12
1.22761e-11
3.0912e-11
3.14204e-11
9.20997e-12
8.71975e-12
2.19308e-11
2.80288e-11
1.65476e-11
-2.72797e-12
-1.05723e-11
-9.8666e-12
-1.18719e-11
8.96725e-13
1.75812e-12
1.37261e-12
4.18625e-13
-7.68204e-13
-3.77495e-12
-7.66692e-14
1.52248e-11
2.97859e-11
1.67711e-11
-7.19416e-12
-1.51161e-12
1.6531e-11
2.98609e-11
2.37003e-11
4.22616e-12
-1.00218e-11
-9.39642e-12
-1.10463e-11
8.88534e-13
1.54359e-12
1.24572e-12
4.01564e-13
-3.6389e-13
-2.59739e-12
2.01146e-12
1.77906e-11
2.72254e-11
3.75112e-12
-1.05076e-11
-2.49162e-12
1.06225e-11
2.57564e-11
2.59699e-11
1.18198e-11
-7.11902e-12
-9.92196e-12
-1.02872e-11
8.94907e-13
1.26072e-12
1.02639e-12
3.37483e-13
-2.18722e-13
-1.82498e-12
3.80733e-12
1.99447e-11
2.45033e-11
-2.80108e-12
-7.54934e-12
-3.90754e-13
3.52865e-12
1.41012e-11
2.05183e-11
1.70419e-11
-1.42627e-12
-9.58638e-12
-6.19487e-12
9.19466e-13
9.39604e-13
7.36787e-13
2.40477e-13
-2.2338e-13
-1.32819e-12
5.35972e-12
2.17334e-11
2.22348e-11
-5.1814e-12
-4.60141e-12
6.34217e-13
-6.52548e-13
1.03051e-12
1.00857e-11
1.79813e-11
6.34298e-12
-1.05448e-11
-5.88519e-12
9.60715e-13
7.00229e-13
4.99665e-13
1.82185e-13
-2.4453e-13
-9.5388e-13
6.79181e-12
2.33699e-11
2.05085e-11
-5.84563e-12
-2.25121e-12
8.42432e-13
-9.31542e-13
-1.84696e-12
3.18993e-12
1.59056e-11
1.40259e-11
-6.62379e-12
-1.29818e-11
1.0392e-12
6.92722e-13
4.99876e-13
3.15439e-13
-1.69606e-13
-6.05523e-13
8.4146e-12
2.5126e-11
1.92572e-11
-5.29153e-12
-7.34625e-15
7.46046e-13
-9.1749e-13
-5.5836e-14
3.04684e-12
1.3252e-11
1.77501e-11
4.37039e-12
-1.80558e-11
3.04515e-12
1.8415e-11
2.9606e-12
2.99022e-12
2.8993e-12
1.84324e-11
3.06851e-12
2.96451e-12
3.17178e-12
5.68019e-12
2.03361e-13
2.97889e-13
2.05421e-12
4.70191e-13
5.54237e-13
6.40981e-13
5.03231e-12
9.32869e-13
1.02191e-12
6.29992e-12
3.54108e-13
3.23697e-13
2.94582e-13
2.43109e-13
1.99093e-13
1.51393e-13
1.05362e-13
6.65254e-14
1.01418e-12
2.9884e-14
-3.71938e-15
-2.50719e-14
-4.75605e-14
-6.82974e-14
-8.66815e-14
-1.00389e-13
-1.17771e-13
-1.286e-13
-4.93397e-13
-9.88012e-14
-7.70377e-14
2.13029e-12
5.16759e-12
2.26311e-12
1.17893e-11
4.05257e-12
1.9101e-11
1.83465e-11
5.9354e-12
2.29299e-11
6.31676e-12
2.57604e-11
2.14859e-11
6.61804e-12
2.5614e-11
1.91093e-11
4.02912e-12
1.14126e-11
4.28848e-12
-5.40384e-12
-5.24435e-13
-7.3952e-13
4.20458e-12
5.24524e-12
3.17643e-12
2.93664e-12
1.36105e-11
2.63173e-11
3.64201e-11
4.21699e-11
4.28556e-11
3.99695e-11
3.55834e-11
3.18012e-11
3.16916e-11
3.21468e-11
3.678e-11
2.97979e-11
2.72054e-12
-8.18028e-13
4.03701e-12
8.95513e-12
8.29683e-12
4.97866e-12
8.76646e-12
2.88919e-11
4.23653e-11
4.72514e-11
4.66782e-11
4.24472e-11
3.62258e-11
2.95058e-11
2.48888e-11
2.47093e-11
2.5661e-11
2.42445e-11
3.71628e-11
1.84689e-11
-3.56749e-13
4.97141e-12
1.00532e-11
8.99097e-12
6.50113e-12
1.45617e-11
3.30435e-11
4.36897e-11
4.66778e-11
4.35526e-11
3.61984e-11
2.82428e-11
2.23744e-11
2.03712e-11
2.17243e-11
2.21005e-11
1.80961e-11
3.17402e-11
2.70206e-11
-4.85055e-13
4.51732e-12
1.16072e-11
1.24603e-11
1.24348e-11
1.94501e-11
3.35055e-11
4.36808e-11
4.48537e-11
3.63696e-11
2.63349e-11
1.89686e-11
1.6289e-11
1.79421e-11
2.05286e-11
1.97698e-11
1.60057e-11
2.54882e-11
2.93573e-11
-1.01986e-12
2.96335e-12
1.16535e-11
1.44634e-11
1.63366e-11
2.22223e-11
3.41772e-11
4.37956e-11
3.92589e-11
2.45655e-11
1.47183e-11
1.0574e-11
1.21712e-11
1.66139e-11
1.93807e-11
1.76072e-11
1.4303e-11
2.05759e-11
2.91995e-11
-9.37069e-13
1.04713e-12
9.52602e-12
1.411e-11
1.70752e-11
2.35094e-11
3.52386e-11
4.13938e-11
2.89176e-11
1.09185e-11
4.47167e-12
4.64832e-12
9.45471e-12
1.49384e-11
1.75008e-11
1.57911e-11
1.33345e-11
1.71644e-11
2.80196e-11
-9.32579e-13
-4.27427e-13
6.32602e-12
1.21716e-11
1.63729e-11
2.38618e-11
3.4871e-11
3.48587e-11
1.57982e-11
-1.19732e-12
-3.14813e-12
1.00354e-13
6.01191e-12
1.16491e-11
1.49336e-11
1.46278e-11
1.35771e-11
1.51628e-11
2.70416e-11
-9.61836e-13
-1.27351e-12
3.14385e-12
9.51587e-12
1.49669e-11
2.30189e-11
3.17093e-11
2.51964e-11
3.35392e-12
-1.05974e-11
-9.67954e-12
-5.63216e-12
9.29251e-14
6.50867e-12
1.20405e-11
1.40021e-11
1.43374e-11
1.42465e-11
2.66776e-11
-9.78822e-13
-1.70847e-12
7.52509e-13
6.60496e-12
1.28875e-11
2.07699e-11
2.61966e-11
1.52208e-11
-6.30401e-12
-1.85831e-11
-1.75611e-11
-1.40303e-11
-8.22888e-12
2.48172e-13
9.10594e-12
1.35996e-11
1.5147e-11
1.41085e-11
2.70121e-11
-9.77659e-13
-1.94833e-12
-6.26261e-13
3.90215e-12
1.0261e-11
1.74962e-11
1.98775e-11
6.86045e-12
-1.38268e-11
-2.69157e-11
-2.73349e-11
-2.39121e-11
-1.7114e-11
-6.11768e-12
6.11615e-12
1.30366e-11
1.61493e-11
1.73626e-11
2.74505e-11
-9.65771e-13
-2.06999e-12
-1.25916e-12
1.80313e-12
7.46998e-12
1.38928e-11
1.40439e-11
3.34203e-13
-2.02996e-11
-3.53251e-11
-3.63348e-11
-3.16292e-11
-2.41192e-11
-1.20684e-11
2.65651e-12
1.19922e-11
1.66037e-11
2.44298e-11
2.67693e-11
-9.49689e-13
-2.09324e-12
-1.4738e-12
5.07589e-13
4.93865e-12
1.05297e-11
9.24784e-12
-4.78138e-12
-2.58285e-11
-4.12653e-11
-3.90267e-11
-3.24812e-11
-2.73706e-11
-1.77459e-11
-2.01352e-12
1.02149e-11
1.50908e-11
2.86571e-11
2.27988e-11
-9.31869e-13
-2.03635e-12
-1.49498e-12
-1.20353e-13
2.94582e-12
7.6923e-12
5.49182e-12
-8.8776e-12
-2.96339e-11
-4.07329e-11
-2.94807e-11
-2.35694e-11
-2.62669e-11
-2.3307e-11
-8.53153e-12
7.38196e-12
1.21079e-11
2.13077e-11
1.93656e-11
-9.13192e-13
-1.92039e-12
-1.44684e-12
-3.58729e-13
1.57848e-12
5.45059e-12
2.52424e-12
-1.22761e-11
-3.0912e-11
-3.14204e-11
-9.20997e-12
-8.71975e-12
-2.19308e-11
-2.80288e-11
-1.65476e-11
2.72797e-12
1.05723e-11
9.8666e-12
1.18719e-11
-8.96725e-13
-1.75812e-12
-1.37261e-12
-4.18625e-13
7.68204e-13
3.77495e-12
7.66692e-14
-1.52248e-11
-2.97859e-11
-1.67711e-11
7.19416e-12
1.51161e-12
-1.6531e-11
-2.98609e-11
-2.37003e-11
-4.22616e-12
1.00218e-11
9.39642e-12
1.10463e-11
-8.88534e-13
-1.54359e-12
-1.24572e-12
-4.01564e-13
3.6389e-13
2.59739e-12
-2.01146e-12
-1.77906e-11
-2.72254e-11
-3.75112e-12
1.05076e-11
2.49162e-12
-1.06225e-11
-2.57564e-11
-2.59699e-11
-1.18198e-11
7.11902e-12
9.92196e-12
1.02872e-11
-8.94907e-13
-1.26072e-12
-1.02639e-12
-3.37483e-13
2.18722e-13
1.82498e-12
-3.80733e-12
-1.99447e-11
-2.45033e-11
2.80108e-12
7.54934e-12
3.90754e-13
-3.52865e-12
-1.41012e-11
-2.05183e-11
-1.70419e-11
1.42627e-12
9.58638e-12
6.19487e-12
-9.19466e-13
-9.39604e-13
-7.36787e-13
-2.40477e-13
2.2338e-13
1.32819e-12
-5.35972e-12
-2.17334e-11
-2.22348e-11
5.1814e-12
4.60141e-12
-6.34217e-13
6.52548e-13
-1.03051e-12
-1.00857e-11
-1.79813e-11
-6.34298e-12
1.05448e-11
5.88519e-12
-9.60715e-13
-7.00229e-13
-4.99665e-13
-1.82185e-13
2.4453e-13
9.5388e-13
-6.79181e-12
-2.33699e-11
-2.05085e-11
5.84563e-12
2.25121e-12
-8.42432e-13
9.31542e-13
1.84696e-12
-3.18993e-12
-1.59056e-11
-1.40259e-11
6.62379e-12
1.29818e-11
-1.0392e-12
-6.92722e-13
-4.99876e-13
-3.15439e-13
1.69606e-13
6.05523e-13
-8.4146e-12
-2.5126e-11
-1.92572e-11
5.29153e-12
7.34625e-15
-7.46046e-13
9.1749e-13
5.5836e-14
-3.04684e-12
-1.3252e-11
-1.77501e-11
-4.37039e-12
1.80558e-11
)
;
    }
    symmetryWallRight
    {
        type            cyclicAMI;
        value           nonuniform List<scalar> 
20
(
726.782
-2434.48
-9295.79
-13705.1
-9691.71
-3745.03
-1981.3
-5408.42
-9875.36
-12106
-6269.5
8007.02
13925.7
12240.2
12253.3
14111.6
12891.1
13279.1
9673.28
-3095.68
)
;
    }
    inletOutletRight
    {
        type            cyclicAMI;
        value           nonuniform List<scalar> 
20
(
262.091
389.25
492.88
570.647
641.783
709.882
777.405
845.757
906.303
972.335
1044.18
1115.97
1187.91
1262.31
1348.48
1475.24
1659.22
1812.45
1592.49
433.508
)
;
    }
    inletRight
    {
        type            calculated;
        value           uniform -975;
    }
    inletWallsRight
    {
        type            calculated;
        value           uniform 0;
    }
    inletFacesRight
    {
        type            calculated;
        value           nonuniform List<scalar> 
800
(
-2.62688e-25
-1.2147e-24
-1.65893e-24
-2.87882e-24
-2.53716e-24
1.0969e-23
5.84305e-23
1.63219e-22
3.70703e-22
8.12085e-22
1.69802e-21
3.04242e-21
4.18705e-21
3.72332e-21
3.03419e-22
-6.39622e-21
-1.57649e-20
-2.56257e-20
-2.7463e-20
-8.46869e-21
-1.44478e-25
4.85396e-24
4.77576e-24
-8.53759e-24
-2.8e-23
1.03161e-23
2.16124e-22
6.56296e-22
1.24379e-21
1.57808e-21
8.51334e-22
-1.73261e-21
-5.71321e-21
-8.06168e-21
-2.73276e-21
2.29324e-20
1.06414e-19
3.32745e-19
7.53929e-19
9.61438e-19
2.48615e-25
-1.27017e-23
-1.9623e-23
-4.16997e-23
-4.01797e-23
1.04402e-22
4.8251e-22
1.1025e-21
1.67276e-21
1.04966e-21
-3.66992e-21
-1.63034e-20
-3.44185e-20
-3.51419e-20
4.22449e-20
3.26216e-19
1.02445e-18
2.12541e-18
2.64833e-18
1.53444e-18
-4.50509e-24
5.22861e-23
6.96075e-23
6.49283e-23
4.22756e-23
-3.83033e-23
7.58644e-23
5.01748e-22
9.13083e-22
2.45209e-22
-4.26769e-21
-1.77627e-20
-4.21387e-20
-5.67535e-20
-1.04877e-20
1.39649e-19
5.13727e-19
1.08566e-18
6.80397e-19
-4.20252e-18
1.55497e-23
-1.83612e-22
-2.50388e-22
-2.91315e-22
-2.79199e-22
3.13772e-22
1.18858e-21
2.08257e-21
2.80937e-21
2.61418e-21
-2.01128e-22
-7.56609e-21
-1.91623e-20
-2.6742e-20
-1.03647e-20
4.07573e-20
1.47381e-19
-4.29214e-19
1.81372e-18
-1.44505e-17
-5.79153e-23
6.82364e-22
9.43579e-22
1.09903e-21
9.43708e-22
-1.30592e-21
-3.93722e-21
-5.77119e-21
-6.86326e-21
-6.07455e-21
-1.39883e-21
2.23379e-21
-1.41194e-20
-7.51449e-20
-1.9587e-19
-3.8212e-19
-5.90886e-19
-1.02048e-18
1.00983e-18
-1.8161e-17
1.78401e-22
-2.43762e-21
-3.27021e-21
-3.85806e-21
-2.91721e-21
5.97982e-21
1.56795e-20
2.32757e-20
2.83215e-20
1.8464e-20
-1.83415e-20
-2.95372e-20
1.36816e-19
6.35838e-19
1.50789e-18
2.69625e-18
3.99376e-18
4.17918e-18
-2.31182e-18
-2.29409e-17
-5.18201e-22
8.34778e-21
1.07384e-20
1.28193e-20
8.32396e-21
-2.38304e-20
-5.53139e-20
-8.43786e-20
-1.02321e-19
-5.19707e-21
2.75247e-19
2.32639e-19
-1.36947e-18
-5.45963e-18
-1.1851e-17
-2.02826e-17
-2.96031e-17
-3.32309e-17
-2.98797e-17
-8.73361e-17
1.56182e-21
-2.69453e-20
-3.35731e-20
-4.02077e-20
-2.36958e-20
7.79573e-20
1.73499e-19
3.10004e-19
3.63517e-19
-6.3363e-19
-3.1569e-18
-1.9182e-18
1.53615e-17
5.71389e-17
1.18915e-16
1.9079e-16
2.61203e-16
3.46026e-16
5.58732e-16
7.65862e-16
-4.78285e-21
8.40777e-20
1.05175e-19
1.24342e-19
7.25107e-20
-1.99154e-19
-5.93273e-19
-1.32038e-18
1.76171e-20
1.15742e-17
2.51996e-17
-4.56139e-17
-3.55417e-16
-8.96074e-16
-1.34656e-15
-1.54218e-15
-1.96665e-15
-3.07922e-15
-4.11447e-15
-2.49407e-15
2.64161e-20
-2.3852e-19
-2.8604e-19
-3.17748e-19
-3.68391e-19
-2.22199e-20
2.17612e-19
2.01183e-19
4.0959e-18
1.63149e-17
1.09935e-18
-1.42818e-16
-3.38394e-16
2.47575e-16
3.25155e-15
9.56668e-15
1.70967e-14
2.03194e-14
1.39124e-14
1.26469e-15
-9.08616e-20
6.96332e-19
8.44061e-19
7.51354e-19
9.29539e-19
1.64473e-18
8.63086e-19
-1.84751e-19
8.34699e-19
6.58267e-18
5.09865e-19
-5.79343e-17
-1.08133e-16
-4.61749e-17
-5.10797e-16
-1.56068e-15
2.57342e-15
1.82553e-14
3.48492e-14
2.5913e-14
2.63394e-19
-2.3327e-18
-2.6023e-18
-2.41868e-18
-1.76652e-18
-9.67584e-18
-1.02379e-17
-7.24378e-18
-5.25296e-18
-3.26479e-18
-1.98396e-18
-9.03535e-18
-2.01252e-17
-1.41819e-17
-1.8929e-16
-8.11657e-16
5.74748e-18
-4.98895e-16
-1.03985e-14
9.92543e-15
-4.8011e-19
8.33849e-18
7.03835e-18
6.2525e-18
8.43653e-19
7.08302e-17
7.95869e-17
6.33616e-17
5.63221e-17
5.66677e-17
6.13125e-17
6.16464e-17
6.30201e-17
6.48667e-17
4.7535e-17
1.00289e-16
-2.63084e-16
1.18506e-15
-1.25914e-15
-1.61266e-14
-1.56425e-18
-2.27197e-17
-1.1444e-17
-1.0418e-17
1.36041e-17
-5.30512e-16
-5.24876e-16
-4.41871e-16
-4.18685e-16
-4.37465e-16
-4.91443e-16
-5.09497e-16
-5.59418e-16
-5.77001e-16
-6.43515e-16
-6.64375e-16
-1.13505e-15
-3.05191e-16
2.76548e-15
-5.09203e-14
1.1567e-17
3.23442e-17
-6.35164e-18
-4.84066e-18
-6.91607e-17
3.19904e-15
2.70904e-15
2.60573e-15
2.50292e-15
2.69174e-15
2.94828e-15
2.96001e-15
3.59589e-15
3.58619e-15
3.99488e-15
4.67168e-15
5.19488e-15
7.5477e-15
2.23154e-14
-1.0707e-13
-2.96987e-17
-8.23679e-17
9.80147e-17
7.47557e-17
2.31388e-16
-1.20323e-14
-8.64863e-15
-9.54222e-15
-9.47835e-15
-1.04001e-14
-1.10624e-14
-1.095e-14
-1.39989e-14
-1.4021e-14
-1.50937e-14
-1.68905e-14
-2.06426e-14
-2.71555e-14
-5.06276e-14
-1.39371e-13
1.12717e-16
8.95639e-16
1.49996e-16
2.09326e-16
2.17209e-16
-1.68252e-14
-1.36274e-14
-1.30269e-14
-1.24253e-14
-1.3407e-14
-1.46116e-14
-1.42181e-14
-1.75891e-14
-1.68804e-14
-1.851e-14
-2.0846e-14
-2.4099e-14
-2.92504e-14
-5.39092e-14
-3.79163e-14
-4.42407e-16
-3.02375e-15
-4.32688e-15
-4.27099e-15
-5.0308e-15
-1.94738e-14
-1.74458e-14
-1.53687e-14
-1.54039e-14
-1.64417e-14
-1.833e-14
-1.93305e-14
-2.19703e-14
-2.37265e-14
-2.71713e-14
-3.05015e-14
-3.49549e-14
-4.21832e-14
-9.45444e-14
-1.76615e-13
3.31911e-15
-1.48091e-15
-1.9345e-16
-2.3163e-16
-5.30851e-16
-8.55485e-15
-1.03701e-14
-9.83561e-15
-1.01443e-14
-1.10072e-14
-1.25293e-14
-1.32059e-14
-1.43496e-14
-1.58928e-14
-1.73975e-14
-1.94784e-14
-2.21083e-14
-2.37151e-14
-4.57998e-14
-8.33248e-14
2.62688e-25
1.2147e-24
1.65893e-24
2.87882e-24
2.53716e-24
-1.0969e-23
-5.84305e-23
-1.63219e-22
-3.70703e-22
-8.12085e-22
-1.69802e-21
-3.04242e-21
-4.18705e-21
-3.72332e-21
-3.03419e-22
6.39622e-21
1.57649e-20
2.56257e-20
2.7463e-20
8.46869e-21
1.44478e-25
-4.85396e-24
-4.77576e-24
8.53759e-24
2.8e-23
-1.03161e-23
-2.16124e-22
-6.56296e-22
-1.24379e-21
-1.57808e-21
-8.51334e-22
1.73261e-21
5.71321e-21
8.06168e-21
2.73276e-21
-2.29324e-20
-1.06414e-19
-3.32745e-19
-7.53929e-19
-9.61438e-19
-2.48615e-25
1.27017e-23
1.9623e-23
4.16997e-23
4.01797e-23
-1.04402e-22
-4.8251e-22
-1.1025e-21
-1.67276e-21
-1.04966e-21
3.66992e-21
1.63034e-20
3.44185e-20
3.51419e-20
-4.22449e-20
-3.26216e-19
-1.02445e-18
-2.12541e-18
-2.64833e-18
-1.53444e-18
4.50509e-24
-5.22861e-23
-6.96075e-23
-6.49283e-23
-4.22756e-23
3.83033e-23
-7.58644e-23
-5.01748e-22
-9.13083e-22
-2.45209e-22
4.26769e-21
1.77627e-20
4.21387e-20
5.67535e-20
1.04877e-20
-1.39649e-19
-5.13727e-19
-1.08566e-18
-6.80397e-19
4.20252e-18
-1.55497e-23
1.83612e-22
2.50388e-22
2.91315e-22
2.79199e-22
-3.13772e-22
-1.18858e-21
-2.08257e-21
-2.80937e-21
-2.61418e-21
2.01128e-22
7.56609e-21
1.91623e-20
2.6742e-20
1.03647e-20
-4.07573e-20
-1.47381e-19
4.29214e-19
-1.81372e-18
1.44505e-17
5.79153e-23
-6.82364e-22
-9.43579e-22
-1.09903e-21
-9.43708e-22
1.30592e-21
3.93722e-21
5.77119e-21
6.86326e-21
6.07455e-21
1.39883e-21
-2.23379e-21
1.41194e-20
7.51449e-20
1.9587e-19
3.8212e-19
5.90886e-19
1.02048e-18
-1.00983e-18
1.8161e-17
-1.78401e-22
2.43762e-21
3.27021e-21
3.85806e-21
2.91721e-21
-5.97982e-21
-1.56795e-20
-2.32757e-20
-2.83215e-20
-1.8464e-20
1.83415e-20
2.95372e-20
-1.36816e-19
-6.35838e-19
-1.50789e-18
-2.69625e-18
-3.99376e-18
-4.17918e-18
2.31182e-18
2.29409e-17
5.18201e-22
-8.34778e-21
-1.07384e-20
-1.28193e-20
-8.32396e-21
2.38304e-20
5.53139e-20
8.43786e-20
1.02321e-19
5.19707e-21
-2.75247e-19
-2.32639e-19
1.36947e-18
5.45963e-18
1.1851e-17
2.02826e-17
2.96031e-17
3.32309e-17
2.98797e-17
8.73361e-17
-1.56182e-21
2.69453e-20
3.35731e-20
4.02077e-20
2.36958e-20
-7.79573e-20
-1.73499e-19
-3.10004e-19
-3.63517e-19
6.3363e-19
3.1569e-18
1.9182e-18
-1.53615e-17
-5.71389e-17
-1.18915e-16
-1.9079e-16
-2.61203e-16
-3.46026e-16
-5.58732e-16
-7.65862e-16
4.78285e-21
-8.40777e-20
-1.05175e-19
-1.24342e-19
-7.25107e-20
1.99154e-19
5.93273e-19
1.32038e-18
-1.76171e-20
-1.15742e-17
-2.51996e-17
4.56139e-17
3.55417e-16
8.96074e-16
1.34656e-15
1.54218e-15
1.96665e-15
3.07922e-15
4.11447e-15
2.49407e-15
-2.64161e-20
2.3852e-19
2.8604e-19
3.17748e-19
3.68391e-19
2.22199e-20
-2.17612e-19
-2.01183e-19
-4.0959e-18
-1.63149e-17
-1.09935e-18
1.42818e-16
3.38394e-16
-2.47575e-16
-3.25155e-15
-9.56668e-15
-1.70967e-14
-2.03194e-14
-1.39124e-14
-1.26469e-15
9.08616e-20
-6.96332e-19
-8.44061e-19
-7.51354e-19
-9.29539e-19
-1.64473e-18
-8.63086e-19
1.84751e-19
-8.34699e-19
-6.58267e-18
-5.09865e-19
5.79343e-17
1.08133e-16
4.61749e-17
5.10797e-16
1.56068e-15
-2.57342e-15
-1.82553e-14
-3.48492e-14
-2.5913e-14
-2.63394e-19
2.3327e-18
2.6023e-18
2.41868e-18
1.76652e-18
9.67584e-18
1.02379e-17
7.24378e-18
5.25296e-18
3.26479e-18
1.98396e-18
9.03535e-18
2.01252e-17
1.41819e-17
1.8929e-16
8.11657e-16
-5.74748e-18
4.98895e-16
1.03985e-14
-9.92543e-15
4.8011e-19
-8.33849e-18
-7.03835e-18
-6.2525e-18
-8.43653e-19
-7.08302e-17
-7.95869e-17
-6.33616e-17
-5.63221e-17
-5.66677e-17
-6.13125e-17
-6.16464e-17
-6.30201e-17
-6.48667e-17
-4.7535e-17
-1.00289e-16
2.63084e-16
-1.18506e-15
1.25914e-15
1.61266e-14
1.56425e-18
2.27197e-17
1.1444e-17
1.0418e-17
-1.36041e-17
5.30512e-16
5.24876e-16
4.41871e-16
4.18685e-16
4.37465e-16
4.91443e-16
5.09497e-16
5.59418e-16
5.77001e-16
6.43515e-16
6.64375e-16
1.13505e-15
3.05191e-16
-2.76548e-15
5.09203e-14
-1.1567e-17
-3.23442e-17
6.35164e-18
4.84066e-18
6.91607e-17
-3.19904e-15
-2.70904e-15
-2.60573e-15
-2.50292e-15
-2.69174e-15
-2.94828e-15
-2.96001e-15
-3.59589e-15
-3.58619e-15
-3.99488e-15
-4.67168e-15
-5.19488e-15
-7.5477e-15
-2.23154e-14
1.0707e-13
2.96987e-17
8.23679e-17
-9.80147e-17
-7.47557e-17
-2.31388e-16
1.20323e-14
8.64863e-15
9.54222e-15
9.47835e-15
1.04001e-14
1.10624e-14
1.095e-14
1.39989e-14
1.4021e-14
1.50937e-14
1.68905e-14
2.06426e-14
2.71555e-14
5.06276e-14
1.39371e-13
-1.12717e-16
-8.95639e-16
-1.49996e-16
-2.09326e-16
-2.17209e-16
1.68252e-14
1.36274e-14
1.30269e-14
1.24253e-14
1.3407e-14
1.46116e-14
1.42181e-14
1.75891e-14
1.68804e-14
1.851e-14
2.0846e-14
2.4099e-14
2.92504e-14
5.39092e-14
3.79163e-14
4.42407e-16
3.02375e-15
4.32688e-15
4.27099e-15
5.0308e-15
1.94738e-14
1.74458e-14
1.53687e-14
1.54039e-14
1.64417e-14
1.833e-14
1.93305e-14
2.19703e-14
2.37265e-14
2.71713e-14
3.05015e-14
3.49549e-14
4.21832e-14
9.45444e-14
1.76615e-13
-3.31911e-15
1.48091e-15
1.9345e-16
2.3163e-16
5.30851e-16
8.55485e-15
1.03701e-14
9.83561e-15
1.01443e-14
1.10072e-14
1.25293e-14
1.32059e-14
1.43496e-14
1.58928e-14
1.73975e-14
1.94784e-14
2.21083e-14
2.37151e-14
4.57998e-14
8.33248e-14
)
;
    }
}


// ************************************************************************* //
