/*--------------------------------*- C++ -*----------------------------------*\
| =========                 |                                                 |
| \\      /  F ield         | OpenFOAM: The Open Source CFD Toolbox           |
|  \\    /   O peration     | Version:  4.1                                   |
|   \\  /    A nd           | Web:      www.OpenFOAM.org                      |
|    \\/     M anipulation  |                                                 |
\*---------------------------------------------------------------------------*/
FoamFile
{
    version     2.0;
    format      ascii;
    class       volVectorField;
    location    "7";
    object      U;
}
// * * * * * * * * * * * * * * * * * * * * * * * * * * * * * * * * * * * * * //

dimensions      [0 1 -1 0 0 0 0];

internalField   nonuniform List<vector> 
1680
(
(-1.06225e-18 2.46647 -0.0214537)
(3.40979e-18 1.81935 -0.0100407)
(-1.56747e-17 1.80074 -0.00913634)
(3.74084e-17 1.5249 0.0260055)
(-2.12804e-16 1.8928 -0.0526671)
(-3.53239e-16 1.94236 -0.137048)
(-3.07799e-16 1.60754 -0.0925987)
(-4.37903e-16 1.91835 -0.169209)
(-5.34369e-16 2.10139 -0.278532)
(-3.43345e-16 1.63897 -0.19075)
(-4.01478e-16 2.34303 -0.373321)
(-2.66412e-16 1.82553 -0.261883)
(-2.98999e-16 2.09585 -0.395638)
(-3.48038e-16 2.37929 -0.593794)
(-2.50028e-16 1.95614 -0.383655)
(-3.53512e-16 2.61339 -0.706384)
(-2.81832e-16 2.34087 -0.42518)
(-3.41206e-16 1.92817 -0.903608)
(-3.85719e-16 4.41901 -0.259492)
(-2.90028e-16 0.685953 -2.94248)
(-2.54092e-16 3.2387 2.26621)
(3.47588e-16 1.68463 -0.959922)
(-1.80814e-15 4.12082 6.4042)
(-2.02556e-15 4.63959 7.36318)
(-2.0653e-15 4.81738 8.24161)
(-2.73597e-15 4.94179 9.01081)
(-2.67869e-15 5.09905 9.68169)
(-2.55084e-15 5.16756 10.2533)
(-2.6928e-15 5.32849 10.7822)
(-2.8335e-15 5.23966 11.1578)
(-2.94004e-15 5.63919 11.7972)
(-2.31436e-15 5.05092 9.88723)
(-3.22845e-15 7.05439 13.4501)
(-3.29139e-15 7.19006 13.8437)
(-3.36685e-15 7.25334 14.1695)
(-3.38339e-15 7.24934 14.4572)
(-3.36906e-15 7.35156 14.7415)
(-3.45252e-15 7.21928 15.0348)
(-3.22899e-15 7.58576 15.8258)
(-4.25412e-15 7.17262 14.2866)
(-3.92378e-15 10.0457 16.1394)
(-2.43628e-15 6.89172 11.7475)
(-2.24892e-15 5.89177 11.0971)
(-2.86274e-15 6.29775 14.3155)
(-1.98531e-15 4.51991 10.2287)
(-1.92811e-15 4.19929 10.0344)
(-1.84713e-15 3.41945 9.72691)
(-2.11708e-15 2.90415 11.331)
(-1.28636e-15 1.82796 7.30336)
(-1.34751e-15 1.66978 7.24332)
(-4.47402e-16 0.134575 5.0964)
(4.89912e-15 -0.0679612 -2.47932)
(6.27888e-15 -0.226948 -2.20098)
(7.76343e-15 0.563908 -4.14906)
(9.94417e-15 -1.21534 -5.6593)
(3.8532e-15 -0.382957 -3.13334)
(4.63148e-15 -0.232534 -3.46325)
(4.71715e-15 -0.0253004 -3.41639)
(6.43732e-15 -0.188081 -3.8259)
(4.73307e-15 -0.320924 -2.4483)
(-2.50674e-16 0.68989 8.3284)
(-1.97511e-16 -3.06813 1.22402)
(-1.70523e-16 -4.45527 3.0669)
(-1.26025e-16 -4.25174 1.9856)
(4.50309e-17 -4.72489 2.0098)
(4.16158e-17 -4.18506 2.36162)
(-2.37383e-15 -4.27791 3.9423)
(-6.01922e-15 -4.79462 6.20625)
(-4.07885e-15 -2.5586 6.6595)
(7.9839e-16 2.29537 3.67645)
(-4.45681e-16 4.17687 2.16887)
(-1.0224e-16 3.39822 1.19044)
(1.87866e-16 1.85514 0.324499)
(-5.52062e-17 0.465746 0.479402)
(-8.53931e-16 0.836782 3.79864)
(-2.26199e-15 2.75411 8.91044)
(-3.55962e-15 4.49066 13.3151)
(-2.87331e-15 3.57971 12.2894)
(1.21419e-15 1.45919 4.89236)
(-2.134e-16 0.184038 8.63238)
(-2.02499e-16 -2.64786 2.5456)
(-1.83422e-16 -4.48656 4.06516)
(-6.27207e-17 -4.1471 3.01547)
(1.66406e-16 -4.75595 2.86724)
(-1.42608e-16 -4.37189 3.10966)
(-3.05632e-15 -4.63811 4.404)
(-6.4413e-15 -5.03319 6.34145)
(-3.93674e-15 -2.25976 6.2663)
(1.98048e-16 2.727 3.09571)
(-7.96627e-16 4.43338 1.72724)
(2.1855e-18 3.54727 0.831729)
(1.44135e-16 1.91021 0.530264)
(-5.44985e-17 0.113177 0.582906)
(-5.8906e-16 0.168539 2.55838)
(-1.29319e-15 1.86906 5.62003)
(-2.47995e-15 3.9173 10.3985)
(-3.33659e-15 4.3397 13.4548)
(-8.01693e-16 3.9633 9.25035)
(-1.0576e-16 -0.624769 8.82624)
(-6.38857e-17 -2.42506 4.43987)
(-8.35608e-18 -4.49676 5.67188)
(2.18973e-16 -4.02167 4.66611)
(3.49583e-16 -4.74273 4.17178)
(-4.99407e-16 -4.49353 4.07933)
(-3.80065e-15 -4.90987 4.85725)
(-6.75065e-15 -5.17862 6.353)
(-3.84456e-15 -1.89007 5.78)
(-4.92572e-16 3.15875 2.49814)
(-1.00555e-15 4.67014 1.36417)
(1.02052e-16 3.62797 0.5113)
(9.25327e-17 1.91435 0.838826)
(-1.40955e-17 0.090859 0.641968)
(-1.48188e-16 -0.3221 -0.874119)
(-2.38536e-16 1.06195 0.643806)
(-1.08999e-15 2.85823 5.10932)
(-2.58253e-15 3.92691 11.4739)
(-2.85689e-15 5.10301 12.4425)
(2.37738e-18 -1.80765 9.10173)
(1.70818e-16 -2.29312 6.16982)
(2.85331e-16 -4.49705 7.2958)
(5.31559e-16 -3.84855 6.23831)
(4.04051e-16 -4.6441 5.33712)
(-9.8667e-16 -4.51075 4.81454)
(-4.40878e-15 -5.0763 5.07231)
(-6.88388e-15 -5.23589 6.18666)
(-3.80403e-15 -1.4632 5.18858)
(-1.16108e-15 3.57001 1.75641)
(-1.0283e-15 4.86922 1.04006)
(1.61193e-16 3.64298 0.329865)
(5.17414e-17 1.86579 1.16753)
(-1.33839e-17 0.325898 1.00932)
(5.0104e-18 0.0810917 -0.497173)
(8.01218e-17 0.667312 -1.16366)
(-2.59167e-16 1.7085 0.600053)
(-1.88538e-15 2.86628 7.74604)
(-2.92664e-15 5.26166 13.0501)
(5.00089e-17 -3.25595 9.04125)
(3.1846e-16 -2.21567 7.08301)
(4.52505e-16 -4.49581 8.1922)
(5.9195e-16 -3.61878 7.0163)
(2.20057e-16 -4.47025 5.8398)
(-1.4751e-15 -4.4413 5.04073)
(-4.75769e-15 -5.16432 4.96397)
(-6.84554e-15 -5.22654 5.85346)
(-3.82248e-15 -0.982905 4.48772)
(-1.81591e-15 3.95027 0.870054)
(-8.92168e-16 4.9907 0.661554)
(1.78216e-16 3.59247 0.338922)
(2.34382e-17 1.77921 1.44983)
(-9.41534e-18 0.461056 1.17718)
(8.03831e-19 0.32553 0.0905956)
(-3.96033e-18 0.821445 -0.160994)
(6.61915e-17 1.12626 -0.39316)
(-9.97751e-16 1.43747 3.04535)
(-2.80036e-15 4.53542 10.3088)
(3.41716e-17 -4.78983 8.48125)
(2.76452e-16 -2.18192 7.16356)
(3.40832e-16 -4.4957 8.19418)
(2.8679e-16 -3.3515 6.92468)
(-1.90372e-16 -4.2676 5.63761)
(-1.90004e-15 -4.33367 4.80193)
(-4.86812e-15 -5.21519 4.59593)
(-6.68454e-15 -5.17115 5.41174)
(-3.88246e-15 -0.451887 3.69833)
(-2.39824e-15 4.30283 0.070235)
(-6.82826e-16 5.00729 0.220768)
(1.67288e-16 3.47371 0.510736)
(4.21187e-18 1.69601 1.65424)
(-4.06476e-18 0.590032 1.24235)
(1.92361e-19 0.433248 0.336663)
(-2.88398e-18 0.777246 -0.0787916)
(-1.70945e-17 1.14409 0.0759763)
(-6.72766e-17 0.510923 -0.343034)
(-1.85195e-15 3.56796 4.5564)
(-7.34039e-18 -6.26217 7.51116)
(8.45059e-17 -2.15857 6.76725)
(-4.20711e-17 -4.49056 7.60915)
(-3.6996e-16 -3.06352 6.33271)
(-8.11222e-16 -4.07194 5.0027)
(-2.32094e-15 -4.22774 4.31066)
(-4.859e-15 -5.25986 4.10753)
(-6.4536e-15 -5.07654 4.93357)
(-3.87342e-15 0.146831 2.82079)
(-2.66242e-15 4.62518 -0.440628)
(-4.52279e-16 4.93213 -0.16833)
(1.38851e-16 3.29362 0.76972)
(-6.63143e-18 1.63398 1.75506)
(-9.10321e-19 0.723348 1.24975)
(7.72493e-19 0.57805 0.483972)
(5.90132e-19 0.826139 0.0411052)
(1.28084e-18 1.10573 -0.104184)
(5.34437e-18 0.638686 0.194057)
(-4.92587e-17 0.561298 -2.40593)
(-3.53562e-17 -7.62483 6.29936)
(-1.57992e-16 -2.14184 6.23157)
(-6.29882e-16 -4.49309 6.81764)
(-1.38663e-15 -2.76858 5.66184)
(-1.69929e-15 -3.90064 4.25517)
(-2.87751e-15 -4.14592 3.80147)
(-4.87158e-15 -5.3133 3.65281)
(-6.18997e-15 -4.93882 4.48312)
(-3.72258e-15 0.652899 1.95716)
(-2.48894e-15 4.90815 -0.7457)
(-2.03236e-16 4.7913 -0.363107)
(9.94798e-17 3.07717 1.03825)
(-9.72553e-18 1.60246 1.75552)
(5.05318e-19 0.845526 1.22086)
(-6.7128e-20 0.695774 0.563191)
(1.54722e-21 0.886056 0.120687)
(5.33393e-19 1.10947 -0.0954431)
(-6.02358e-18 0.96319 -0.0422518)
(3.29733e-17 1.25277 -2.91712)
(-3.25704e-17 -8.81587 4.99928)
(-3.61612e-16 -2.13261 5.75699)
(-1.36482e-15 -4.497 6.07787)
(-2.84642e-15 -2.4631 5.24043)
(-2.98792e-15 -3.74705 3.68179)
(-3.7407e-15 -4.09291 3.4939)
(-5.04342e-15 -5.37167 3.37552)
(-5.9463e-15 -4.74271 4.10128)
(-3.64964e-15 1.04395 1.04266)
(-2.09644e-15 5.12734 -1.01703)
(2.67574e-17 4.59514 -0.310558)
(5.78148e-17 2.85877 1.25586)
(-7.76557e-18 1.60128 1.6813)
(8.32091e-19 0.959931 1.17603)
(-7.74969e-20 0.805344 0.595375)
(-8.55469e-20 0.947264 0.165844)
(-3.00611e-19 1.13025 -0.104798)
(-1.9453e-18 1.08412 -0.134205)
(5.81956e-17 1.11759 -0.784502)
(-5.13438e-18 -9.94044 3.74015)
(-4.69846e-16 -2.16064 5.40702)
(-2.16957e-15 -4.57473 5.51076)
(-4.78657e-15 -2.18114 5.2776)
(-4.80883e-15 -3.61577 3.5455)
(-5.07926e-15 -4.06611 3.59447)
(-5.53907e-15 -5.41622 3.40853)
(-5.85683e-15 -4.4503 3.80824)
(-4.10559e-15 1.48196 -0.107819)
(-1.76451e-15 5.22023 -1.31115)
(1.57859e-16 4.35069 -0.0677346)
(2.37848e-17 2.66834 1.38267)
(-4.13938e-18 1.62279 1.56562)
(5.0599e-19 1.0615 1.12111)
(-2.91322e-20 0.90577 0.59609)
(3.85536e-20 1.01676 0.190644)
(4.40428e-20 1.15879 -0.112406)
(-2.08483e-18 1.17924 -0.123115)
(4.44518e-17 1.24103 -1.27689)
(2.89815e-17 -10.8052 2.57506)
(-4.64698e-16 -2.20583 5.26498)
(-2.87978e-15 -4.66916 5.12202)
(-6.94297e-15 -1.92467 5.8287)
(-7.10158e-15 -3.47927 4.00381)
(-6.97134e-15 -4.03811 4.23244)
(-6.53476e-15 -5.4038 3.83754)
(-6.09794e-15 -4.01311 3.61712)
(-4.85741e-15 1.97399 -1.20964)
(-1.50109e-15 5.1563 -1.60734)
(1.79336e-16 4.06516 0.247599)
(3.01832e-18 2.52222 1.40556)
(-1.24501e-18 1.65712 1.43663)
(1.59083e-19 1.15119 1.05536)
(-1.44559e-20 0.996958 0.572953)
(-5.56568e-22 1.08248 0.199225)
(-2.24548e-21 1.18958 -0.104264)
(-6.94255e-19 1.27528 -0.140846)
(3.0974e-17 1.30323 -0.767618)
(5.34836e-17 -11.9383 1.56701)
(-3.60188e-16 -2.32606 5.25233)
(-3.24603e-15 -5.00944 4.81067)
(-8.6661e-15 -1.81216 6.63341)
(-9.43982e-15 -3.39963 4.89951)
(-9.24131e-15 -4.01127 5.28777)
(-8.06453e-15 -5.29908 4.5758)
(-6.73297e-15 -3.40873 3.47141)
(-4.89975e-15 2.48786 -1.9422)
(-1.07615e-15 4.96989 -1.79978)
(1.49614e-16 3.75612 0.509072)
(-5.18664e-18 2.4238 1.34119)
(1.18035e-19 1.69733 1.3086)
(-1.23072e-21 1.23285 0.978948)
(2.38078e-21 1.08241 0.534251)
(3.01861e-21 1.14744 0.1963)
(-1.55954e-21 1.22316 -0.0967576)
(-5.057e-19 1.32742 -0.133601)
(2.2035e-17 1.36479 -0.639016)
(6.28208e-17 -12.2448 0.608858)
(-2.07159e-16 -2.40965 5.69868)
(-3.11783e-15 -5.1533 4.45137)
(-9.32291e-15 -1.73874 7.37328)
(-1.11508e-14 -3.28331 5.77343)
(-1.13999e-14 -3.92732 6.36499)
(-9.8772e-15 -5.04699 5.31201)
(-7.58392e-15 -2.65935 3.22895)
(-3.83131e-15 2.98188 -2.29411)
(-4.38513e-16 4.71037 -1.7648)
(1.11732e-16 3.44571 0.664296)
(-5.28347e-18 2.36012 1.22572)
(3.22847e-19 1.73621 1.18383)
(-2.25953e-20 1.30711 0.893519)
(1.63056e-21 1.16006 0.485481)
(9.48333e-22 1.20654 0.186188)
(1.27351e-21 1.25559 -0.0849971)
(-2.59862e-19 1.3887 -0.13247)
(1.6814e-17 1.39973 -0.605924)
(5.82637e-17 -14.3606 -0.109495)
(-5.33834e-17 -2.58629 6.00967)
(-2.55022e-15 -5.93729 3.96914)
(-8.71097e-15 -1.91518 7.63133)
(-1.16795e-14 -3.3745 6.17129)
(-1.28525e-14 -3.91296 6.98648)
(-1.15085e-14 -4.71332 5.66315)
(-8.30191e-15 -1.82818 2.73807)
(-2.51799e-15 3.41046 -2.4004)
(1.03544e-16 4.40265 -1.44984)
(7.17162e-17 3.15046 0.74492)
(-2.64456e-18 2.30651 1.09423)
(1.30992e-19 1.75913 1.06068)
(-5.74703e-21 1.36403 0.802086)
(-2.7902e-23 1.22048 0.430845)
(2.05968e-22 1.2509 0.171793)
(-2.12033e-22 1.2791 -0.0742993)
(-1.57117e-19 1.41965 -0.129467)
(1.4447e-17 1.4256 -0.42233)
(4.82972e-17 -12.3956 -1.13975)
(4.9313e-17 -2.64781 7.76263)
(-1.80935e-15 -5.40735 3.40327)
(-7.15503e-15 -1.89765 7.75446)
(-1.08904e-14 -3.13606 5.92025)
(-1.31863e-14 -3.69649 6.96505)
(-1.25065e-14 -4.19581 5.46908)
(-8.60318e-15 -0.984206 1.95055)
(-1.74474e-15 3.75115 -2.28237)
(3.00465e-16 4.10355 -0.897101)
(3.10865e-17 2.92881 0.784417)
(-7.15231e-19 2.28446 0.964712)
(7.36512e-21 1.78901 0.9389)
(1.04457e-21 1.42442 0.708084)
(-1.36613e-22 1.28329 0.374005)
(2.18092e-22 1.30023 0.155145)
(2.69378e-22 1.31192 -0.0674511)
(-9.05524e-20 1.45238 -0.122436)
(1.09906e-17 1.45089 -0.322831)
(3.47049e-17 -19.971 -1.05463)
(1.02537e-16 -2.64208 7.38651)
(-1.10533e-15 -7.42565 2.95257)
(-5.18884e-15 -2.28191 7.20633)
(-9.0678e-15 -3.65574 5.23601)
(-1.23098e-14 -3.9424 6.31176)
(-1.26405e-14 -3.85163 4.70104)
(-8.38141e-15 -0.123448 0.578686)
(-1.4059e-15 3.96495 -2.05804)
(2.45004e-16 3.88591 -0.316313)
(3.62812e-18 2.84874 0.760691)
(-4.5112e-20 2.33631 0.833625)
(-6.60877e-21 1.86845 0.814206)
(3.20774e-22 1.5242 0.610426)
(2.99944e-23 1.37784 0.316367)
(5.40166e-23 1.37914 0.136512)
(2.95458e-23 1.37617 -0.0634793)
(-3.66262e-20 1.51748 -0.111756)
(6.14007e-18 1.50156 -0.307513)
(2.37292e-17 -6.21634 -4.1)
(1.13499e-16 -3.24834 13.1747)
(-5.72258e-16 -3.67058 2.02471)
(-3.27994e-15 -1.95927 7.60945)
(-6.67559e-15 -2.39885 4.01865)
(-1.03629e-14 -3.10346 5.3618)
(-1.18417e-14 -2.92711 3.67015)
(-7.92373e-15 0.545569 -1.18013)
(-1.19043e-15 3.82424 -1.96701)
(1.34417e-16 3.51863 0.0243661)
(-2.82299e-18 2.66479 0.659896)
(4.28827e-20 2.24247 0.695389)
(3.30394e-22 1.81481 0.681786)
(-1.42357e-22 1.50307 0.50578)
(1.59304e-23 1.35866 0.256972)
(8.44394e-24 1.34886 0.114204)
(-2.38838e-23 1.33773 -0.0596358)
(-4.3961e-21 1.46856 -0.094271)
(1.88124e-18 1.44793 -0.169693)
(1.61079e-17 -41.3286 4.13231)
(3.61935e-17 -1.12074 5.55656)
(-3.62612e-16 -11.6562 3.67214)
(-2.01138e-15 -2.66584 6.11753)
(-4.54228e-15 -4.92691 3.74026)
(-8.01286e-15 -4.77138 4.34547)
(-1.0326e-14 -3.13008 2.41538)
(-5.95991e-15 0.760428 -2.84194)
(-8.6926e-16 3.30039 -1.98381)
(5.87747e-17 2.96285 0.107136)
(-9.54748e-19 2.32895 0.544634)
(1.20773e-20 1.98449 0.573942)
(4.15668e-22 1.61381 0.56372)
(5.60898e-24 1.3547 0.410204)
(-7.66713e-24 1.23057 0.203135)
(-4.24327e-24 1.22411 0.0895452)
(-4.53224e-24 1.20974 -0.0564221)
(9.76656e-22 1.31833 -0.0738294)
(2.13994e-19 1.29811 -0.152163)
(1.33682e-17 34.4025 -29.1913)
(3.40672e-16 -7.79381 29.6368)
(4.15704e-16 6.53875 -4.85848)
(-1.22961e-16 -1.3271 8.1708)
(-1.7253e-15 1.66729 -0.214438)
(-4.56625e-15 -0.476939 2.73963)
(-7.37695e-15 -0.509782 1.4876)
(-2.96827e-15 1.80196 -3.20175)
(-2.98697e-16 3.79321 -1.59303)
(1.97691e-17 3.69913 0.120224)
(1.3069e-19 3.19856 0.43833)
(-1.69522e-21 2.78701 0.45636)
(-1.38163e-22 2.31023 0.449376)
(1.35649e-23 1.97465 0.318969)
(-2.14166e-25 1.79211 0.154024)
(-1.11961e-24 1.76115 0.0632064)
(3.03114e-24 1.72502 -0.0488594)
(1.52285e-22 1.84792 -0.052606)
(-1.69946e-19 1.81361 0.00611139)
(-1.02052e-16 -120.008 97.9204)
(-1.09996e-15 5.74271 -15.1777)
(-2.72923e-15 -27.6009 29.7551)
(-2.89231e-15 -4.00524 6.28522)
(-4.85653e-15 -11.095 12.0239)
(-6.00713e-15 -9.68624 5.04049)
(-8.15069e-15 -4.11988 0.00421972)
(-5.27854e-16 2.01565 -1.61727)
(9.45775e-17 4.14915 -0.450361)
(7.52285e-19 4.08081 0.0818969)
(2.51956e-20 3.61066 0.180776)
(-2.78353e-22 3.16745 0.18651)
(8.86418e-25 2.64658 0.183746)
(-3.48111e-24 2.26474 0.127018)
(5.30517e-25 2.04247 0.06023)
(4.19958e-25 1.9866 0.0217239)
(2.37525e-25 1.94601 -0.0204554)
(-1.27346e-22 2.07686 -0.0203329)
(5.15307e-20 2.0486 -0.0964171)
(1.05e-16 5.68834 10.2992)
(-5.82301e-15 9.96292 16.9671)
(-5.10518e-15 9.91632 16.8997)
(-4.44425e-15 9.72777 16.32)
(-4.71292e-15 9.70829 16.1985)
(-6.64586e-15 9.76478 16.1494)
(-5.21844e-15 9.7841 16.1217)
(-4.46187e-15 9.82181 16.0924)
(-4.59722e-15 9.83149 16.0706)
(-4.67608e-15 9.86744 16.0665)
(-4.50012e-15 9.85674 16.0445)
(-4.40139e-15 9.78687 15.8504)
(-4.56155e-15 9.83212 15.9869)
(-4.39545e-15 9.84668 16.0486)
(-4.61116e-15 9.83112 16.0728)
(-4.49495e-15 9.78543 16.0879)
(-4.38935e-15 9.8259 16.2005)
(-4.19355e-15 10.2137 17.0187)
(-4.01848e-15 10.2499 16.9116)
(-8.11023e-15 5.66571 9.73548)
(6.80818e-17 5.36212 9.04074)
(-4.64503e-15 9.3899 16.0552)
(-3.91925e-15 9.02922 15.4679)
(-3.51084e-15 8.8295 15.0889)
(-4.03453e-15 8.82828 15.1299)
(-6.14941e-15 8.87285 15.1508)
(-3.87356e-15 8.87801 15.1835)
(-3.58903e-15 8.9091 15.2028)
(-3.71959e-15 8.92383 15.2343)
(-3.97243e-15 8.94629 15.2563)
(-3.75514e-15 8.96733 15.2897)
(-4.1357e-15 9.01194 15.3578)
(-4.10952e-15 9.03113 15.3595)
(-3.619e-15 9.04091 15.3846)
(-4.0144e-15 9.06347 15.4045)
(-4.2135e-15 9.05823 15.4212)
(-3.99792e-15 9.17967 15.6092)
(-3.78996e-15 9.6524 16.4477)
(-3.60679e-15 9.33254 15.8894)
(-8.3949e-15 4.39137 7.51235)
(-2.5647e-18 5.94474 10.3706)
(-1.63018e-15 9.69727 16.6059)
(-1.28365e-15 9.23161 15.9543)
(-1.01561e-15 9.09622 15.6273)
(-1.42735e-15 9.0679 15.6423)
(-3.90054e-15 9.09086 15.633)
(-1.99296e-15 9.07662 15.6406)
(-1.64611e-15 9.08914 15.6364)
(-1.60132e-15 9.08349 15.6421)
(-1.65951e-15 9.09168 15.644)
(-1.89309e-15 9.09167 15.6491)
(-1.86101e-15 9.08977 15.6462)
(-1.97053e-15 9.09553 15.6588)
(-1.60996e-15 9.09723 15.6724)
(-1.79757e-15 9.10454 15.6713)
(-1.91092e-15 9.08611 15.6711)
(-1.7024e-15 9.2078 15.8452)
(-1.67031e-15 9.65495 16.6802)
(-1.56036e-15 9.27748 15.963)
(-4.17403e-15 4.25262 7.45328)
(-1.42499e-18 5.94087 10.2798)
(4.35031e-16 9.5342 16.3941)
(3.02012e-16 9.06181 15.6785)
(2.60516e-16 8.9313 15.3935)
(3.57709e-16 8.91221 15.4233)
(-2.16788e-15 8.93305 15.4267)
(-1.99326e-15 8.92093 15.4441)
(-1.74722e-15 8.93214 15.4498)
(-1.88505e-15 8.92716 15.4645)
(-1.74605e-15 8.93364 15.4734)
(-1.99822e-15 8.93316 15.4868)
(-1.76679e-15 8.93806 15.501)
(-1.9278e-15 8.94153 15.5117)
(-1.75047e-15 8.94075 15.527)
(-1.84583e-15 8.94652 15.5303)
(-1.73817e-15 8.92885 15.5334)
(-1.88503e-15 9.04317 15.7018)
(-1.50445e-15 9.47865 16.5294)
(-1.51998e-15 9.11939 15.8737)
(-3.92234e-15 4.2155 7.42627)
(6.22653e-19 6.11091 10.62)
(-1.0223e-16 9.55466 16.4337)
(-7.94459e-17 9.06223 15.6999)
(-6.60753e-17 8.93966 15.427)
(-8.49716e-17 8.91697 15.4521)
(5.74208e-16 8.93178 15.4522)
(4.4433e-16 8.91668 15.465)
(3.85617e-16 8.9222 15.4677)
(3.9194e-16 8.91335 15.4782)
(3.98124e-16 8.9148 15.484)
(4.34132e-16 8.90968 15.4935)
(4.2647e-16 8.90815 15.5013)
(4.50078e-16 8.90639 15.5107)
(3.81681e-16 8.90224 15.5225)
(4.24559e-16 8.90305 15.5254)
(4.40095e-16 8.88221 15.5246)
(3.94102e-16 8.96329 15.6412)
(3.88146e-16 9.35048 16.4075)
(3.95278e-16 9.18724 16.0945)
(8.80206e-16 4.60148 8.16666)
(-2.04012e-19 6.18996 10.7289)
(2.33618e-17 9.49826 16.3497)
(1.97599e-17 9.01024 15.6019)
(1.72054e-17 8.88698 15.3401)
(1.92744e-17 8.86849 15.364)
(-1.35221e-16 8.88153 15.3664)
(-1.01021e-16 8.86825 15.379)
(-9.56483e-17 8.87284 15.3825)
(-8.98164e-17 8.86446 15.3929)
(-1.00067e-16 8.86525 15.3988)
(-9.71842e-17 8.8597 15.4082)
(-1.05712e-16 8.85805 15.4161)
(-1.07678e-16 8.85492 15.4247)
(-9.25128e-17 8.85029 15.4352)
(-1.02783e-16 8.85023 15.4403)
(-1.07751e-16 8.83125 15.4406)
(-9.1945e-17 8.8733 15.4947)
(-9.33947e-17 9.19148 16.1379)
(-1.03167e-16 9.287 16.2946)
(-1.85283e-16 5.10488 9.05081)
(6.31212e-20 6.31821 10.9434)
(-5.39382e-18 9.4805 16.3141)
(-4.72478e-18 8.98866 15.5552)
(-4.30124e-18 8.8695 15.3048)
(-4.30583e-18 8.85272 15.3258)
(3.0565e-17 8.86406 15.3274)
(2.30718e-17 8.85163 15.3377)
(2.26634e-17 8.85522 15.3398)
(2.15296e-17 8.84709 15.3482)
(2.42218e-17 8.84735 15.3523)
(2.23013e-17 8.84163 15.3597)
(2.44792e-17 8.83971 15.3654)
(2.44425e-17 8.83594 15.3721)
(2.28353e-17 8.83166 15.3798)
(2.41343e-17 8.83089 15.3846)
(2.41844e-17 8.81629 15.3869)
(2.21649e-17 8.83272 15.4007)
(2.20204e-17 9.06699 15.8786)
(2.5983e-17 9.36897 16.4049)
(3.79314e-17 5.64734 9.98466)
(-1.86639e-20 6.45543 11.163)
(1.25861e-18 9.45143 16.2608)
(1.09688e-18 8.95687 15.4882)
(1.01082e-18 8.84581 15.2573)
(9.56371e-19 8.832 15.2769)
(-6.91109e-18 8.84245 15.2786)
(-5.39643e-18 8.83175 15.2879)
(-5.33031e-18 8.8353 15.2897)
(-5.22377e-18 8.82835 15.2971)
(-5.65849e-18 8.82901 15.3006)
(-5.26266e-18 8.82412 15.3072)
(-5.48998e-18 8.82303 15.3119)
(-5.42793e-18 8.81971 15.3178)
(-5.51e-18 8.81673 15.3241)
(-5.66194e-18 8.81598 15.3287)
(-5.41387e-18 8.80621 15.333)
(-5.29602e-18 8.81135 15.3318)
(-5.19123e-18 8.97405 15.664)
(-6.2981e-18 9.38968 16.3888)
(-7.8923e-18 6.11864 10.7722)
(5.25134e-21 6.61811 11.433)
(-2.92854e-19 9.42587 16.2133)
(-2.48416e-19 8.92774 15.4296)
(-2.29457e-19 8.82939 15.224)
(-2.18628e-19 8.8177 15.2426)
(1.59877e-18 8.82724 15.2439)
(1.28878e-18 8.81788 15.2522)
(1.2818e-18 8.82125 15.2537)
(1.26129e-18 8.8153 15.2603)
(1.32058e-18 8.81623 15.2633)
(1.26233e-18 8.81208 15.2692)
(1.24217e-18 8.81167 15.2732)
(1.22933e-18 8.80882 15.2786)
(1.28233e-18 8.80706 15.2838)
(1.33472e-18 8.80636 15.2883)
(1.25668e-18 8.79993 15.2932)
(1.26362e-18 8.80126 15.2887)
(1.2234e-18 8.91593 15.5234)
(1.49385e-18 9.37273 16.3134)
(1.68964e-18 6.49069 11.3852)
(-1.41654e-21 6.79168 11.7229)
(6.75894e-20 9.39284 16.1566)
(5.56294e-20 8.89564 15.3691)
(5.19459e-20 8.81226 15.1924)
(5.19363e-20 8.80239 15.2102)
(-3.74609e-19 8.81107 15.2115)
(-3.0731e-19 8.80292 15.219)
(-3.1039e-19 8.80613 15.2207)
(-3.025e-19 8.80112 15.2268)
(-3.12072e-19 8.80223 15.2298)
(-3.00958e-19 8.79877 15.2353)
(-2.87691e-19 8.79892 15.2391)
(-2.86948e-19 8.79644 15.2444)
(-2.9319e-19 8.79574 15.2492)
(-3.12123e-19 8.79498 15.2539)
(-3.00589e-19 8.79092 15.259)
(-3.02811e-19 8.79088 15.2546)
(-2.87231e-19 8.87583 15.4297)
(-3.49688e-19 9.33706 16.2222)
(-3.73182e-19 6.77368 11.8508)
(3.7029e-22 6.9725 12.0284)
(-1.55449e-20 9.35444 16.0928)
(-1.25424e-20 8.86439 15.3128)
(-1.19569e-20 8.79655 15.1655)
(-1.25944e-20 8.78794 15.1824)
(8.75894e-20 8.7957 15.1834)
(7.26783e-20 8.78853 15.1904)
(7.4205e-20 8.79142 15.1923)
(7.23117e-20 8.78716 15.198)
(7.38705e-20 8.78823 15.2009)
(7.068e-20 8.78528 15.2063)
(6.74137e-20 8.78574 15.2099)
(6.82362e-20 8.78342 15.2153)
(6.75471e-20 8.78353 15.2196)
(7.21507e-20 8.78242 15.2247)
(7.23683e-20 8.7802 15.2296)
(7.23204e-20 8.77924 15.2265)
(6.7331e-20 8.84454 15.3618)
(8.12424e-20 9.29446 16.1331)
(8.41737e-20 7.00008 12.2283)
(-9.40009e-23 7.15504 12.338)
(3.58532e-21 9.30938 16.0191)
(2.88909e-21 8.83418 15.2597)
(2.80692e-21 8.78109 15.1404)
(3.05869e-21 8.77339 15.1562)
(-2.03422e-20 8.78026 15.1571)
(-1.71278e-20 8.77394 15.1636)
(-1.7452e-20 8.77646 15.1656)
(-1.72395e-20 8.77284 15.171)
(-1.73318e-20 8.77374 15.1741)
(-1.64522e-20 8.77123 15.1792)
(-1.57613e-20 8.77182 15.1827)
(-1.62949e-20 8.76958 15.1881)
(-1.58978e-20 8.7703 15.1921)
(-1.65874e-20 8.76868 15.1977)
(-1.72424e-20 8.76804 15.2022)
(-1.7087e-20 8.76612 15.2008)
(-1.57823e-20 8.81719 15.3062)
(-1.88248e-20 9.24686 16.0442)
(-1.90873e-20 7.19696 12.5613)
(2.29854e-23 7.3376 12.6484)
(-8.31869e-22 9.25857 15.9361)
(-6.82718e-22 8.80612 15.2111)
(-6.66553e-22 8.76637 15.1172)
(-7.37931e-22 8.75932 15.1316)
(4.70828e-21 8.76531 15.1326)
(4.03187e-21 8.75976 15.1386)
(4.07856e-21 8.76184 15.1408)
(4.08709e-21 8.75881 15.1458)
(4.03113e-21 8.75945 15.1489)
(3.83658e-21 8.75734 15.1538)
(3.67054e-21 8.7579 15.1573)
(3.88258e-21 8.75576 15.1627)
(3.80883e-21 8.75691 15.1664)
(3.82064e-21 8.75475 15.1723)
(4.04916e-21 8.75551 15.1763)
(3.99841e-21 8.75256 15.1767)
(3.69742e-21 8.79253 15.2574)
(4.36868e-21 9.1945 15.9514)
(4.30394e-21 7.38079 12.8751)
(-5.33553e-24 7.5192 12.9572)
(1.94179e-22 9.20203 15.8436)
(1.64246e-22 8.78033 15.1667)
(1.58571e-22 8.75223 15.0953)
(1.7663e-22 8.74565 15.1082)
(-1.09263e-21 8.75084 15.1091)
(-9.46362e-22 8.746 15.1147)
(-9.59231e-22 8.74763 15.1171)
(-9.60569e-22 8.74516 15.1217)
(-9.35681e-22 8.74549 15.125)
(-9.01662e-22 8.74379 15.1296)
(-8.58225e-22 8.74423 15.1331)
(-9.23997e-22 8.74224 15.1383)
(-9.17101e-22 8.74365 15.1418)
(-8.85765e-22 8.74106 15.1479)
(-9.43109e-22 8.74303 15.1514)
(-9.32861e-22 8.73907 15.1537)
(-8.65508e-22 8.77015 15.2133)
(-1.01784e-21 9.13701 15.8518)
(-9.61683e-22 7.55917 13.1804)
(1.1552e-24 7.69982 13.2644)
(-4.55529e-23 9.13999 15.7415)
(-3.96993e-23 8.75696 15.1265)
(-3.76025e-23 8.73878 15.0746)
(-4.19142e-23 8.73252 15.0858)
(2.55681e-22 8.73697 15.0868)
(2.21229e-22 8.73282 15.092)
(2.28248e-22 8.73398 15.0945)
(2.23698e-22 8.73204 15.0987)
(2.18229e-22 8.73205 15.1021)
(2.13335e-22 8.73076 15.1064)
(2.03004e-22 8.73099 15.1099)
(2.20165e-22 8.72926 15.115)
(2.19635e-22 8.73074 15.1183)
(2.07134e-22 8.72788 15.1246)
(2.20135e-22 8.73085 15.1275)
(2.18349e-22 8.72596 15.1316)
(2.02594e-22 8.75005 15.1733)
(2.38096e-22 9.07423 15.7439)
(2.13211e-22 7.73509 13.4816)
(-2.28338e-25 7.87973 13.5702)
(1.07293e-23 9.07253 15.6298)
(9.5396e-24 8.73614 15.0909)
(8.88836e-24 8.72619 15.055)
(9.82984e-24 8.72014 15.0647)
(-6.05178e-23 8.72389 15.0658)
(-5.16187e-23 8.72045 15.0704)
(-5.46866e-23 8.7211 15.0731)
(-5.17545e-23 8.71966 15.077)
(-5.13146e-23 8.71937 15.0804)
(-5.05975e-23 8.71842 15.0844)
(-4.85979e-23 8.71839 15.088)
(-5.24907e-23 8.71701 15.0927)
(-5.21566e-23 8.71831 15.096)
(-4.88833e-23 8.71546 15.1022)
(-5.18687e-23 8.71909 15.1046)
(-5.1406e-23 8.7134 15.1105)
(-4.74915e-23 8.73225 15.1373)
(-5.58479e-23 9.00613 15.6274)
(-4.70496e-23 7.90964 13.7798)
(3.986e-26 8.05937 13.8752)
(-2.53592e-24 8.99948 15.5081)
(-2.27147e-24 8.7178 15.0597)
(-2.10064e-24 8.71455 15.0366)
(-2.2655e-24 8.70877 15.0447)
(1.44734e-23 8.71173 15.0461)
(1.20789e-23 8.70916 15.0501)
(1.30644e-23 8.70929 15.053)
(1.19513e-23 8.7083 15.0564)
(1.21584e-23 8.70781 15.0598)
(1.19937e-23 8.70712 15.0635)
(1.17037e-23 8.70686 15.0672)
(1.24825e-23 8.70587 15.0715)
(1.23114e-23 8.70673 15.0749)
(1.16288e-23 8.70427 15.0809)
(1.23385e-23 8.70799 15.0831)
(1.21645e-23 8.70175 15.0904)
(1.11697e-23 8.71697 15.1052)
(1.31222e-23 8.93308 15.5027)
(1.03698e-23 8.08317 14.0752)
(-5.73884e-27 8.23966 14.1804)
(6.00627e-25 8.9206 15.3748)
(5.37111e-25 8.70165 15.0324)
(4.97756e-25 8.70362 15.0189)
(5.09889e-25 8.69851 15.0253)
(-3.47673e-24 8.70034 15.0269)
(-2.84506e-24 8.69873 15.0302)
(-3.08598e-24 8.69839 15.033)
(-2.76623e-24 8.6977 15.0361)
(-2.89132e-24 8.69712 15.0394)
(-2.83796e-24 8.69657 15.0428)
(-2.81218e-24 8.69617 15.0464)
(-2.95064e-24 8.69556 15.0503)
(-2.89733e-24 8.69586 15.054)
(-2.77732e-24 8.69426 15.0594)
(-2.94455e-24 8.69725 15.0619)
(-2.88486e-24 8.69129 15.0701)
(-2.63778e-24 8.70425 15.0762)
(-3.08708e-24 8.85558 15.3705)
(-2.29024e-24 8.25515 14.3662)
(5.06555e-28 8.42319 14.4926)
(-1.43754e-25 8.83808 15.2311)
(-1.27958e-25 8.69069 15.012)
(-1.19621e-25 8.69522 15.0051)
(-1.12217e-25 8.69182 15.0089)
(8.41814e-25 8.69212 15.0105)
(6.81858e-25 8.69115 15.0126)
(7.25383e-25 8.69035 15.0148)
(6.50209e-25 8.68951 15.0171)
(6.94203e-25 8.68862 15.0197)
(6.77556e-25 8.68775 15.0224)
(6.77376e-25 8.68689 15.0254)
(6.99541e-25 8.68605 15.0287)
(6.8774e-25 8.68543 15.0321)
(6.69473e-25 8.68433 15.0364)
(7.0694e-25 8.68532 15.0397)
(6.90284e-25 8.68103 15.0469)
(6.31705e-25 8.69107 15.0483)
(7.33959e-25 8.77265 15.2324)
(5.11909e-25 8.42326 14.6449)
(2.10112e-29 8.61058 14.8239)
(2.8775e-26 8.75271 15.0801)
(2.56489e-26 8.69281 15.0032)
(2.42653e-26 8.695 15.0014)
(2.00633e-26 8.69442 15.0021)
(-1.68609e-25 8.69407 15.0026)
(-1.38061e-25 8.69366 15.0031)
(-1.41357e-25 8.69305 15.0038)
(-1.29301e-25 8.69232 15.0046)
(-1.39268e-25 8.69143 15.0056)
(-1.35894e-25 8.69038 15.0067)
(-1.35712e-25 8.68914 15.008)
(-1.38669e-25 8.68772 15.0095)
(-1.36851e-25 8.68604 15.0113)
(-1.34738e-25 8.68417 15.0133)
(-1.41222e-25 8.68208 15.0156)
(-1.38418e-25 8.67892 15.0189)
(-1.2781e-25 8.67938 15.02)
(-1.47403e-25 8.69418 15.0844)
(-9.66426e-26 8.5934 14.8933)
(4.89181e-15 -0.164462 -2.62838)
(6.41078e-15 -0.181105 -3.21775)
(4.75599e-15 0.00668342 -2.52242)
(4.80356e-15 -0.0200528 -2.54489)
(4.65751e-15 0.132365 -2.31211)
(6.41686e-15 -0.13324 -4.69172)
(4.92934e-15 -0.0835221 -4.403)
(4.76227e-15 0.0810472 -4.0374)
(5.09524e-15 0.414364 -4.50082)
(2.08445e-15 -0.142693 2.11925)
(3.26685e-16 -1.10894 5.14086)
(4.78536e-16 -1.21465 5.06195)
(7.15128e-16 -2.19459 8.71176)
(7.55327e-16 -2.78418 8.01275)
(8.9034e-16 -3.39777 8.14171)
(1.02969e-15 -3.61054 8.32382)
(1.76229e-15 -5.32701 12.1107)
(1.49858e-15 -5.44867 9.50384)
(1.64163e-15 -5.96981 9.91655)
(2.19318e-15 -8.3879 13.5995)
(1.45275e-15 -7.24616 10.9995)
(1.32799e-15 -7.56622 11.6198)
(1.20854e-15 -7.54723 11.8877)
(9.97371e-16 -7.66309 12.2524)
(8.16791e-16 -7.71455 12.631)
(6.21099e-16 -7.7693 13.0537)
(4.32255e-16 -7.78137 13.4835)
(2.72925e-16 -7.94564 13.8468)
(4.06688e-16 -6.90329 13.3695)
(1.22601e-16 -7.19931 13.7473)
(-1.5259e-17 -7.10777 14.0741)
(-1.02859e-16 -7.05928 14.2276)
(-1.9512e-16 -6.97117 14.3134)
(-2.80195e-16 -6.87444 14.2968)
(-3.55616e-16 -6.77072 14.2103)
(-4.11852e-16 -6.54799 14.1078)
(-4.83163e-16 -6.25488 13.8058)
(-5.27589e-16 -6.12747 12.5492)
(-1.97853e-16 -0.783558 -1.17573)
(-4.05338e-16 -4.19948 2.69177)
(-5.56731e-17 -2.52778 -0.346287)
(5.86251e-16 -5.44724 1.85382)
(1.42211e-15 -4.44351 0.609471)
(1.63549e-15 -4.18861 0.277852)
(3.24438e-15 -5.52133 0.0572858)
(2.92868e-15 -3.89867 -0.422536)
(5.25655e-15 -4.93631 -0.888045)
(5.04892e-15 -4.2647 -1.55009)
(4.28936e-15 -3.45258 -1.47495)
(6.31025e-15 -4.25819 -2.27128)
(4.56495e-15 -2.54981 -1.86283)
(7.08921e-15 -3.05171 -2.89994)
(5.91287e-15 -1.90803 -2.58481)
(4.78268e-15 -1.0734 -1.86688)
(7.04892e-15 -1.13182 -2.74673)
(5.25884e-15 -0.302194 -1.41173)
(2.91174e-15 0.391641 -1.01808)
(3.14072e-15 0.448228 1.18507)
(3.09917e-15 0.316761 1.17869)
(-2.62431e-15 0.547204 2.92876)
(-1.16541e-16 0.104228 -0.58279)
(-1.64338e-16 0.0595048 -0.850901)
(9.34351e-16 0.227284 -1.37567)
(1.16561e-15 0.001169 -3.40366)
(7.05872e-16 -0.324798 -1.82301)
(6.52587e-16 0.0126845 1.44548)
(3.02455e-15 -0.132428 2.36214)
(5.84829e-15 -0.291958 4.95954)
(8.09335e-15 -0.222136 7.07257)
(9.37109e-15 -0.0591647 8.01125)
(9.52347e-15 0.0772269 7.7015)
(8.88212e-15 0.175229 6.34569)
(7.90742e-15 0.263292 4.11052)
(7.06693e-15 0.410002 0.897805)
(7.04259e-15 0.47938 -3.42186)
(7.14373e-15 0.485262 -8.23199)
(8.17333e-15 -0.0686761 -12.2632)
(6.62176e-15 -0.774255 -8.89539)
(6.04564e-16 -0.374343 1.05466)
(-1.81784e-16 0.159027 -0.799553)
(8.97114e-16 0.0749184 0.608542)
(1.99003e-15 0.555185 1.18466)
(1.84374e-15 -0.0142273 -1.12653)
(1.10637e-15 -0.683675 -2.62094)
(1.9481e-15 -0.659335 2.3351)
(6.42043e-15 -0.718214 6.2168)
(9.41451e-15 -0.647749 8.24394)
(1.05003e-14 -0.366386 8.91361)
(1.03729e-14 -0.0424387 8.90329)
(9.4327e-15 0.261235 8.279)
(8.05018e-15 0.538899 6.91889)
(6.55684e-15 0.797541 4.75554)
(5.53085e-15 1.16613 1.66467)
(5.49095e-15 1.47278 -2.45207)
(5.70245e-15 1.36707 -7.64959)
(5.38767e-15 0.121061 -10.6327)
(8.25841e-15 -1.82469 -12.2848)
(4.10421e-15 -1.85497 -2.85667)
(-7.92775e-17 0.0331604 -0.584328)
(1.10476e-15 -0.203019 1.64911)
(2.23405e-15 0.703371 3.18648)
(1.99799e-15 0.316316 2.25214)
(1.4447e-15 -0.948321 0.569063)
(3.23594e-15 -1.53605 4.3493)
(7.34299e-15 -1.28505 7.89258)
(9.70882e-15 -0.801356 8.57752)
(1.03729e-14 -0.386299 8.77351)
(9.67836e-15 0.0276396 8.86576)
(8.0441e-15 0.465938 8.09969)
(6.27618e-15 0.878977 6.80156)
(4.97209e-15 1.28176 4.96881)
(4.52693e-15 1.84827 2.29132)
(4.82761e-15 2.39455 -1.51476)
(4.91122e-15 2.18506 -6.42001)
(4.02135e-15 0.591662 -9.2363)
(7.05337e-15 -2.35491 -11.6974)
(6.00457e-15 -3.12312 -5.72104)
(-1.0779e-16 -0.152123 -0.676737)
(1.00385e-15 -0.699643 1.77506)
(2.57939e-15 0.514142 4.92882)
(2.76895e-15 0.284686 5.64084)
(2.76329e-15 -1.13911 5.36422)
(4.32225e-15 -2.06214 6.71787)
(7.44567e-15 -1.58142 8.37079)
(9.70685e-15 -0.840433 8.34486)
(9.96749e-15 -0.423828 8.61798)
(8.08213e-15 0.106314 8.41198)
(5.85219e-15 0.675196 7.55264)
(4.21523e-15 1.15978 6.58385)
(3.61979e-15 1.67789 5.24553)
(3.98714e-15 2.45372 3.05206)
(4.56191e-15 3.24154 -0.359356)
(4.3933e-15 2.98623 -4.87278)
(3.55683e-15 1.02349 -7.77765)
(5.66404e-15 -2.5493 -10.0686)
(6.52385e-15 -3.99186 -6.79034)
(-2.26635e-16 -0.252878 -1.03655)
(6.58523e-16 -1.3776 0.976574)
(2.58966e-15 0.0456438 5.70416)
(3.21408e-15 0.0976622 7.45206)
(3.63035e-15 -1.20571 8.03443)
(4.93829e-15 -2.15798 8.19079)
(7.59494e-15 -1.62658 8.274)
(9.73235e-15 -0.847448 8.04928)
(8.72421e-15 -0.407615 8.1911)
(5.459e-15 0.231182 7.65309)
(3.27074e-15 0.827787 7.0951)
(2.34977e-15 1.33762 6.62612)
(2.70471e-15 1.97297 5.75988)
(3.69198e-15 2.9705 3.96063)
(4.30683e-15 4.00376 0.924246)
(3.91271e-15 3.75197 -3.14379)
(3.17844e-15 1.4657 -6.11253)
(4.57242e-15 -2.54839 -8.13309)
(6.48877e-15 -4.62217 -6.71876)
(-2.08237e-16 -0.0864912 -0.788239)
(2.32695e-16 -2.06752 -0.239683)
(2.11689e-15 -0.670817 5.15482)
(3.13556e-15 -0.213115 7.84433)
(3.79449e-15 -1.2627 8.65682)
(5.22432e-15 -2.0888 8.50415)
(7.83081e-15 -1.55538 7.90634)
(9.19862e-15 -0.821347 7.5971)
(6.42614e-15 -0.349966 7.51816)
(2.42632e-15 0.31807 7.11721)
(9.93705e-16 0.878077 7.10031)
(1.03296e-15 1.42574 7.03371)
(2.10105e-15 2.19949 6.44549)
(3.31963e-15 3.42165 4.91808)
(3.88906e-15 4.68249 2.24901)
(3.50914e-15 4.47534 -1.29948)
(2.96323e-15 1.88735 -4.25207)
(3.81431e-15 -2.43726 -6.10017)
(6.22657e-15 -5.06581 -5.82825)
(-2.0724e-16 0.104489 -0.645879)
(-9.49838e-17 -2.61755 -1.16386)
(1.40578e-15 -1.49875 3.61001)
(2.70481e-15 -0.633519 7.29621)
(3.63842e-15 -1.32538 8.28129)
(5.30263e-15 -1.99239 8.06536)
(7.74912e-15 -1.44816 7.35651)
(7.74638e-15 -0.767144 6.98571)
(3.51072e-15 -0.319691 6.98421)
(-2.6607e-16 0.305992 7.16746)
(-6.99585e-16 0.844501 7.54692)
(2.23008e-17 1.47089 7.61645)
(1.33598e-15 2.38802 7.11832)
(2.58869e-15 3.81114 5.82134)
(3.31858e-15 5.26672 3.58742)
(3.25061e-15 5.1347 0.613949)
(3.01714e-15 2.29322 -2.22714)
(3.36952e-15 -2.25074 -3.99476)
(6.00926e-15 -5.28169 -4.61652)
(-2.13741e-16 0.320276 -0.546895)
(-2.83002e-16 -2.95668 -1.48284)
(6.98634e-16 -2.31648 1.64188)
(2.11464e-15 -1.18093 6.17156)
(3.32598e-15 -1.40919 7.5621)
(5.11532e-15 -1.89833 7.30073)
(7.0465e-15 -1.34302 6.68045)
(5.59919e-15 -0.740478 6.42349)
(7.45315e-16 -0.393229 6.90117)
(-2.35498e-15 0.202247 7.71045)
(-2.15101e-15 0.788841 8.15849)
(-1.25159e-15 1.5151 8.14586)
(2.065e-17 2.55067 7.65719)
(1.44637e-15 4.12746 6.62847)
(2.67568e-15 5.74204 4.93773)
(3.11159e-15 5.71728 2.5539)
(3.1861e-15 2.69291 -0.117149)
(3.16589e-15 -2.00857 -1.8277)
(5.92836e-15 -5.36891 -3.31757)
(-2.17516e-16 0.525981 -0.446407)
(-3.79659e-16 -3.08493 -1.37874)
(1.67224e-16 -3.00486 -0.0232852)
(1.46777e-15 -1.84436 4.61093)
(2.86389e-15 -1.54499 6.73983)
(4.61552e-15 -1.81397 6.46897)
(5.82147e-15 -1.27458 5.99692)
(3.38241e-15 -0.801278 6.08506)
(-1.40089e-15 -0.584908 7.17653)
(-4.12958e-15 0.0543279 8.42137)
(-3.90247e-15 0.757491 8.73794)
(-3.11785e-15 1.57529 8.54336)
(-1.82864e-15 2.68316 8.05506)
(5.51492e-17 4.354 7.34107)
(2.02354e-15 6.09805 6.27826)
(3.02213e-15 6.21398 4.50187)
(3.36601e-15 3.08392 1.97552)
(3.13522e-15 -1.70477 0.366696)
(6.00269e-15 -5.25857 -1.7861)
(-2.17258e-16 0.703981 -0.337095)
(-4.32962e-16 -3.07874 -1.17601)
(-1.39169e-16 -3.4872 -0.926522)
(8.67145e-16 -2.55487 2.80664)
(2.28022e-15 -1.77291 5.83252)
(3.88805e-15 -1.75146 5.71088)
(4.41722e-15 -1.2662 5.41459)
(1.52454e-15 -0.963201 5.93126)
(-3.07261e-15 -0.868194 7.52963)
(-5.98127e-15 -0.109715 9.06544)
(-6.07443e-15 0.761376 9.26037)
(-5.3138e-15 1.65704 8.83302)
(-3.80312e-15 2.78262 8.33201)
(-1.35948e-15 4.48131 7.95392)
(1.35914e-15 6.32563 7.56589)
(2.89703e-15 6.63418 6.42926)
(3.58873e-15 3.47381 3.97384)
(3.85836e-15 -1.40363 2.36745)
(6.10012e-15 -5.10448 -0.41887)
(-2.14616e-16 0.85706 -0.224965)
(-4.59998e-16 -3.01855 -1.04148)
(-2.79814e-16 -3.7602 -1.11096)
(4.00696e-16 -3.22379 1.10445)
(1.66e-15 -2.11637 4.79971)
(3.0873e-15 -1.73496 5.07552)
(3.12087e-15 -1.31916 4.97747)
(7.42674e-17 -1.20901 5.86588)
(-4.51103e-15 -1.22371 7.86608)
(-7.85001e-15 -0.290375 9.63993)
(-8.0744e-15 0.801972 9.66743)
(-7.02872e-15 1.76872 8.92662)
(-5.35983e-15 2.85147 8.41693)
(-2.68187e-15 4.50567 8.42604)
(5.90335e-16 6.41758 8.71651)
(2.66494e-15 6.97952 8.27476)
(3.68971e-15 3.89714 5.88112)
(5.42884e-15 -0.978042 3.78616)
(5.94874e-15 -4.59842 0.699795)
(-2.11042e-16 0.994088 -0.119451)
(-4.65165e-16 -2.96141 -1.00197)
(-3.27511e-16 -3.8717 -0.876592)
(1.12797e-16 -3.76938 -0.0924886)
(1.09748e-15 -2.55415 3.65534)
(2.33993e-15 -1.79327 4.53033)
(2.05508e-15 -1.42587 4.67489)
(-1.06253e-15 -1.52126 5.82941)
(-5.73967e-15 -1.63887 8.16582)
(-9.17006e-15 -0.466137 10.0582)
(-8.6726e-15 0.90649 9.59747)
(-7.21804e-15 1.91879 8.44462)
(-6.08235e-15 2.87619 8.13497)
(-3.94353e-15 4.41961 8.72513)
(-4.47449e-16 6.36982 9.62938)
(2.26998e-15 7.23433 9.91947)
(3.35352e-15 4.35892 7.83826)
(6.36824e-15 -0.530336 4.87847)
(5.0664e-15 -4.53515 2.37453)
(-2.07082e-16 1.12223 -0.0370106)
(-4.52522e-16 -2.93451 -1.03398)
(-3.32217e-16 -3.89642 -0.483441)
(-2.6745e-17 -4.15742 -0.658278)
(6.54626e-16 -3.02791 2.50664)
(1.7094e-15 -1.94589 4.00305)
(1.2204e-15 -1.58172 4.46611)
(-1.9728e-15 -1.8832 5.79535)
(-6.58531e-15 -2.08592 8.36146)
(-9.05176e-15 -0.567555 9.97663)
(-6.55127e-15 1.12862 8.40314)
(-5.23765e-15 2.07247 6.9344)
(-5.83708e-15 2.78595 7.34572)
(-5.17934e-15 4.20388 8.884)
(-1.89589e-15 6.19106 10.2399)
(1.64044e-15 7.37426 11.1654)
(2.69066e-15 4.97625 9.98659)
(4.73504e-15 -0.148179 5.02123)
(4.30347e-15 -3.59043 2.56287)
(-2.02931e-16 1.2516 -0.00216365)
(-4.26753e-16 -2.94894 -1.12353)
(-3.21519e-16 -3.89867 -0.06209)
(-7.97175e-17 -4.39186 -0.733103)
(3.50773e-16 -3.47551 1.52195)
(1.21124e-15 -2.19222 3.44831)
(5.60941e-16 -1.78807 4.3058)
(-2.72803e-15 -2.27261 5.7651)
(-6.86932e-15 -2.4968 8.37274)
(-6.98231e-15 -0.482822 9.11407)
(-2.04666e-15 1.50403 6.11012)
(-1.93772e-15 2.12995 4.66443)
(-4.87352e-15 2.4709 6.10842)
(-6.22862e-15 3.83538 8.91849)
(-3.67724e-15 5.92021 10.5427)
(6.06216e-16 7.32207 11.7506)
(2.3494e-15 5.68881 12.3526)
(2.19258e-15 1.01865 7.46227)
(2.63819e-15 -3.30667 6.28884)
(-1.99272e-16 1.39777 -0.0201037)
(-3.90694e-16 -3.00499 -1.26056)
(-3.05024e-16 -3.92244 0.337035)
(-9.30277e-17 -4.50011 -0.525497)
(1.70712e-16 -3.85439 0.856897)
(8.38879e-16 -2.50937 2.89246)
(1.70376e-17 -2.04907 4.16321)
(-3.3833e-15 -2.66613 5.7556)
(-6.61908e-15 -2.79352 8.20534)
(-3.7269e-15 -0.147932 7.78833)
(1.5987e-15 2.00568 4.23998)
(3.35912e-16 2.07847 2.90295)
(-3.67356e-15 1.92851 4.60869)
(-6.63576e-15 3.3128 8.53401)
(-5.26674e-15 5.62962 10.4721)
(-9.39147e-16 7.03606 11.6303)
(2.22706e-15 5.72521 14.1586)
(2.08809e-15 0.89618 13.2075)
(2.45474e-15 -4.55873 10.9049)
(-1.97452e-16 1.56511 -0.00494375)
(-3.4302e-16 -3.10441 -1.35959)
(-2.76828e-16 -3.98841 0.718269)
(-8.92365e-17 -4.52258 -0.184697)
(8.08645e-17 -4.14881 0.582761)
(5.77197e-16 -2.85984 2.42353)
(-4.46991e-16 -2.36389 4.02681)
(-3.95347e-15 -3.04975 5.77247)
(-6.0501e-15 -2.94923 7.94683)
(-8.33583e-16 0.329255 6.63961)
(2.33503e-15 2.49472 3.67422)
(5.53694e-16 2.07905 2.33834)
(-2.36056e-15 1.34262 2.8119)
(-5.72364e-15 2.67262 6.90104)
(-5.7711e-15 5.30716 9.60331)
(-2.62663e-15 6.61965 11.0685)
(1.582e-15 5.33403 13.9938)
(2.20488e-15 1.26504 16.4514)
(2.28605e-15 -4.02076 13.7775)
(-1.98868e-16 1.73641 0.289836)
(-2.80159e-16 -3.23562 -1.23766)
(-2.28086e-16 -4.09269 1.12093)
(-7.49962e-17 -4.50031 0.220293)
(4.86049e-17 -4.36544 0.664486)
(4.05551e-16 -3.20414 2.12676)
(-8.46073e-16 -2.7204 3.89503)
(-4.43215e-15 -3.42089 5.8062)
(-5.44517e-15 -3.00571 7.69261)
(6.22463e-16 0.723914 5.95366)
(1.67763e-15 2.89844 3.60839)
(8.68343e-17 2.28153 2.28146)
(-7.84145e-16 0.980849 0.845911)
(-3.1336e-15 1.95801 3.31842)
(-4.55963e-15 4.7948 7.32667)
(-3.78708e-15 6.1928 10.4621)
(3.16948e-16 4.64937 12.4482)
(2.13031e-15 1.04803 15.4252)
(1.37664e-15 -3.20366 13.6113)
(-2.04326e-16 1.8642 1.18998)
(-2.08801e-16 -3.39367 -0.82363)
(-1.6373e-16 -4.20988 1.57538)
(-5.34393e-17 -4.45997 0.675099)
(4.96401e-17 -4.51941 0.976345)
(2.95153e-16 -3.51142 2.00547)
(-1.19105e-15 -3.09913 3.76662)
(-4.82964e-15 -3.78326 5.85008)
(-4.94107e-15 -2.99585 7.4612)
(1.15142e-15 1.07605 5.4275)
(1.02254e-15 3.2567 3.40519)
(-1.40937e-16 2.62595 2.15547)
(1.45011e-16 1.15362 0.104956)
(-2.29003e-16 1.29892 -0.531145)
(-2.24128e-15 3.85779 4.16956)
(-3.99586e-15 5.62871 10.0401)
(-1.40955e-15 4.33879 11.4411)
(2.34329e-15 1.06887 11.1859)
(1.30782e-15 -2.36903 10.2414)
(-2.13492e-16 1.75256 2.81045)
(-1.55606e-16 -3.45394 -0.207725)
(-1.11037e-16 -4.31809 2.06209)
(-4.04856e-17 -4.4092 1.12489)
(5.434e-17 -4.62188 1.33344)
(2.11973e-16 -3.76752 1.98136)
(-1.50929e-15 -3.48629 3.66593)
(-5.1933e-15 -4.14006 5.92)
(-4.55745e-15 -2.92148 7.23034)
(1.29903e-15 1.46532 4.87281)
(5.00268e-16 3.58607 3.04664)
(-1.87207e-16 2.93441 1.87294)
(2.07009e-16 1.54645 0.254402)
(4.10436e-16 1.0717 -0.981979)
(-7.08873e-16 2.70751 2.46851)
(-3.53458e-15 4.75483 9.9043)
(-3.11688e-15 4.38842 12.1214)
(1.47195e-15 1.35348 8.0597)
(2.88485e-15 -1.38269 6.17375)
(-2.30933e-16 1.29884 5.20674)
(-1.53938e-16 -3.38552 0.481068)
(-1.11084e-16 -4.4018 2.52168)
(-7.00975e-17 -4.34139 1.50442)
(3.76902e-17 -4.68357 1.62074)
(1.34561e-16 -3.98313 2.04053)
(-1.86991e-15 -3.88115 3.68672)
(-5.58356e-15 -4.48513 6.04193)
(-4.27937e-15 -2.77805 6.97339)
(1.1759e-15 1.87508 4.28296)
(1.6325e-18 3.89454 2.62739)
(-1.65788e-16 3.1849 1.52934)
(2.03887e-16 1.74613 0.253533)
(1.2408e-17 0.874947 0.0683119)
(-6.77076e-16 1.71528 3.1568)
(-2.94489e-15 3.72774 9.89647)
(-3.94447e-15 4.62355 13.4024)
(-9.71198e-16 2.56475 8.79146)
(4.0124e-15 0.191361 1.21405)
(-3.23308e-27 -2.57587 17.0049)
(-1.49502e-26 -8.04315 13.6245)
(-2.04176e-26 -5.17865 14.4648)
(-3.54316e-26 -5.00337 14.0621)
(-3.12266e-26 -4.09595 14.01)
(1.35003e-25 -3.54782 13.824)
(7.19145e-25 -2.99112 13.6556)
(2.00885e-24 -2.54333 13.461)
(4.56249e-24 -2.16344 13.2603)
(9.99489e-24 -1.86384 13.0537)
(2.08987e-23 -1.63778 12.8408)
(3.74452e-23 -1.48121 12.611)
(5.15329e-23 -1.38579 12.3479)
(4.58255e-23 -1.3552 12.0298)
(3.73439e-24 -1.40634 11.6351)
(-7.87228e-23 -1.51186 11.1772)
(-1.9403e-22 -1.69568 10.6332)
(-3.15393e-22 -2.22826 9.7283)
(-3.38006e-22 -2.31874 8.39256)
(-1.0423e-22 0.286778 6.23098)
(-1.77819e-27 -11.0868 28.2756)
(5.97411e-26 -16.9017 24.7581)
(5.87786e-26 -11.9005 25.149)
(-1.05078e-25 -12.5332 23.4319)
(-3.44616e-25 -10.7851 22.6841)
(1.26968e-25 -10.0982 21.5931)
(2.65999e-24 -9.07937 20.6829)
(8.07748e-24 -8.27812 19.7499)
(1.53082e-23 -7.47927 18.8722)
(1.94225e-23 -6.75832 18.0078)
(1.0478e-23 -6.07663 17.1447)
(-2.13244e-23 -5.4464 16.243)
(-7.03165e-23 -4.87054 15.2502)
(-9.92207e-23 -4.3596 14.0857)
(-3.3634e-23 -3.91036 12.6856)
(2.82245e-22 -3.47532 11.0391)
(1.30971e-21 -2.9698 9.07081)
(4.09533e-21 -2.35202 6.45599)
(9.27913e-21 -1.34281 2.81548)
(1.18331e-20 0.409415 -1.1161)
(3.05987e-27 -14.1542 30.4336)
(-1.56329e-25 -17.9609 27.6735)
(-2.41513e-25 -13.3454 27.5185)
(-5.13227e-25 -14.1594 25.2404)
(-4.94519e-25 -12.0945 24.3305)
(1.28495e-24 -11.5727 22.8082)
(5.93858e-24 -10.4437 21.6671)
(1.35692e-23 -9.6767 20.4549)
(2.05878e-23 -8.83746 19.35)
(1.29188e-23 -8.05596 18.1996)
(-4.51682e-23 -7.17579 16.874)
(-2.00657e-22 -6.0877 15.0927)
(-4.23612e-22 -4.6766 12.6002)
(-4.32516e-22 -3.05669 9.45816)
(5.19938e-22 -1.57825 6.20263)
(4.01497e-21 -0.414541 3.33574)
(1.26086e-20 0.624442 0.733996)
(2.61588e-20 1.54313 -1.73118)
(3.25948e-20 1.99859 -2.97873)
(1.88854e-20 0.789546 -0.261405)
(-5.54473e-26 -15.6567 31.5683)
(6.43521e-25 -18.6331 28.9089)
(8.56708e-25 -14.6237 28.604)
(7.99118e-25 -15.6461 26.0972)
(5.20315e-25 -13.433 25.2283)
(-4.71425e-25 -13.2574 23.4838)
(9.33715e-25 -12.0542 22.3572)
(6.17535e-24 -11.486 21.0395)
(1.12379e-23 -10.6815 19.9228)
(3.01795e-24 -10.0187 18.7185)
(-5.25254e-23 -9.17424 17.3355)
(-2.18618e-22 -8.04724 15.3878)
(-5.1863e-22 -6.33064 12.4742)
(-6.98505e-22 -3.9783 8.4669)
(-1.29079e-22 -1.62311 4.43609)
(1.71875e-21 -0.321145 2.28326)
(6.3228e-21 0.491605 0.866017)
(1.3362e-20 2.36454 -2.51751)
(8.37412e-21 4.61525 -5.86521)
(-5.17233e-20 3.34681 -5.83833)
(1.91381e-25 -16.1934 31.65)
(-2.25984e-24 -19.4144 30.0982)
(-3.0817e-24 -15.3604 29.212)
(-3.58542e-24 -16.5347 26.5643)
(-3.4363e-24 -14.2191 25.7021)
(3.86181e-24 -14.2967 23.7523)
(1.46287e-23 -13.0268 22.582)
(2.56317e-23 -12.5895 21.1003)
(3.45769e-23 -11.8193 19.8782)
(3.21745e-23 -11.2522 18.5736)
(-2.47543e-24 -10.5609 17.206)
(-9.31211e-23 -9.72622 15.5286)
(-2.35844e-22 -8.52617 13.3292)
(-3.29132e-22 -6.83735 10.4483)
(-1.27565e-22 -4.74255 7.15142)
(5.01628e-22 -2.71088 4.04658)
(1.81392e-21 -0.670565 1.19879)
(-5.28263e-21 0.928644 -2.35129)
(2.23227e-20 3.51926 -4.63581)
(-1.77852e-19 3.60417 -8.56926)
(-7.12804e-25 -15.6814 29.6774)
(8.39833e-24 -19.685 30.7798)
(1.16133e-23 -15.5858 28.7997)
(1.35265e-23 -16.3677 25.9909)
(1.16149e-23 -14.2759 24.9796)
(-1.60729e-23 -14.2266 22.9499)
(-4.84581e-23 -13.0274 21.6241)
(-7.103e-23 -12.5009 20.0032)
(-8.44709e-23 -11.7263 18.5944)
(-7.47637e-23 -11.0942 17.1321)
(-1.72164e-23 -10.4161 15.6599)
(2.74927e-23 -9.6921 14.0758)
(-1.73777e-22 -8.83517 12.3215)
(-9.2486e-22 -7.7913 10.3433)
(-2.4107e-21 -6.49876 8.17384)
(-4.70301e-21 -5.03662 5.8431)
(-7.27244e-21 -3.31777 3.43194)
(-1.25597e-20 -1.64355 0.783957)
(1.24286e-20 0.992978 -2.02566)
(-2.2352e-19 2.05818 -5.80111)
(2.19571e-24 -14.5657 26.8228)
(-3.00015e-23 -19.3674 30.8398)
(-4.02488e-23 -15.5947 28.1051)
(-4.74838e-23 -15.6919 25.0615)
(-3.59041e-23 -13.9029 23.8506)
(7.35978e-23 -13.6213 21.8755)
(1.92979e-22 -12.5337 20.4423)
(2.8647e-22 -11.8813 18.7856)
(3.48572e-22 -11.0799 17.2711)
(2.27249e-22 -10.3525 15.7427)
(-2.25742e-22 -9.61813 14.2421)
(-3.63535e-22 -8.88205 12.7524)
(1.68389e-21 -8.12557 11.2749)
(7.82569e-21 -7.33954 9.80205)
(1.85586e-20 -6.47965 8.32717)
(3.31846e-20 -5.53946 6.78405)
(4.91539e-20 -4.38702 5.14317)
(5.1436e-20 -3.14113 3.25642)
(-2.84532e-20 -1.1037 0.948835)
(-2.82349e-19 0.366364 -2.67711)
(-6.37785e-24 -13.5394 24.5876)
(1.02742e-22 -18.757 30.4465)
(1.32165e-22 -15.5188 27.5484)
(1.57775e-22 -15.066 24.3069)
(1.02449e-22 -13.4907 22.9034)
(-2.93297e-22 -13.0541 21.0024)
(-6.80786e-22 -12.0707 19.5075)
(-1.03851e-21 -11.3785 17.8839)
(-1.25934e-21 -10.625 16.3873)
(-6.3964e-23 -9.93446 14.9504)
(3.38765e-21 -9.28128 13.5851)
(2.86325e-21 -8.65411 12.2795)
(-1.6855e-20 -8.04734 11.0122)
(-6.71954e-20 -7.44895 9.77654)
(-1.45858e-19 -6.8451 8.58758)
(-2.49632e-19 -6.24241 7.50294)
(-3.64346e-19 -5.58962 6.61069)
(-4.08996e-19 -4.89931 5.82761)
(-3.6775e-19 -3.66811 4.79606)
(-1.07491e-18 -1.61253 1.4863)
(1.92223e-23 -12.8789 23.3763)
(-3.31635e-22 -17.8749 29.5366)
(-4.13208e-22 -14.9695 26.6286)
(-4.94864e-22 -14.2754 23.281)
(-2.91641e-22 -12.6596 21.794)
(9.59474e-22 -12.1424 19.8174)
(2.13537e-21 -11.0425 18.328)
(3.81544e-21 -10.351 16.6974)
(4.47405e-21 -9.56165 15.2339)
(-7.79852e-21 -8.92227 13.7714)
(-3.88541e-20 -8.32932 12.3264)
(-2.36086e-20 -7.81283 10.8853)
(1.89064e-19 -7.37796 9.5012)
(7.03249e-19 -7.05285 8.33378)
(1.46357e-18 -6.92754 7.639)
(2.34819e-18 -7.00961 7.69909)
(3.2148e-18 -7.29741 8.49845)
(4.25878e-18 -7.39628 9.60905)
(6.8767e-18 -6.89816 9.88928)
(9.42599e-18 -4.54286 7.30856)
(-5.88658e-23 -13.1521 23.9359)
(1.0348e-21 -16.8486 28.7403)
(1.29446e-21 -14.2474 25.8004)
(1.53036e-21 -13.3391 22.9989)
(8.9244e-22 -11.7645 21.6281)
(-2.45112e-21 -10.943 19.8111)
(-7.30182e-21 -9.52664 18.1906)
(-1.62509e-20 -8.31707 16.1394)
(2.16826e-22 -6.85414 13.9555)
(1.42452e-19 -5.46737 11.5467)
(3.10149e-19 -4.10984 9.15358)
(-5.61401e-19 -3.008 7.00825)
(-4.37436e-18 -2.34065 5.51233)
(-1.10286e-17 -2.38904 5.14967)
(-1.6573e-17 -3.36976 6.33499)
(-1.89807e-17 -5.21427 8.97546)
(-2.42049e-17 -7.45037 12.2762)
(-3.78981e-17 -9.1612 15.1548)
(-5.06396e-17 -9.9581 16.0151)
(-3.06962e-17 -6.95873 12.6739)
(3.25121e-22 -14.9705 27.409)
(-2.93563e-21 -17.0278 29.4767)
(-3.52049e-21 -14.5715 27.1664)
(-3.91075e-21 -13.9221 25.5167)
(-4.53405e-21 -12.5506 24.5633)
(-2.73476e-22 -11.5774 23.1286)
(2.6783e-21 -9.96973 21.4346)
(2.4761e-21 -8.3175 19.1455)
(5.0411e-20 -6.39199 16.64)
(2.00799e-19 -4.49351 13.979)
(1.35304e-20 -2.55526 11.3224)
(-1.75776e-18 -0.69043 8.70029)
(-4.16485e-18 1.03062 6.25554)
(3.04707e-18 2.37464 4.2294)
(4.00191e-17 3.08278 2.91632)
(1.17744e-16 2.84072 2.72639)
(2.10421e-16 1.16441 4.44588)
(2.50085e-16 -2.25134 8.38748)
(1.71229e-16 -6.11227 12.6237)
(1.55654e-17 -5.6854 11.6248)
(-1.1183e-21 -16.1596 29.2048)
(8.57024e-21 -19.9105 33.0871)
(1.03884e-20 -16.4653 29.7621)
(9.24743e-21 -16.0072 28.1417)
(1.14405e-20 -14.8644 27.4763)
(2.02428e-20 -14.2487 26.194)
(1.06226e-20 -12.8424 24.5662)
(-2.27386e-21 -11.3901 22.2276)
(1.02732e-20 -9.55386 19.6727)
(8.10175e-20 -7.75593 16.9555)
(6.27526e-21 -5.85299 14.2304)
(-7.13038e-19 -3.9353 11.4033)
(-1.33087e-18 -1.93358 8.47791)
(-5.68306e-19 0.087491 5.45244)
(-6.28673e-18 1.97102 2.54764)
(-1.92084e-17 3.35672 0.335916)
(3.16729e-17 4.2791 -1.35568)
(2.24681e-16 4.99842 -3.36031)
(4.28913e-16 4.4836 -3.88908)
(3.1893e-16 1.36522 -0.951822)
(3.24177e-21 -13.701 23.825)
(-2.87102e-20 -21.4979 34.3588)
(-3.20284e-20 -19.5668 32.6395)
(-2.97683e-20 -18.164 29.7213)
(-2.17418e-20 -16.9025 28.2358)
(-1.19087e-19 -16.378 26.8435)
(-1.26005e-19 -15.4395 25.3786)
(-8.91542e-20 -14.4328 23.4222)
(-6.46518e-20 -13.0914 21.2194)
(-4.0182e-20 -11.6605 18.8139)
(-2.4418e-20 -10.0995 16.3388)
(-1.11204e-19 -8.46439 13.777)
(-2.47695e-19 -6.71188 11.122)
(-1.74547e-19 -4.8193 8.33097)
(-2.32973e-18 -2.71807 5.34826)
(-9.98962e-18 -0.139425 1.97758)
(7.07382e-20 3.75089 -2.52222)
(-6.14025e-18 2.48052 -3.47218)
(-1.27981e-16 4.6729 -5.78848)
(1.22159e-16 3.97656 -8.63845)
(-5.90904e-21 -8.8573 14.6596)
(1.02628e-19 -19.3553 30.7748)
(8.66258e-20 -20.5361 33.3035)
(7.69539e-20 -18.9748 30.3382)
(1.03834e-20 -17.2708 27.6001)
(8.71757e-19 -16.3456 25.5687)
(9.79531e-19 -15.5287 23.9291)
(7.79835e-19 -14.7379 22.2004)
(6.93195e-19 -13.7942 20.3329)
(6.97449e-19 -12.7392 18.3179)
(7.54616e-19 -11.5837 16.2171)
(7.58724e-19 -10.3557 14.0641)
(7.75632e-19 -9.05973 11.8816)
(7.98359e-19 -7.69485 9.67092)
(5.85046e-19 -6.23438 7.4274)
(1.23432e-18 -4.65456 5.09679)
(-3.23795e-18 -2.86208 2.78638)
(1.45853e-17 -0.999786 0.215975)
(-1.54971e-17 1.57477 -2.80632)
(-1.98481e-16 2.46852 -6.14779)
(-1.92523e-20 -5.08089 8.07731)
(-2.79627e-19 -16.9436 28.0988)
(-1.40849e-19 -19.627 32.9132)
(-1.28221e-19 -18.1359 30.0131)
(1.67435e-19 -16.2149 26.6544)
(-6.52937e-18 -15.0096 24.2181)
(-6.46001e-18 -14.1228 22.4486)
(-5.43841e-18 -13.356 20.8368)
(-5.15304e-18 -12.5429 19.2047)
(-5.38418e-18 -11.6556 17.4955)
(-6.04853e-18 -10.6971 15.7247)
(-6.27073e-18 -9.67914 13.9193)
(-6.88514e-18 -8.61031 12.0995)
(-7.10155e-18 -7.49514 10.2668)
(-7.92018e-18 -6.31545 8.413)
(-8.17692e-18 -5.06611 6.48491)
(-1.39698e-17 -3.67057 4.44376)
(-3.7562e-18 -2.12268 2.04065)
(3.40367e-17 0.0696926 -0.888803)
(-6.26711e-16 1.27107 -3.82648)
(1.42363e-19 -4.51631 7.33417)
(3.98082e-19 -16.2555 28.2864)
(-7.81741e-20 -18.5023 32.1871)
(-5.95774e-20 -16.8704 28.9742)
(-8.51209e-19 -14.9968 25.6)
(3.93727e-17 -13.7755 23.1741)
(3.3342e-17 -12.8775 21.4611)
(3.20705e-17 -12.1336 19.9651)
(3.08051e-17 -11.3772 18.5038)
(3.31291e-17 -10.586 17.0077)
(3.62865e-17 -9.75166 15.4792)
(3.64309e-17 -8.88033 13.9315)
(4.42571e-17 -7.97434 12.3743)
(4.41377e-17 -7.03786 10.802)
(4.91678e-17 -6.05021 9.20476)
(5.74976e-17 -5.01667 7.53138)
(6.3937e-17 -3.84442 5.73631)
(9.28948e-17 -2.58387 3.63096)
(2.74651e-16 -0.72318 1.0032)
(-1.31779e-15 0.645837 -2.06424)
(-3.65523e-19 -5.37868 8.87829)
(-1.01376e-18 -16.4282 28.9406)
(1.20634e-18 -17.8307 31.158)
(9.2007e-19 -15.992 27.704)
(2.84785e-18 -14.224 24.535)
(-2.07785e-16 -13.0652 22.2934)
(-1.57239e-16 -12.1854 20.7065)
(-1.50101e-16 -11.4607 19.3004)
(-1.50863e-16 -10.7204 17.9418)
(-1.86594e-16 -9.9791 16.5653)
(-1.9839e-16 -9.21116 15.1809)
(-1.75866e-16 -8.42891 13.7867)
(-2.16944e-16 -7.62118 12.387)
(-2.21902e-16 -6.79439 10.9643)
(-2.41503e-16 -5.91572 9.51002)
(-2.77185e-16 -5.00176 7.96338)
(-3.14605e-16 -3.93689 6.2866)
(-4.18892e-16 -2.7974 4.29773)
(-7.9539e-16 -1.0121 1.65114)
(-1.91277e-15 0.153545 -1.11102)
(1.38728e-18 -5.92229 9.85539)
(1.09767e-17 -16.8595 29.3075)
(-1.11364e-18 -17.8149 30.6323)
(-7.05135e-19 -15.8576 27.143)
(-7.1748e-19 -14.1554 24.1066)
(-2.11158e-16 -13.0223 21.9803)
(-1.67721e-16 -12.1406 20.4546)
(-1.60331e-16 -11.4062 19.0816)
(-1.52927e-16 -10.6518 17.7583)
(-1.6501e-16 -9.92048 16.4296)
(-1.79835e-16 -9.17399 15.117)
(-1.74991e-16 -8.43363 13.8076)
(-2.16482e-16 -7.67422 12.5041)
(-2.07759e-16 -6.9079 11.1817)
(-2.27816e-16 -6.09232 9.8367)
(-2.56566e-16 -5.25204 8.40688)
(-2.96603e-16 -4.27497 6.8626)
(-3.60004e-16 -3.22491 5.06399)
(-6.63497e-16 -1.77882 2.83656)
(-4.66662e-16 -0.562047 0.482638)
(-5.44501e-18 -5.1176 8.26778)
(-4.43546e-17 -16.4463 28.0038)
(-5.85285e-17 -17.7264 30.0196)
(-5.85665e-17 -15.4919 26.3366)
(-6.78878e-17 -13.6902 23.3241)
(-2.4714e-16 -12.6198 21.4172)
(-2.22683e-16 -11.7721 20.0238)
(-1.97629e-16 -11.0469 18.6857)
(-1.92971e-16 -10.2726 17.3834)
(-2.12011e-16 -9.55216 16.0772)
(-2.2948e-16 -8.81301 14.8141)
(-2.49071e-16 -8.11126 13.5611)
(-2.82514e-16 -7.38937 12.3382)
(-3.13644e-16 -6.68114 11.0939)
(-3.47422e-16 -5.91374 9.83001)
(-4.03202e-16 -5.12766 8.46901)
(-4.50896e-16 -4.18562 6.97942)
(-5.47032e-16 -3.1271 5.16654)
(-1.24666e-15 -1.42088 2.48772)
(-2.42451e-15 0.244146 -0.565466)
(4.08505e-17 -4.20134 7.27634)
(-1.82265e-17 -16.3404 27.7587)
(-2.38093e-18 -19.0334 31.6122)
(-2.85083e-18 -17.4399 28.3604)
(-6.53356e-18 -15.508 24.7493)
(-1.0529e-16 -14.2596 22.2822)
(-1.27632e-16 -13.3856 20.6054)
(-1.21054e-16 -12.6738 19.1763)
(-1.24853e-16 -11.9371 17.8202)
(-1.35473e-16 -11.2063 16.4831)
(-1.54207e-16 -10.4686 15.1874)
(-1.62534e-16 -9.72794 13.9448)
(-1.76611e-16 -8.97627 12.7301)
(-1.95604e-16 -8.20788 11.5222)
(-2.14123e-16 -7.40837 10.3395)
(-2.39735e-16 -6.59726 9.13472)
(-2.72103e-16 -5.68705 7.86244)
(-2.91878e-16 -4.67893 6.45277)
(-5.63689e-16 -3.2838 4.51408)
(-1.02554e-15 -1.45015 2.09425)
)
;

boundaryField
{
    outletWallLeft
    {
        type            noSlip;
    }
    fineWallsLeft
    {
        type            noSlip;
    }
    fineFrontAndBackLeft
    {
        type            zeroGradient;
    }
    fineplugLeft
    {
        type            cyclicAMI;
        value           nonuniform List<vector> 
20
(
(3.31812e-17 5.19841 8.69263)
(-5.10625e-15 9.00133 14.8847)
(-4.44577e-15 8.75722 14.8006)
(-3.96051e-15 8.71013 14.5286)
(-4.1834e-15 8.73011 14.6071)
(-5.86388e-15 8.80018 14.7217)
(-4.71049e-15 8.84709 14.8337)
(-4.07967e-15 8.89096 14.9245)
(-4.21634e-15 8.93089 15.0129)
(-4.30756e-15 8.94189 15.0848)
(-4.1881e-15 9.01323 15.1951)
(-4.15897e-15 9.23675 15.1577)
(-4.29493e-15 9.27657 15.4795)
(-4.17464e-15 9.31535 15.6076)
(-4.3623e-15 9.31557 15.6921)
(-4.27264e-15 9.27821 15.7617)
(-4.18529e-15 9.33103 15.9087)
(-4.04535e-15 9.61481 16.6219)
(-3.86058e-15 9.71703 16.6945)
(-7.33901e-15 5.96709 10.6457)
)
;
    }
    symmetryWallLeft
    {
        type            cyclicAMI;
        value           nonuniform List<vector> 
20
(
(4.81244e-15 -0.242693 -2.53834)
(2.61329e-15 0.825275 3.05321)
(-1.92225e-15 3.07223 10.5404)
(-3.75205e-15 4.5571 13.3587)
(-2.60344e-15 3.24093 9.40345)
(-7.65503e-16 1.27603 3.47772)
(-2.13991e-17 0.670347 0.273857)
(1.95876e-16 1.80064 0.289016)
(-1.34014e-16 3.29156 1.35989)
(-2.22024e-16 4.0357 2.39813)
(9.87143e-16 2.08523 3.97971)
(-4.17911e-15 -2.66833 6.81645)
(-5.80139e-15 -4.63988 6.12409)
(-2.12187e-15 -4.07953 3.81451)
(8.80882e-17 -4.0841 2.20108)
(4.13605e-17 -4.70423 1.81527)
(-9.80615e-17 -4.29657 1.74501)
(-1.40803e-16 -4.42854 2.79429)
(-1.75725e-16 -3.22682 0.852546)
(-2.40803e-16 0.994363 6.76757)
)
;
    }
    inletOutletLeft
    {
        type            cyclicAMI;
        value           nonuniform List<vector> 
20
(
(-7.33901e-15 5.96709 10.6457)
(-3.86058e-15 9.71703 16.6945)
(-4.04535e-15 9.61481 16.6219)
(-4.18529e-15 9.33103 15.9087)
(-4.27264e-15 9.27821 15.7617)
(-4.3623e-15 9.31557 15.6921)
(-4.17464e-15 9.31535 15.6076)
(-4.29493e-15 9.27657 15.4795)
(-4.15897e-15 9.23675 15.1577)
(-4.1881e-15 9.01323 15.1951)
(-4.30756e-15 8.94189 15.0848)
(-4.21634e-15 8.93089 15.0129)
(-4.07967e-15 8.89096 14.9245)
(-4.71049e-15 8.84709 14.8337)
(-5.86388e-15 8.80018 14.7217)
(-4.1834e-15 8.73011 14.6071)
(-3.96051e-15 8.71013 14.5286)
(-4.44577e-15 8.75722 14.8006)
(-5.10625e-15 9.00133 14.8847)
(3.31812e-17 5.19841 8.69263)
)
;
    }
    inletLeft
    {
        type            fixedValue;
        value           uniform (0 8.7 15);
    }
    inletWallsLeft
    {
        type            noSlip;
    }
    inletFacesLeft
    {
        type            zeroGradient;
    }
    fineWallsRight
    {
        type            noSlip;
    }
    outletWallRight
    {
        type            noSlip;
    }
    fineplugRight
    {
        type            cyclicAMI;
        value           nonuniform List<vector> 
20
(
(-5.29879e-16 -2.60935 3.8753)
(-1.85354e-16 -4.14028 5.93524)
(8.20553e-18 -5.25259 7.53976)
(-1.82079e-17 -6.08226 8.74043)
(-2.84296e-17 -6.82072 9.83398)
(-4.70788e-17 -7.48056 10.8823)
(-7.0032e-17 -8.12257 11.9145)
(-8.67036e-17 -8.77014 12.9535)
(-9.64146e-17 -9.39983 13.878)
(-9.88454e-17 -9.81473 14.8994)
(-1.1143e-16 -10.3866 16.0013)
(-1.20454e-16 -10.9615 17.1017)
(-1.35867e-16 -11.5333 18.2037)
(-1.58144e-16 -12.0834 19.3437)
(-1.55356e-16 -12.7619 20.6678)
(-8.75972e-17 -13.716 22.621)
(-9.89132e-17 -15.2029 25.4495)
(-1.07422e-16 -16.4522 27.7996)
(-3.90915e-17 -14.5333 24.3978)
(-4.83872e-17 -4.20097 6.35943)
)
;
    }
    fineFrontAndBackRight
    {
        type            zeroGradient;
    }
    symmetryWallRight
    {
        type            cyclicAMI;
        value           nonuniform List<vector> 
20
(
(4.81244e-15 -0.242693 -2.53834)
(2.61329e-15 0.825275 3.05321)
(-1.92225e-15 3.07223 10.5404)
(-3.75205e-15 4.5571 13.3587)
(-2.60344e-15 3.24093 9.40345)
(-7.65503e-16 1.27603 3.47772)
(-2.13991e-17 0.670347 0.273857)
(1.95876e-16 1.80064 0.289016)
(-1.34014e-16 3.29156 1.35989)
(-2.22024e-16 4.0357 2.39813)
(9.87143e-16 2.08523 3.97971)
(-4.17911e-15 -2.66833 6.81645)
(-5.80139e-15 -4.63988 6.12409)
(-2.12187e-15 -4.07953 3.81451)
(8.80882e-17 -4.0841 2.20108)
(4.13605e-17 -4.70423 1.81527)
(-9.80615e-17 -4.29657 1.74501)
(-1.40803e-16 -4.42854 2.79429)
(-1.75725e-16 -3.22682 0.852546)
(-2.40803e-16 0.994363 6.76757)
)
;
    }
    inletOutletRight
    {
        type            cyclicAMI;
        value           nonuniform List<vector> 
20
(
(-5.29879e-16 -2.60935 3.8753)
(-1.85354e-16 -4.14028 5.93524)
(8.20553e-18 -5.25259 7.53976)
(-1.82079e-17 -6.08226 8.74043)
(-2.84296e-17 -6.82072 9.83398)
(-4.70788e-17 -7.48056 10.8823)
(-7.0032e-17 -8.12257 11.9145)
(-8.67036e-17 -8.77014 12.9535)
(-9.64146e-17 -9.39983 13.878)
(-9.88454e-17 -9.81473 14.8994)
(-1.1143e-16 -10.3866 16.0013)
(-1.20454e-16 -10.9615 17.1017)
(-1.35867e-16 -11.5333 18.2037)
(-1.58144e-16 -12.0834 19.3437)
(-1.55356e-16 -12.7619 20.6678)
(-8.75972e-17 -13.716 22.621)
(-9.89132e-17 -15.2029 25.4495)
(-1.07422e-16 -16.4522 27.7996)
(-3.90915e-17 -14.5333 24.3978)
(-4.83872e-17 -4.20097 6.35943)
)
;
    }
    inletRight
    {
        type            fixedValue;
        value           uniform (0 8.7 15);
    }
    inletWallsRight
    {
        type            noSlip;
    }
    inletFacesRight
    {
        type            zeroGradient;
    }
}


// ************************************************************************* //
