/*--------------------------------*- C++ -*----------------------------------*\
| =========                 |                                                 |
| \\      /  F ield         | OpenFOAM: The Open Source CFD Toolbox           |
|  \\    /   O peration     | Version:  4.1                                   |
|   \\  /    A nd           | Web:      www.OpenFOAM.org                      |
|    \\/     M anipulation  |                                                 |
\*---------------------------------------------------------------------------*/
FoamFile
{
    version     2.0;
    format      ascii;
    class       volVectorField;
    location    "19";
    object      U;
}
// * * * * * * * * * * * * * * * * * * * * * * * * * * * * * * * * * * * * * //

dimensions      [0 1 -1 0 0 0 0];

internalField   nonuniform List<vector> 
1280
(
(-6.57444e-18 14.409 0.238617)
(6.13029e-17 17.7544 -1.63526)
(-2.28769e-16 15.9565 -1.49733)
(-1.96784e-16 16.3567 -1.38243)
(-1.21003e-16 20.3343 -4.06479)
(-8.19808e-17 17.3561 -3.53471)
(1.78384e-16 19.5649 -3.65796)
(-8.06852e-16 18.6277 -3.26716)
(8.91506e-16 23.4131 -7.12255)
(1.66232e-15 21.2615 -5.80953)
(2.16933e-15 22.601 -5.14757)
(-3.49442e-15 27.5606 -10.9763)
(-4.80165e-15 25.4357 -9.31135)
(-4.17621e-15 27.5401 -8.4734)
(-1.28942e-14 33.8002 -17.2204)
(-1.11962e-14 31.5898 -14.1766)
(-1.06471e-14 35.5033 -13.3702)
(-1.14351e-14 37.2449 -24.8735)
(-8.50089e-15 44.1855 -19.5451)
(-6.92489e-15 35.5857 -30.2426)
(-6.47157e-15 44.2678 32.3765)
(-5.42496e-15 45.5119 59.6475)
(-7.05331e-15 47.4838 77.4793)
(-8.96091e-15 50.3147 88.7041)
(-1.01385e-14 51.7182 95.5842)
(-9.98932e-15 55.1934 100.426)
(-2.00532e-14 46.5818 56.2637)
(-7.04838e-15 91.3996 117.43)
(-7.23431e-15 91.2625 118.986)
(-7.37086e-15 93.0975 118.638)
(-7.78757e-15 93.5114 117.059)
(-8.82698e-15 93.5325 114.362)
(-9.89591e-15 93.3939 111.173)
(-1.16021e-14 93.0023 108.036)
(-1.3764e-14 92.3696 105.33)
(-1.64206e-14 91.5402 103.14)
(-2.00607e-14 90.3638 101.767)
(-2.60348e-14 89.1708 100.384)
(-3.25489e-14 87.2289 100.14)
(-4.25148e-14 85.4258 95.1684)
(-3.58768e-14 85.6684 118.655)
(-1.33917e-14 60.5627 85.3591)
(-4.80982e-15 53.5416 84.9212)
(2.51606e-15 40.8572 82.2108)
(1.37998e-14 31.8259 80.3376)
(1.08302e-14 18.4585 46.4902)
(6.87628e-15 13.4218 39.9695)
(3.0729e-15 9.3643 29.2118)
(2.76789e-15 6.98426 10.4204)
(7.31299e-15 3.46137 2.07938)
(1.08828e-14 3.22423 -0.676725)
(1.50937e-14 1.96865 -6.63464)
(7.93935e-15 -0.0712225 10.9115)
(3.71983e-15 -1.05241 21.9631)
(-2.78887e-15 -5.38046 31.2064)
(-1.76269e-14 -12.1742 64.0599)
(-1.68379e-14 -23.4451 82.4885)
(-1.30919e-14 -33.9789 88.8963)
(-7.16018e-15 -43.802 91.2717)
(1.22417e-14 -78.729 134.02)
(3.17214e-14 -70.0238 120.131)
(2.88216e-14 -73.2906 127.808)
(3.0128e-14 -73.8507 128.052)
(2.88442e-14 -75.2697 129.364)
(2.76887e-14 -76.1851 129.878)
(2.60054e-14 -77.0319 130.237)
(2.45108e-14 -77.6577 130.178)
(2.28325e-14 -78.0713 129.806)
(2.088e-14 -78.2278 129.32)
(1.88064e-14 -78.2955 128.994)
(1.68297e-14 -78.0933 128.636)
(1.47898e-14 -76.4616 127.776)
(1.27904e-14 -77.4342 124.933)
(1.54551e-14 -35.8084 65.4647)
(1.30306e-14 -48.0886 90.2897)
(1.30382e-14 -45.026 84.9244)
(1.26009e-14 -43.6176 78.0889)
(1.18632e-14 -40.8754 67.7867)
(1.12137e-14 -39.0654 50.5883)
(1.21824e-14 -38.1877 21.9676)
(1.52393e-14 -32.6666 -35.8864)
(1.73565e-14 -35.9674 -28.6711)
(2.70243e-14 -28.7093 -37.3859)
(1.94971e-14 -26.7196 -23.0489)
(2.05767e-14 -21.1197 -23.8384)
(2.69375e-14 -21.1144 -28.6138)
(1.94381e-14 -15.0704 -17.1626)
(2.00213e-14 -11.8264 -17.8153)
(2.73309e-14 -10.5444 -21.8814)
(2.17777e-14 -6.00413 -13.192)
(2.80065e-14 -3.62358 -13.9384)
(4.24183e-14 -2.04406 -18.6169)
(3.69305e-14 1.28797 -13.9023)
(3.71764e-14 3.26584 -14.4817)
(3.67622e-14 5.41131 -14.2153)
(3.88213e-14 8.54536 -19.7809)
(2.74376e-14 10.0519 -14.7704)
(2.66289e-14 13.6974 -13.5935)
(3.12218e-14 12.4698 -19.4565)
(3.00249e-14 19.7535 -19.2799)
(2.82063e-14 -31.9726 31.6096)
(2.92468e-14 11.9175 23.4215)
(1.72266e-14 33.4551 21.6452)
(9.17175e-15 32.9197 32.3306)
(8.94739e-15 12.143 33.1512)
(1.39857e-14 -17.1958 15.9287)
(1.6044e-14 -34.8132 10.0436)
(1.73598e-14 -41.6383 7.32137)
(1.81135e-14 -42.8167 4.19384)
(1.8263e-14 -39.6566 1.15834)
(1.79422e-14 -34.5412 -2.81534)
(1.68535e-14 -26.6773 -5.2711)
(1.72207e-14 -0.141588 -11.1119)
(1.78189e-14 8.53135 -19.6866)
(1.88434e-14 6.81545 -24.904)
(1.99993e-14 -2.52644 -25.1677)
(2.23911e-14 -9.35474 -24.3464)
(2.40838e-14 -8.26521 -23.2823)
(2.23422e-14 -3.2484 -24.6949)
(2.84657e-14 -28.5472 33.3675)
(2.06681e-14 14.6543 27.5098)
(4.18281e-15 29.7381 37.5493)
(-1.36555e-15 28.8106 52.6819)
(3.07648e-15 18.4095 49.6252)
(1.35907e-14 -12.4159 18.4518)
(1.65112e-14 -33.8647 8.4716)
(1.73907e-14 -40.3447 8.87826)
(1.81233e-14 -41.202 5.62528)
(1.82645e-14 -37.4349 2.55562)
(1.7956e-14 -32.2345 -1.16851)
(1.68757e-14 -23.156 -4.36623)
(1.69886e-14 5.56501 -14.8384)
(1.75347e-14 13.0683 -26.612)
(1.84898e-14 8.9753 -34.672)
(1.91748e-14 -2.54644 -35.9744)
(2.1252e-14 -10.6257 -29.2583)
(2.3821e-14 -8.98344 -23.9096)
(2.02306e-14 -4.89323 -20.7081)
(2.84003e-14 -27.7164 36.0761)
(1.24506e-14 9.95836 37.1057)
(-4.2181e-15 24.1055 51.8548)
(-7.191e-15 27.409 62.8921)
(-3.28191e-15 25.4688 59.9338)
(8.08018e-15 -0.827437 31.6263)
(1.71756e-14 -30.7549 7.0658)
(1.75696e-14 -39.8822 9.94743)
(1.81437e-14 -39.9904 8.24765)
(1.82541e-14 -36.3833 4.82866)
(1.79066e-14 -31.3473 1.87797)
(1.68764e-14 -20.0089 -1.69696)
(1.68831e-14 8.86716 -16.1604)
(1.8193e-14 16.9419 -28.5061)
(1.93994e-14 11.1345 -37.1382)
(1.95108e-14 -4.30482 -41.8996)
(2.04869e-14 -13.7255 -35.2799)
(2.33339e-14 -10.7999 -26.5058)
(1.90743e-14 -4.75242 -20.449)
(2.77692e-14 -27.7116 39.2768)
(3.85715e-15 6.76934 47.5221)
(-1.36497e-14 19.741 62.7797)
(-1.51635e-14 25.8858 68.8763)
(-1.14665e-14 30.527 65.7609)
(2.48167e-16 11.5671 45.4272)
(1.63455e-14 -25.6548 11.9657)
(1.79762e-14 -40.1236 10.0826)
(1.81668e-14 -39.3164 11.5461)
(1.82778e-14 -34.7732 8.07148)
(1.79611e-14 -30.4328 5.74982)
(1.68332e-14 -16.4457 3.11381)
(1.80263e-14 14.7741 -14.6603)
(2.00034e-14 21.1491 -22.3831)
(2.00953e-14 14.4896 -27.8445)
(2.04308e-14 -3.06241 -36.5981)
(2.08164e-14 -17.0535 -36.0178)
(2.26392e-14 -15.2671 -28.2027)
(2.17017e-14 -8.80907 -23.7368)
(2.69188e-14 -29.3306 42.0268)
(-3.05312e-15 0.637312 55.1011)
(-2.27952e-14 16.138 67.8528)
(-2.26522e-14 26.0204 67.3769)
(-1.77112e-14 34.6122 62.9507)
(-5.20224e-15 21.8527 51.8634)
(1.39904e-14 -18.1736 23.9586)
(1.83432e-14 -39.0951 12.4328)
(1.82613e-14 -39.4448 14.8148)
(1.82695e-14 -34.4813 12.6947)
(1.73317e-14 -30.0434 16.9778)
(1.69822e-14 -9.34487 8.95502)
(2.06133e-14 19.7981 -4.44241)
(2.03942e-14 22.4937 -3.14234)
(1.64734e-14 17.04 -4.6909)
(1.66164e-14 -1.69099 -14.5838)
(2.00989e-14 -15.8984 -26.6611)
(2.22849e-14 -14.0429 -24.9124)
(2.20057e-14 -6.4225 -26.025)
(2.63433e-14 -31.7705 43.8106)
(-7.38845e-15 -4.64904 58.2362)
(-2.99e-14 15.2413 66.2223)
(-2.73026e-14 27.5874 60.6403)
(-1.97973e-14 36.9247 55.996)
(-6.32674e-15 27.5299 53.4056)
(1.26308e-14 -11.1649 37.6908)
(1.83355e-14 -35.8103 20.6006)
(1.8291e-14 -39.4849 18.6003)
(1.77793e-14 -34.8505 19.1079)
(1.68442e-14 -29.918 23.0003)
(1.77231e-14 -7.84874 15.4894)
(2.10596e-14 19.2631 13.6376)
(1.67307e-14 21.3843 21.2784)
(9.66465e-15 18.5698 22.1569)
(8.95454e-15 3.06495 16.6234)
(1.99628e-14 -15.9954 -9.40787)
(2.26488e-14 -17.552 -12.2108)
(2.16646e-14 -9.14013 -28.0263)
(2.64119e-14 -34.3281 44.361)
(-8.64807e-15 -9.05711 57.9096)
(-3.22517e-14 15.728 61.9691)
(-2.74949e-14 29.6686 55.5518)
(-1.78458e-14 37.8019 52.8601)
(-3.60226e-15 29.0945 56.4732)
(1.32649e-14 -5.99472 50.789)
(1.80731e-14 -31.0474 33.8847)
(1.78743e-14 -38.6649 26.0451)
(1.69682e-14 -36.4247 27.1962)
(1.66281e-14 -29.4031 27.5647)
(1.88863e-14 -4.39652 23.4787)
(1.85445e-14 15.8884 34.2674)
(1.14689e-14 19.0106 44.498)
(3.25973e-15 19.4316 48.9677)
(2.21524e-15 11.5157 47.3885)
(1.63105e-14 -0.470248 22.8652)
(2.61096e-14 0.0793637 -4.60521)
(1.80639e-14 10.3066 12.367)
(2.71569e-14 -36.6483 43.9634)
(-6.88215e-15 -12.469 56.2146)
(-3.02797e-14 16.6319 59.6793)
(-2.49356e-14 30.8625 55.5561)
(-1.40574e-14 37.0268 56.0315)
(1.49172e-15 27.949 63.9443)
(1.5438e-14 -2.30023 64.2042)
(1.78616e-14 -25.9562 50.1398)
(1.67939e-14 -36.489 39.8203)
(1.58789e-14 -36.4538 38.7581)
(1.68272e-14 -28.5346 38.2749)
(1.87036e-14 -7.61117 39.2873)
(1.30107e-14 10.676 57.4523)
(5.46788e-15 15.796 66.7095)
(-1.63583e-15 17.4798 74.1328)
(-7.2817e-15 11.6906 83.7626)
(-6.13026e-15 -0.946949 88.5848)
(4.18055e-16 -17.6234 92.0236)
(4.90427e-15 -45.3722 116.065)
(2.83757e-14 -38.7857 42.9682)
(-3.41099e-15 -15.8984 54.325)
(-2.72141e-14 16.5296 59.7914)
(-2.2617e-14 30.7812 58.497)
(-1.05493e-14 34.8867 62.0315)
(7.91941e-15 25.3182 73.5339)
(1.99541e-14 -0.14869 76.9605)
(1.76559e-14 -21.6673 65.8073)
(1.57819e-14 -33.6585 55.7814)
(1.65649e-14 -35.87 52.018)
(1.98447e-14 -29.3797 52.4962)
(1.69763e-14 -12.6349 62.105)
(3.13897e-15 4.74577 80.6352)
(-9.32785e-16 12.4082 84.8098)
(-2.52792e-15 13.0073 91.0071)
(-7.07398e-15 6.58109 101.602)
(-1.23708e-14 -2.40993 110.257)
(-1.32878e-14 -10.4853 108.221)
(-1.40196e-14 -15.1106 90.2737)
(2.98442e-14 -40.8161 41.6054)
(6.93797e-16 -19.7285 52.3056)
(-2.46676e-14 15.4433 60.3078)
(-2.166e-14 29.6157 61.1097)
(-9.39985e-15 31.3924 67.4003)
(1.24381e-14 21.5858 82.7227)
(3.01554e-14 1.23473 88.9168)
(2.1044e-14 -17.7915 80.0859)
(1.83631e-14 -30.667 71.3405)
(1.71752e-14 -35.5575 68.0851)
(1.19069e-14 -32.4992 72.6588)
(-5.20742e-15 -18.4976 85.0166)
(-5.55238e-15 1.54137 93.2074)
(-3.82127e-15 11.5274 92.3412)
(-1.96096e-16 10.5851 96.0881)
(-2.36102e-16 3.87519 100.592)
(-4.83604e-15 -2.91329 99.2669)
(-5.06233e-15 -7.6835 82.1725)
(-7.01395e-16 -8.98626 40.8632)
(3.13799e-14 -42.7445 40.014)
(5.07968e-15 -23.9554 49.9462)
(-2.20971e-14 13.5215 60.0691)
(-2.12392e-14 27.5903 62.1733)
(-1.15266e-14 26.5249 70.7524)
(5.69366e-15 16.3738 90.0051)
(1.97319e-14 1.10124 100.157)
(2.70641e-14 -14.8723 96.0232)
(2.24486e-14 -28.6106 90.1873)
(1.67327e-14 -36.6197 89.112)
(7.13249e-15 -35.8539 93.5145)
(-3.73394e-15 -20.4656 95.587)
(-5.8748e-16 2.20138 87.951)
(4.67953e-15 11.4755 88.4718)
(7.13843e-15 10.0037 98.0555)
(6.99139e-15 5.4152 103.661)
(7.06431e-15 4.56554 101.665)
(8.11855e-15 9.63833 86.2708)
(7.96364e-15 15.9116 49.8595)
(3.28445e-14 -44.4995 38.2721)
(9.69888e-15 -28.3302 47.2233)
(-1.8944e-14 11.1015 58.7643)
(-2.06153e-14 25.0003 61.3174)
(-1.36696e-14 20.4527 71.2466)
(2.59817e-15 9.64186 93.5555)
(1.84504e-14 -1.19605 106.955)
(2.36485e-14 -14.0677 109.197)
(2.14364e-14 -27.854 108.133)
(1.41061e-14 -37.0358 107.077)
(3.26302e-15 -34.9905 102.918)
(-5.00256e-15 -16.4122 86.2206)
(-3.32287e-15 4.00311 65.5611)
(3.67305e-15 7.33898 68.9072)
(1.03555e-14 3.93541 86.6585)
(1.19665e-14 1.9519 102.124)
(1.015e-14 4.52241 110.13)
(6.06689e-15 12.3787 111.65)
(5.28343e-15 24.089 102.971)
(3.41273e-14 -46.0845 36.4735)
(1.43869e-14 -32.6974 44.2858)
(-1.52322e-14 8.46606 56.3031)
(-1.94819e-14 22.2956 58.2466)
(-1.61423e-14 13.7002 67.96)
(-5.62721e-15 2.14578 91.4663)
(5.2957e-15 -5.09911 105.4)
(1.18918e-14 -15.4725 112.609)
(1.27264e-14 -27.8003 115.334)
(6.87643e-15 -34.6577 111.621)
(-2.98951e-15 -27.5529 95.2546)
(-9.43295e-15 -5.81329 62.6554)
(-7.37966e-15 8.06944 41.7204)
(-6.40394e-16 3.37492 42.7992)
(7.90807e-15 -2.92908 52.2464)
(9.33431e-15 -3.7033 63.5869)
(-1.77504e-17 0.509547 65.1975)
(-1.49342e-14 11.8562 71.4529)
(-2.96372e-14 42.2098 98.3389)
(3.51247e-14 -47.4055 34.6386)
(1.89271e-14 -36.6537 41.3811)
(-1.13259e-14 6.11073 52.7881)
(-1.85419e-14 20.1766 52.9409)
(-1.93714e-14 7.22477 60.3519)
(-1.50132e-14 -5.07082 82.4602)
(-8.25271e-15 -9.7453 96.0275)
(-2.39097e-15 -18.0223 105.567)
(-1.03641e-16 -27.3849 109.009)
(-3.3188e-15 -28.9268 100.714)
(-9.55654e-15 -15.3108 73.4029)
(-1.19701e-14 5.70333 35.7366)
(-9.53286e-15 11.8932 23.8475)
(-5.22501e-15 3.42351 23.3618)
(1.89149e-15 -3.95255 22.2569)
(5.27608e-15 -2.71399 20.5164)
(2.01843e-15 3.053 6.07621)
(8.23803e-16 1.34222 -6.60192)
(-1.13037e-14 -3.82235 -8.97717)
(3.57305e-14 -48.6367 32.948)
(2.3125e-14 -40.2862 38.6964)
(-7.22066e-15 4.17378 48.353)
(-1.70825e-14 19.3019 45.9933)
(-2.10105e-14 1.82021 49.7626)
(-2.13765e-14 -11.8085 68.8788)
(-1.82064e-14 -14.514 82.6579)
(-1.43717e-14 -20.542 92.4009)
(-1.19336e-14 -25.8059 94.3115)
(-1.22732e-14 -20.5187 79.9606)
(-1.32505e-14 -1.86983 43.8845)
(-1.17171e-14 13.397 16.0552)
(-9.74526e-15 13.5991 11.4005)
(-7.31142e-15 4.51062 10.7101)
(-3.38574e-15 -1.81444 4.23444)
(-2.02073e-16 0.942846 -1.62316)
(-1.07771e-16 7.77645 -7.19885)
(-6.318e-17 12.1514 -7.00422)
(4.75515e-16 9.81434 -25.225)
(3.58344e-14 -49.5202 31.3965)
(2.67339e-14 -42.8908 36.4049)
(-3.20756e-15 3.39335 43.4801)
(-1.51864e-14 19.856 38.3328)
(-2.08147e-14 -2.27474 38.7867)
(-2.37939e-14 -17.9794 54.4122)
(-2.3753e-14 -19.3289 68.223)
(-2.21184e-14 -22.6079 77.3274)
(-1.96951e-14 -22.3765 75.9067)
(-1.67936e-14 -8.95307 52.7934)
(-1.32702e-14 11.2952 13.8867)
(-1.1784e-14 17.8092 5.67504)
(-9.92869e-15 13.7823 4.74957)
(-7.65823e-15 6.0284 3.12924)
(-5.49791e-15 1.03556 -3.32417)
(-3.06153e-15 2.42017 -8.4342)
(-1.57514e-15 7.17731 -11.7724)
(-6.7524e-16 12.199 -8.67291)
(1.44515e-15 8.98445 -18.8798)
(3.56039e-14 -50.5949 30.6169)
(2.96189e-14 -45.4082 34.5812)
(5.03505e-16 3.12045 37.9255)
(-1.29586e-14 21.5809 30.6285)
(-1.92784e-14 -5.05163 29.0553)
(-2.31562e-14 -23.48 40.9189)
(-2.55045e-14 -23.7314 54.2575)
(-2.57093e-14 -23.485 62.3843)
(-2.2798e-14 -16.0479 56.0915)
(-1.70103e-14 4.03768 26.1014)
(-1.35633e-14 16.9973 5.24669)
(-1.25387e-14 17.9101 5.30132)
(-1.02937e-14 14.7467 2.28635)
(-7.83658e-15 7.87646 -1.71147)
(-6.1372e-15 2.96833 -7.02533)
(-4.24061e-15 3.88938 -10.8546)
(-2.74222e-15 7.49694 -14.1899)
(-9.54905e-16 13.5629 -9.4161)
(1.76439e-16 12.1599 -12.571)
(3.48429e-14 -50.8452 30.8656)
(3.11221e-14 -45.5437 33.6804)
(3.3746e-15 5.3067 32.9989)
(-1.05513e-14 23.8372 23.8048)
(-1.71121e-14 -6.02297 21.1351)
(-2.07939e-14 -28.0742 29.6162)
(-2.4469e-14 -28.0627 41.6057)
(-2.60634e-14 -23.4448 48.3793)
(-2.27134e-14 -8.24687 38.1618)
(-1.62658e-14 11.8017 10.9814)
(-1.44293e-14 19.2419 5.71576)
(-1.27993e-14 18.5628 3.85656)
(-1.03719e-14 16.4297 -0.148759)
(-8.02909e-15 10.0864 -4.09089)
(-6.43567e-15 4.73779 -9.26683)
(-4.79765e-15 5.12105 -12.422)
(-3.33954e-15 6.80638 -14.191)
(-7.65468e-16 11.8534 -8.09419)
(1.24791e-16 11.0693 -9.47769)
(3.55776e-14 -51.8913 31.2641)
(3.285e-14 -46.9893 32.6006)
(6.35545e-15 6.66421 27.5718)
(-8.11352e-15 26.1255 18.9764)
(-1.54083e-14 -9.35173 14.5772)
(-1.80807e-14 -31.7853 20.2242)
(-2.20518e-14 -30.8802 32.1154)
(-2.47404e-14 -22.2013 37.5269)
(-2.13923e-14 -0.626222 24.6501)
(-1.6438e-14 16.3598 7.28688)
(-1.47748e-14 20.4199 5.27948)
(-1.28345e-14 19.9109 1.77547)
(-1.03993e-14 17.5983 -1.55245)
(-7.91806e-15 11.4674 -4.77157)
(-6.3361e-15 6.02811 -8.99058)
(-4.67053e-15 5.70088 -11.1609)
(-2.81204e-15 5.80755 -11.0019)
(-3.27449e-16 11.2711 -6.13485)
(2.26379e-16 11.4852 -7.76587)
(3.68546e-14 -50.8284 38.9904)
(3.29301e-14 -42.8821 34.5573)
(7.57518e-15 10.4033 24.1797)
(-6.19549e-15 30.0452 17.0339)
(-1.43942e-14 -5.82566 11.6974)
(-1.55586e-14 -35.4247 11.0511)
(-1.75535e-14 -35.4315 20.1)
(-2.03421e-14 -21.0711 24.4161)
(-1.91934e-14 5.4295 14.7427)
(-1.68018e-14 19.075 7.44226)
(-1.48926e-14 22.2795 3.95811)
(-1.2879e-14 21.7681 0.827757)
(-1.03714e-14 19.5484 -2.22254)
(-7.77485e-15 13.6252 -4.78575)
(-6.07324e-15 7.60019 -7.4596)
(-4.1564e-15 6.0252 -8.43801)
(-2.21594e-15 4.71792 -8.7679)
(-7.02038e-17 10.7657 -5.37066)
(1.86882e-16 10.048 -7.76801)
(-5.23095e-16 123.353 211.361)
(1.78695e-14 182.496 296.518)
(2.11654e-14 184.427 298.367)
(2.21037e-14 179.085 281.998)
(2.2686e-14 170.164 264.744)
(2.32465e-14 162.185 246.075)
(2.35628e-14 151.934 227.656)
(2.76431e-14 141.276 208.183)
(3.20836e-14 129.456 187.56)
(4.0074e-14 117.068 167.078)
(4.8391e-14 104.223 146.812)
(5.6423e-14 90.8416 126.677)
(6.38922e-14 76.8691 106.653)
(6.96085e-14 62.2902 86.6049)
(7.69512e-14 46.9681 66.7182)
(8.24427e-14 31.6351 47.3123)
(7.65726e-14 15.9777 28.7219)
(5.23771e-14 3.21843 9.70967)
(1.19821e-14 -13.1301 -7.33559)
(-3.96967e-14 -10.1647 -20.7568)
(1.45045e-16 139.385 245.128)
(9.55837e-15 160.554 275.27)
(8.36341e-15 143.556 258.53)
(1.10212e-14 133.005 242.899)
(1.24966e-14 120.93 229.851)
(1.32402e-14 110.069 215.83)
(1.70847e-14 96.9769 199.078)
(2.63662e-14 83.0249 179.876)
(3.89907e-14 68.0454 159.278)
(6.06334e-14 52.5687 137.558)
(8.37024e-14 36.6006 115.303)
(1.05912e-13 20.4933 92.7542)
(1.19351e-13 4.1807 69.6674)
(1.34856e-13 -12.187 45.6744)
(1.66253e-13 -26.773 23.0884)
(1.76874e-13 -34.7212 8.6809)
(1.34638e-13 -30.0803 10.6465)
(7.71373e-14 -10.104 31.6148)
(4.75692e-14 17.5755 59.0735)
(2.31608e-14 25.0123 56.8589)
(-2.76216e-16 119.24 211.81)
(-8.02517e-15 133.516 242.152)
(-5.67199e-15 127.606 236.53)
(-5.35979e-15 117.421 223.418)
(-4.78368e-15 105.359 207.06)
(-4.6069e-15 92.7964 191.35)
(-2.92715e-15 79.7756 174.676)
(6.42233e-16 65.8215 156.206)
(8.324e-15 51.2108 135.994)
(2.1725e-14 36.3502 114.768)
(3.81369e-14 22.0093 93.7674)
(4.57686e-14 9.305 74.7546)
(3.34473e-14 -0.454463 59.5619)
(3.60153e-15 -5.17385 50.852)
(-2.46707e-14 -1.00629 53.9184)
(-3.4124e-14 16.0022 74.8544)
(-2.49929e-14 44.7863 112.68)
(-8.60251e-15 75.8149 153.322)
(4.01708e-15 95.3884 171.473)
(6.71147e-15 70.7684 133.621)
(-1.0871e-16 105.179 180.771)
(-2.0126e-16 131.731 232.733)
(-1.998e-16 130.801 226.077)
(-4.63116e-16 120.715 210.516)
(-3.79188e-16 110.071 189.968)
(-5.23318e-15 98.739 171.219)
(-3.2859e-15 89.5362 155.056)
(-2.81578e-15 80.7634 139.876)
(-2.62218e-15 72.4126 124.252)
(-7.21434e-16 64.5128 108.35)
(2.1307e-15 57.506 92.8815)
(3.09084e-15 52.0184 79.3778)
(6.28885e-15 49.5834 70.7105)
(-1.08079e-15 51.8934 70.4823)
(-7.24899e-15 60.1425 80.7865)
(-8.63693e-15 72.6606 100.739)
(-4.55407e-15 87.0316 125.148)
(2.73515e-15 95.4855 146.288)
(5.18295e-15 94.0559 148.604)
(9.28931e-16 68.3592 119.171)
(4.3077e-17 105.858 180.584)
(2.00001e-16 140.309 243.766)
(1.72618e-16 141.284 239.362)
(2.42886e-16 132.626 224.057)
(2.45917e-16 123.042 204.392)
(2.0409e-16 113.034 185.246)
(-9.02315e-17 105.367 169.661)
(-3.28277e-16 99.4566 157.026)
(-7.60107e-16 94.5274 145.76)
(-1.55736e-15 90.1079 134.813)
(-2.68672e-15 85.9131 123.652)
(-4.11708e-15 81.7357 111.989)
(-5.96262e-15 77.5366 99.9893)
(-8.24071e-15 73.5329 88.9844)
(-1.05791e-14 70.6994 81.5991)
(-1.10823e-14 69.7725 80.6882)
(-8.0877e-15 70.6035 86.3782)
(-2.84091e-15 70.6877 94.4549)
(1.68564e-16 64.6671 95.0783)
(-1.53607e-15 43.493 67.9524)
(-1.06412e-17 108.49 183.82)
(-5.06654e-17 149.604 256.699)
(-4.8345e-17 148.724 249.99)
(-5.57691e-17 138.721 231.781)
(-4.81796e-17 127.94 211.451)
(4.01826e-18 118.08 192.667)
(8.13381e-17 110.214 177.44)
(1.6635e-16 103.807 164.352)
(2.74826e-16 97.8622 152.469)
(3.96317e-16 92.2304 141.183)
(5.28807e-16 86.7653 130.452)
(7.45706e-16 81.5052 120.152)
(1.15426e-15 76.3244 110.064)
(1.78976e-15 71.1636 99.8706)
(2.5044e-15 65.7369 89.5961)
(2.97597e-15 60.3701 79.7422)
(2.91555e-15 54.4666 71.5131)
(2.26411e-15 48.5888 63.9758)
(1.17285e-15 37.469 53.8416)
(5.65333e-16 17.0476 19.2187)
(2.38591e-18 116.199 196.423)
(1.09031e-17 159.995 271.251)
(1.12048e-17 154.519 259.006)
(1.04063e-17 143.121 237.511)
(2.31468e-18 131.571 217.06)
(-1.68156e-17 122.584 199.055)
(-3.68391e-17 115.069 184.761)
(-5.89724e-17 108.822 171.491)
(-8.15276e-17 102.491 158.786)
(-9.39275e-17 96.2025 146.079)
(-9.44403e-17 89.7116 133.555)
(-1.09353e-16 83.1058 121.265)
(-1.75942e-16 76.3145 109.352)
(-3.0019e-16 69.459 97.7432)
(-4.34803e-16 62.1894 86.3464)
(-5.14702e-16 54.7257 74.4947)
(-5.17357e-16 45.6885 61.9749)
(-5.06841e-16 36.1069 46.9162)
(-5.6577e-16 19.3268 26.4878)
(-5.92436e-16 1.84723 -8.86534)
(-4.64821e-19 130.472 221.313)
(-2.04907e-18 171.13 285.602)
(-2.07653e-18 159.117 266.83)
(-1.48886e-18 148.333 243.585)
(1.43161e-18 137.136 225.31)
(7.9524e-18 130.468 208.999)
(1.27819e-17 123.7 195.97)
(1.66369e-17 118.408 182.673)
(1.95568e-17 112.266 169.382)
(1.87685e-17 105.792 155.11)
(1.37799e-17 98.4199 140.225)
(1.07295e-17 90.372 124.816)
(1.83265e-17 81.6279 109.244)
(3.77231e-17 72.4132 93.6266)
(5.7462e-17 62.4295 78.145)
(6.03033e-17 52.0118 62.2681)
(3.49306e-17 39.5672 45.7085)
(-2.68062e-17 26.6168 25.842)
(-9.8016e-17 4.19972 0.117893)
(-5.36741e-16 -11.2212 -37.5734)
(7.49492e-20 148.581 257.908)
(3.0387e-19 177.833 294.62)
(2.5841e-19 158.947 272.515)
(1.02264e-19 151.638 251.147)
(-5.72834e-19 140.925 237.54)
(-2.24597e-18 137.395 224.018)
(-3.23142e-18 131.176 213.703)
(-3.62036e-18 127.361 201.249)
(-3.54832e-18 120.752 187.573)
(-2.54427e-18 113.211 170.748)
(-5.95597e-19 103.448 152.246)
(1.01153e-18 92.7177 132.553)
(5.08214e-19 80.9111 112.487)
(-2.54901e-18 68.3677 91.9544)
(-6.26609e-18 54.5861 71.039)
(-5.98249e-18 39.9115 49.2083)
(6.87108e-18 23.126 26.9596)
(3.16092e-17 7.20909 1.59706)
(9.20621e-17 -19.2605 -26.0279)
(-3.66207e-16 -26.2283 -66.555)
(-9.93305e-21 157.598 282.182)
(-2.8107e-20 169.669 284.911)
(-6.5685e-21 148.72 267.78)
(2.64869e-20 144.83 250.759)
(1.84271e-19 133.198 241.707)
(5.6947e-19 130.641 230.986)
(7.11771e-19 123.031 223.843)
(7.0333e-19 118.335 212.232)
(5.7985e-19 107.73 197.007)
(2.20001e-19 95.6623 175.416)
(-3.2473e-19 80.2127 151.588)
(-5.48747e-19 64.8587 126.691)
(-2.34498e-19 48.5826 101.756)
(-1.58886e-18 31.8344 75.6448)
(-7.3843e-18 14.0277 48.2262)
(-6.71533e-18 -4.0863 20.1621)
(3.20926e-17 -19.6347 -4.75657)
(9.51776e-17 -32.0314 -27.5181)
(6.38151e-17 -44.726 -49.9984)
(-1.22029e-16 -28.5773 -46.4887)
(2.63247e-23 148.897 270.79)
(-5.20432e-21 154.225 264.022)
(-1.29277e-20 135.554 250.494)
(-2.39524e-20 130.6 234.611)
(-6.2713e-20 118.302 226.201)
(-1.14792e-19 113.407 215.973)
(-9.13921e-20 103.892 208.772)
(-1.8092e-20 95.5723 196.596)
(1.21482e-19 81.4133 179.383)
(3.47183e-19 65.3901 155.791)
(6.41259e-19 47.2378 130.496)
(9.30334e-19 29.8842 105.278)
(1.11646e-19 12.6243 80.8019)
(-4.70728e-18 -3.79209 56.7088)
(-1.07683e-17 -18.2719 34.4184)
(1.59748e-18 -27.9525 16.6605)
(4.88497e-17 -28.3254 9.52551)
(9.95015e-17 -13.6653 20.6607)
(9.20849e-17 13.833 48.6049)
(2.20128e-17 27.3327 62.9211)
(7.56013e-22 136.151 247.662)
(4.4512e-21 148.763 251.97)
(7.52923e-21 126.938 233.104)
(1.0125e-20 122.613 213.514)
(1.19794e-20 108.21 203.82)
(5.67775e-21 103.064 189.566)
(-1.68473e-20 91.3417 180.103)
(-5.11995e-20 82.9269 166.448)
(-8.56512e-20 69.4723 150.685)
(-6.30284e-20 55.8752 129.611)
(6.8512e-20 40.6956 106.75)
(1.4626e-19 26.9941 83.6108)
(-3.88909e-19 15.134 62.9202)
(-1.99909e-18 7.79933 48.1223)
(-3.65375e-18 8.46265 45.51)
(-3.06179e-18 20.3115 60.0801)
(-9.36875e-19 41.5796 89.0806)
(-2.66423e-18 64.2487 120.118)
(-9.23398e-18 78.8004 134.261)
(-8.6033e-18 58.1662 107.938)
(-3.4891e-22 133.769 243.263)
(-1.75645e-21 154.695 253.868)
(-2.73337e-21 129.213 232.794)
(-3.18173e-21 128.525 208.971)
(-1.79811e-21 112.751 199.099)
(3.27943e-21 110.325 180.815)
(1.08786e-20 98.1133 169.186)
(1.86186e-20 92.7869 153.878)
(2.4247e-20 83.5305 141.773)
(2.78124e-20 77.3616 128.375)
(3.4436e-20 70.4656 115.866)
(3.36067e-20 65.3747 103.429)
(-6.43323e-21 61.3105 92.2194)
(-1.01763e-19 59.0698 83.0171)
(-2.26367e-19 59.0856 77.4402)
(-2.97064e-19 61.0962 77.4755)
(-3.02924e-19 64.7687 82.77)
(-4.69917e-19 66.0651 90.3616)
(-6.65948e-19 61.7332 90.3117)
(3.24816e-19 41.7498 68.6526)
(1.2539e-22 137.52 251.192)
(5.97367e-22 161.408 261.401)
(9.08302e-22 133.489 240.641)
(1.01045e-21 134.741 216.743)
(2.94713e-22 119.276 207.114)
(-1.84407e-21 117.66 189.734)
(-4.58452e-21 107.358 178.142)
(-7.14848e-21 102.62 163.613)
(-8.77347e-21 95.4133 151.334)
(-9.99564e-21 89.9938 139.019)
(-1.45179e-20 84.5841 127.835)
(-2.19338e-20 79.7717 117.218)
(-1.86627e-20 75.1395 106.983)
(1.30199e-20 70.5176 96.8672)
(7.64001e-20 65.6007 86.8635)
(1.57942e-19 60.4723 77.2679)
(2.47585e-19 54.3482 68.5299)
(3.85286e-19 47.5023 59.7683)
(6.99811e-19 35.3281 47.8716)
(1.16412e-18 16.0408 18.0849)
(-4.06441e-23 142.873 264.306)
(-1.84247e-22 165.16 263.335)
(-2.64687e-22 134.869 246.77)
(-2.93928e-22 139.813 223.239)
(-1.11391e-22 122.363 214.472)
(4.47617e-22 122.165 196.756)
(1.08153e-21 111.215 185.781)
(1.59061e-21 107.1 171.451)
(1.88557e-21 99.7652 159.461)
(2.15159e-21 94.2301 146.714)
(3.02111e-21 88.1766 134.622)
(4.09565e-21 82.4854 122.607)
(2.52125e-21 76.656 110.818)
(-5.05536e-21 70.6905 98.8619)
(-1.86852e-20 63.8557 86.5074)
(-3.47864e-20 56.1638 72.9171)
(-5.06599e-20 45.7386 57.7087)
(-7.36574e-20 33.9844 38.9902)
(-1.68221e-19 14.3155 15.6209)
(-7.18373e-20 -1.63534 -19.4624)
(1.19398e-23 147.171 279.042)
(5.47971e-23 166.704 262.369)
(8.28089e-23 135.619 253.384)
(9.38575e-23 144.167 230.314)
(1.79881e-23 124.671 222.783)
(-2.02511e-22 126.104 205.148)
(-4.3413e-22 114.398 195.043)
(-4.92574e-22 111.261 181.133)
(-2.08424e-22 103.956 170.034)
(3.74208e-22 99.3065 158.083)
(8.69893e-22 93.8895 146.92)
(9.03001e-22 88.9189 135.249)
(4.52295e-22 83.2168 122.739)
(-4.61528e-22 76.3741 108.197)
(-2.24376e-21 66.9376 90.7841)
(-5.43669e-21 54.5826 69.317)
(-1.05243e-20 38.2641 45.9907)
(-1.81095e-20 21.5187 20.195)
(-2.42457e-20 -5.57346 -9.42939)
(-2.79206e-19 -18.2998 -48.6418)
(-4.12068e-24 145.112 282.787)
(-1.38623e-23 163.511 256.889)
(-8.7914e-24 132.232 253.606)
(1.81976e-24 141.303 231.586)
(1.06981e-23 121.701 224.77)
(2.67034e-23 122.467 208.68)
(7.28002e-23 111.169 199.444)
(2.40079e-22 107.899 187.066)
(6.06198e-22 100.84 177.346)
(1.05717e-21 96.586 167.052)
(1.109e-21 91.4637 157.512)
(-1.51905e-22 86.595 146.952)
(-3.75573e-21 80.1136 134.114)
(-9.99794e-21 70.709 116.235)
(-1.72701e-20 55.6743 90.1721)
(-2.26407e-20 34.3592 54.6941)
(-2.6072e-20 10.6974 20.356)
(-1.50687e-20 -5.47799 -6.53756)
(-4.11322e-20 -26.9894 -31.7012)
(-2.57312e-19 -28.3404 -65.3418)
(6.19365e-25 133.764 273.294)
(5.47275e-24 157.431 248.307)
(1.79082e-23 122.073 246.215)
(3.19272e-23 128.913 226.619)
(1.89851e-23 111.001 219.465)
(-2.41253e-23 108.058 206.049)
(-1.87026e-23 98.2177 196.743)
(1.67725e-22 92.6955 186.138)
(5.84103e-22 85.941 176.952)
(9.92916e-22 80.5462 167.856)
(7.70127e-22 74.9626 158.949)
(-9.79086e-22 69.0495 148.713)
(-5.05866e-21 61.2269 134.978)
(-1.12114e-20 49.4651 113.788)
(-1.71213e-20 30.9379 80.0697)
(-2.27015e-20 6.54825 34.3462)
(-3.89949e-20 -13.6725 -7.04307)
(-7.46109e-20 -23.7336 -28.494)
(-1.16707e-19 -31.0369 -40.7568)
(-1.52478e-19 -23.9875 -40.3584)
(-6.72015e-25 108.424 253.477)
(-2.17615e-25 147.244 224.78)
(7.72018e-24 107.122 227.8)
(2.02382e-23 112.666 212.971)
(1.96432e-23 96.5326 207.493)
(-4.67335e-24 91.3958 198.176)
(-1.56743e-23 82.1559 190.964)
(8.03233e-23 75.5224 183.16)
(3.57414e-22 68.5198 175.936)
(7.41078e-22 62.3885 168.773)
(9.38063e-22 56.4457 161.688)
(5.3514e-22 50.6284 154.003)
(-7.74107e-22 44.4315 144.78)
(-3.06566e-21 37.6254 132.986)
(-6.34103e-21 30.4984 117.989)
(-1.07529e-20 23.9969 99.6449)
(-1.67708e-20 18.6486 78.5501)
(-2.5102e-20 13.6238 54.7747)
(-3.4255e-20 6.27304 25.1041)
(-3.06794e-20 -3.46177 -4.18766)
(6.19349e-26 35.5819 157.454)
(4.97801e-25 78.2963 129.99)
(1.92495e-24 52.6648 138.077)
(3.66311e-24 52.6646 133.945)
(1.05434e-24 44.2711 133.876)
(-1.12933e-23 39.9822 132.179)
(-2.86967e-23 35.0359 130.846)
(-2.23722e-23 31.1709 129.153)
(6.25722e-23 27.7093 127.364)
(2.84795e-22 24.9236 125.465)
(6.66891e-22 22.7765 123.615)
(1.16534e-21 21.3765 121.929)
(1.67486e-21 20.7532 120.421)
(2.07282e-21 20.8956 118.88)
(2.29361e-21 21.8568 116.812)
(2.38959e-21 23.4901 113.778)
(2.47517e-21 25.3683 109.64)
(2.49179e-21 29.6193 102.323)
(2.02895e-21 32.6717 89.0163)
(7.58171e-22 7.31754 65.8439)
(-5.59704e-26 -35.5717 157.456)
(1.75592e-28 -78.2913 129.985)
(3.86897e-25 -52.6578 138.067)
(1.31925e-24 -52.6604 133.931)
(3.08633e-24 -44.2691 133.859)
(6.43487e-24 -39.9831 132.157)
(1.13606e-23 -35.0403 130.82)
(1.31567e-23 -31.1794 129.123)
(-2.75537e-24 -27.7231 127.33)
(-6.10985e-23 -24.9443 125.429)
(-1.85401e-22 -22.8054 123.577)
(-3.75778e-22 -21.4134 121.886)
(-5.95136e-22 -20.7951 120.365)
(-7.92377e-22 -20.936 118.799)
(-9.51463e-22 -21.8867 116.695)
(-1.09315e-21 -23.5034 113.626)
(-1.20003e-21 -25.3616 109.475)
(-1.16856e-21 -29.5895 102.179)
(-8.73311e-22 -32.6312 88.9179)
(-3.03186e-22 -7.29274 65.788)
(1.17312e-25 -108.39 253.465)
(1.1349e-25 -147.209 224.757)
(9.32096e-25 -107.086 227.778)
(4.19337e-24 -112.634 212.945)
(1.16018e-23 -96.4986 207.464)
(2.06793e-23 -91.3615 198.143)
(1.70663e-23 -82.1192 190.928)
(-2.45331e-23 -75.4834 183.119)
(-1.18426e-22 -68.4774 175.891)
(-2.3081e-22 -62.3419 168.722)
(-2.62701e-22 -56.3925 161.625)
(-8.71307e-23 -50.5688 153.923)
(3.99563e-22 -44.377 144.695)
(1.31828e-21 -37.6142 132.943)
(2.87859e-21 -30.6016 118.066)
(5.1849e-21 -24.2805 99.9228)
(7.99346e-21 -19.0998 79.091)
(1.10889e-20 -14.156 55.4989)
(1.39854e-20 -6.78921 25.7837)
(1.14285e-20 3.20322 -3.93794)
(-1.03422e-24 -133.718 273.238)
(-9.73527e-25 -157.373 248.277)
(-8.76873e-25 -122.018 246.174)
(3.86874e-25 -128.846 226.586)
(6.46998e-24 -110.931 219.435)
(1.62779e-23 -107.973 206.025)
(8.49987e-24 -98.1204 196.726)
(-5.92072e-23 -92.5794 186.13)
(-2.0845e-22 -85.8064 176.955)
(-3.67461e-22 -80.3799 167.869)
(-3.18396e-22 -74.7506 158.958)
(2.7959e-22 -68.7649 148.695)
(1.74761e-21 -60.8302 134.874)
(4.04685e-21 -48.8779 113.474)
(6.64559e-21 -30.1463 79.5121)
(1.0262e-20 -5.90222 34.0888)
(1.90593e-20 13.8196 -6.19893)
(3.36595e-20 23.6164 -27.3188)
(4.07891e-20 30.6096 -39.8481)
(2.23777e-20 23.6203 -38.7024)
(5.11927e-24 -145.129 282.758)
(4.04609e-24 -163.447 256.929)
(2.58917e-24 -132.257 253.626)
(-7.28701e-26 -141.238 231.671)
(-1.98008e-24 -121.707 224.839)
(1.86285e-24 -122.409 208.795)
(1.61415e-24 -111.141 199.556)
(-4.66139e-23 -107.842 187.21)
(-2.00383e-22 -100.783 177.511)
(-4.52412e-22 -96.5277 167.252)
(-6.05199e-22 -91.3845 157.737)
(-1.98709e-22 -86.485 147.149)
(1.33264e-21 -79.9109 134.195)
(4.19664e-21 -70.3011 116.002)
(7.709e-21 -54.852 89.2876)
(1.06921e-20 -32.9465 52.8648)
(1.21743e-20 -9.03043 17.9835)
(3.99604e-21 4.69125 -7.28189)
(2.14768e-20 26.9016 -31.2362)
(-2.56239e-20 28.5298 -64.5118)
(-2.61901e-23 -147.324 279.431)
(-1.82167e-23 -166.82 262.548)
(-1.16454e-23 -135.712 253.642)
(-1.27652e-23 -144.267 230.558)
(-1.80813e-23 -124.676 223.07)
(-2.12879e-23 -126.155 205.43)
(-2.18433e-23 -114.363 195.416)
(-4.37626e-23 -111.297 181.537)
(-1.05671e-22 -103.962 170.539)
(-1.27399e-22 -99.373 158.637)
(6.29363e-23 -93.9595 147.537)
(4.33983e-22 -89.0085 135.889)
(5.25632e-22 -83.2864 123.359)
(-3.61534e-22 -76.3709 108.695)
(-2.48831e-21 -66.7558 91.0118)
(-4.98295e-21 -54.1036 69.1339)
(-5.45029e-21 -37.5052 45.4652)
(-7.3917e-22 -20.9016 19.4174)
(1.56991e-20 6.50047 -11.4531)
(-6.02585e-20 18.8326 -50.3508)
(1.31375e-22 -143.267 264.766)
(8.17306e-23 -165.161 263.398)
(4.02326e-23 -135.167 247.174)
(6.07557e-24 -140.2 223.936)
(-4.83863e-23 -122.976 215.155)
(-1.35718e-22 -122.747 197.551)
(-2.52094e-22 -111.906 186.446)
(-3.6376e-22 -107.671 172.06)
(-4.03029e-22 -100.257 159.885)
(-5.18436e-22 -94.5682 147.07)
(-1.30018e-21 -88.425 134.951)
(-3.07046e-21 -82.623 122.889)
(-4.85756e-21 -76.652 110.985)
(-3.74642e-21 -70.5116 98.8359)
(2.78577e-21 -63.4512 86.2084)
(1.2993e-20 -55.4858 72.2465)
(1.68516e-20 -44.7306 56.6007)
(-7.97244e-22 -32.7189 37.3514)
(-7.97617e-20 -12.5976 13.2264)
(1.41407e-19 2.91998 -22.0707)
(-6.28628e-22 -136.87 251.03)
(-3.30241e-22 -162.937 262.624)
(-9.5111e-23 -133.645 240.754)
(1.25251e-22 -135.172 215.927)
(4.12032e-22 -118.735 206.74)
(8.45833e-22 -117.627 189.181)
(1.44704e-21 -106.668 178.439)
(1.99635e-21 -102.511 164.324)
(1.64045e-21 -95.346 153.092)
(5.17696e-22 -90.3951 141.123)
(2.70483e-21 -84.9648 129.981)
(1.47082e-20 -80.1988 119.257)
(4.06202e-20 -75.412 108.857)
(7.86584e-20 -70.4867 98.4869)
(1.26419e-19 -65.1367 88.2112)
(1.9283e-19 -59.5313 78.0851)
(3.23984e-19 -52.7533 68.3542)
(5.96407e-19 -45.2834 58.0742)
(1.01211e-18 -32.6935 44.7361)
(1.462e-18 -14.2928 15.0273)
(2.80445e-21 -137.383 243.56)
(1.34675e-21 -146.855 247.156)
(6.95552e-23 -133.257 231.895)
(-1.34828e-21 -126.918 215.056)
(-3.25676e-21 -115.553 202.76)
(-6.07158e-21 -108.069 187.404)
(-9.90562e-21 -97.1177 173.905)
(-1.42432e-20 -88.3909 157.807)
(-1.76768e-20 -77.7614 142.294)
(-2.33107e-20 -70.2799 127.123)
(-3.48793e-20 -64.134 114.504)
(-4.33171e-20 -60.6853 103.086)
(-8.61429e-20 -58.6443 93.8996)
(-3.36005e-19 -57.5061 85.8926)
(-9.0878e-19 -57.5479 80.0574)
(-1.84494e-18 -58.574 78.1604)
(-3.11408e-18 -59.9732 79.998)
(-4.29675e-18 -59.2372 82.9899)
(-4.51064e-18 -53.3326 79.7385)
(-2.74965e-18 -34.9409 56.644)
(-1.28816e-20 -141.105 246.225)
(-7.18014e-21 -142.368 248.033)
(1.0789e-21 -136.929 241.832)
(1.1245e-20 -130.035 232.559)
(2.44725e-20 -121.214 221.694)
(4.21174e-20 -111.555 208.795)
(6.59064e-20 -100.295 194.371)
(1.01355e-19 -87.5108 176.786)
(1.58662e-19 -71.4754 154.356)
(1.8575e-19 -52.6085 125.162)
(-1.18891e-19 -34.5235 95.2021)
(-8.91468e-19 -21.8383 71.9248)
(-9.87764e-19 -12.821 54.369)
(1.74922e-18 -8.61059 43.6091)
(7.45158e-18 -12.3455 45.3318)
(1.19727e-17 -25.557 61.8445)
(1.16713e-17 -44.2201 86.7944)
(9.18576e-18 -60.3153 108.744)
(8.92327e-18 -67.4939 114.514)
(7.22816e-18 -48.0338 86.861)
(5.36387e-20 -149.216 260.085)
(4.79955e-20 -149.272 260.87)
(1.02575e-20 -145.418 256.119)
(-4.67751e-20 -140.034 247.973)
(-1.2393e-19 -133.779 238.19)
(-2.21829e-19 -126.816 227.562)
(-3.35408e-19 -119.101 216.012)
(-4.56232e-19 -109.516 202.151)
(-5.75642e-19 -95.2055 181.46)
(-7.04772e-19 -72.889 148.746)
(-1.03091e-18 -49.0368 114.175)
(-1.75508e-18 -30.5862 89.335)
(-1.88619e-18 -14.977 69.3944)
(1.74082e-18 -0.346758 50.1782)
(1.04144e-17 12.6605 31.8284)
(1.47287e-17 20.3085 18.7136)
(-1.35613e-18 16.5792 19.4576)
(-3.47554e-17 -1.13723 37.1684)
(-5.15587e-17 -24.4791 60.1378)
(-2.3524e-17 -28.0367 59.579)
(-1.7684e-19 -151.377 261.864)
(-2.59883e-19 -154.558 264.463)
(-1.79295e-19 -149.058 253.665)
(2.38498e-20 -144.262 242.466)
(3.42675e-19 -139.98 232.098)
(7.6394e-19 -136.218 222.734)
(1.25322e-18 -132.835 214.282)
(1.77052e-18 -129.338 206.291)
(2.2216e-18 -124.22 196.521)
(2.60704e-18 -113.668 179.59)
(2.9616e-18 -97.5241 155.993)
(2.86861e-18 -80.0836 132.183)
(1.80321e-18 -62.397 108.691)
(6.31837e-19 -44.2458 84.0825)
(2.42624e-18 -25.7973 58.3179)
(6.72996e-18 -6.99203 31.3966)
(-5.78677e-18 11.9927 2.22272)
(-6.46105e-17 28.7267 -25.1255)
(-1.22534e-16 33.0852 -35.2704)
(-9.67455e-17 18.0649 -27.1554)
(4.4091e-19 -141.416 241.484)
(1.01132e-18 -148.645 249.795)
(1.16444e-18 -142.575 235.209)
(8.52271e-19 -137.788 222.652)
(5.29751e-20 -134.113 212.236)
(-1.21517e-18 -131.252 203.38)
(-2.89339e-18 -129.122 195.962)
(-5.16913e-18 -127.504 189.163)
(-7.24175e-18 -125.893 182.524)
(-8.65361e-18 -123.372 174.999)
(-1.01635e-17 -117.491 163.489)
(-1.05725e-17 -108.514 148.549)
(-7.59215e-18 -97.5299 131.483)
(-3.82974e-19 -85.1584 112.982)
(9.99812e-18 -71.2583 93.3733)
(2.16108e-17 -56.1104 72.3158)
(3.09885e-17 -38.5224 49.7178)
(3.52169e-17 -21.3566 25.2883)
(-1.64344e-17 6.8905 -4.47147)
(-5.43021e-17 18.5066 -51.0677)
(-6.12869e-19 -127.087 215.649)
(-2.37012e-18 -136.051 228.763)
(-4.05141e-18 -131.49 216.503)
(-5.23736e-18 -127.19 206.194)
(-5.93786e-18 -123.619 197.365)
(-5.73012e-18 -120.266 189.291)
(-2.92981e-18 -116.754 181.083)
(4.26293e-18 -113.035 172.173)
(1.21366e-17 -110.698 165.738)
(1.8214e-17 -109.61 161.155)
(2.60253e-17 -107.229 154.46)
(2.76338e-17 -101.994 144.486)
(9.43612e-18 -94.7917 131.883)
(-3.29529e-17 -86.194 117.719)
(-9.24278e-17 -76.3128 102.676)
(-1.56783e-16 -65.6582 86.522)
(-2.1331e-16 -52.8258 69.1328)
(-2.42411e-16 -39.4845 48.7079)
(-2.56291e-16 -17.4785 22.2122)
(5.77061e-17 1.93984 -21.0368)
(-5.93009e-19 -116.319 197.698)
(1.05032e-18 -125.401 212.548)
(6.52783e-18 -122.812 204.314)
(1.55075e-17 -119.53 197.089)
(3.02541e-17 -116.451 190.102)
(4.64542e-17 -113.243 183.042)
(5.77209e-17 -109.791 175.452)
(7.2134e-17 -105.41 166.121)
(6.72595e-17 -101.713 157.714)
(2.45796e-17 -99.6954 152.146)
(-3.18644e-17 -98.0841 147.068)
(-4.86254e-17 -95.2903 140.763)
(3.22216e-17 -90.9845 132.508)
(2.28758e-16 -85.2349 122.396)
(5.04403e-16 -78.0857 110.917)
(7.91488e-16 -70.0418 98.2904)
(1.00969e-15 -60.1529 84.7151)
(1.06929e-15 -49.1313 68.5924)
(8.98515e-16 -31.9034 46.9037)
(7.51045e-16 -10.0955 7.77465)
(8.41844e-18 -109.748 187.279)
(2.31715e-17 -116.433 199.942)
(1.34128e-17 -115.318 196.077)
(-1.54258e-17 -112.064 191.242)
(-7.30512e-17 -108.229 184.016)
(-1.32839e-16 -104.323 175.548)
(-2.1105e-16 -101.102 166.593)
(-3.08715e-16 -97.3479 156.307)
(-3.35354e-16 -94.3656 147.424)
(-2.08094e-16 -93.4262 141.97)
(5.78679e-18 -93.8537 138.351)
(2.89466e-17 -93.9985 134.287)
(-4.23327e-16 -92.8766 128.444)
(-1.35919e-15 -90.2359 121.207)
(-2.5014e-15 -86.4467 113.901)
(-3.39391e-15 -81.9664 107.648)
(-3.55584e-15 -76.1648 102.118)
(-2.72484e-15 -68.123 94.3914)
(-1.15539e-15 -53.4009 78.793)
(3.72593e-16 -28.6008 42.1446)
(-3.75165e-17 -106.933 183.439)
(-1.55007e-16 -113.573 199.932)
(-1.55069e-16 -113.427 202.1)
(-1.42156e-16 -106.939 196.027)
(-1.61655e-16 -95.9814 179.789)
(-1.79303e-16 -83.8131 159.381)
(4.07886e-16 -75.2836 143.023)
(8.80569e-16 -70.0315 132.431)
(8.71247e-16 -65.8333 123.747)
(3.88891e-16 -62.5562 115.777)
(2.91853e-16 -60.9563 109.198)
(2.0279e-15 -62.0869 105.582)
(5.4686e-15 -65.9827 105.578)
(8.83373e-15 -71.5752 108.513)
(1.02457e-14 -79.1001 114.928)
(8.46557e-15 -86.9819 124.564)
(3.99805e-15 -93.1897 133.893)
(-8.34888e-16 -92.4351 138.188)
(-3.1481e-15 -82.611 127.159)
(-1.68762e-15 -55.1364 93.774)
(8.09163e-17 -116.293 205.903)
(5.81507e-16 -125.018 227.852)
(5.96886e-16 -124.444 235.761)
(1.01777e-15 -114.405 226.827)
(2.73762e-15 -95.4026 202.072)
(5.25362e-15 -75.1323 173.877)
(3.6401e-15 -61.5 156.323)
(2.38563e-15 -52.0987 145.823)
(-5.87844e-16 -41.5339 132.921)
(-5.5686e-15 -29.6491 116.718)
(-1.00625e-14 -17.5203 98.8313)
(-1.23712e-14 -6.23216 80.7299)
(-1.37071e-14 2.44312 64.9497)
(-1.51323e-14 5.24873 56.5908)
(-1.44354e-14 -2.1538 62.767)
(-8.57625e-15 -21.6715 86.4544)
(-2.35944e-15 -49.0107 120.555)
(-2.0779e-15 -74.6609 150.632)
(-4.86055e-15 -88.9081 159.175)
(-6.77414e-15 -64.1705 122.005)
(-6.09936e-17 -140.826 250.754)
(-3.1237e-15 -153.826 268.784)
(-2.09821e-15 -150.561 275.392)
(-2.93638e-15 -143.97 266.58)
(-2.45263e-15 -125.952 242.851)
(2.22661e-15 -104.743 212.365)
(2.09479e-15 -88.327 191.284)
(-4.4476e-16 -77.33 177.83)
(-4.38123e-15 -65.7381 162.838)
(-1.06024e-14 -52.793 145.019)
(-1.72891e-14 -38.8774 125.537)
(-2.30861e-14 -24.1958 104.743)
(-2.88385e-14 -9.08571 83.2299)
(-3.32154e-14 5.53407 62.0624)
(-2.74994e-14 18.946 41.3399)
(-2.75493e-15 29.6293 21.5449)
(3.17608e-14 31.9401 10.1809)
(4.96468e-14 19.0141 17.7108)
(3.72831e-14 -4.46977 37.4602)
(1.09544e-14 -16.4565 42.9669)
(2.88411e-16 -134.921 230.383)
(-1.56552e-14 -175.907 289.8)
(-1.325e-14 -171.84 288.729)
(-1.48548e-14 -166.893 277.128)
(-1.52708e-14 -156.377 260.048)
(-1.41579e-14 -142.481 236.258)
(-1.45401e-14 -127.962 213.045)
(-1.92828e-14 -116.342 193.791)
(-2.16658e-14 -105.934 175.921)
(-2.26641e-14 -95.5091 157.878)
(-2.83362e-14 -84.6991 139.651)
(-3.28804e-14 -73.377 121.2)
(-3.83353e-14 -61.2012 102.375)
(-4.02163e-14 -48.028 82.8146)
(-4.69892e-14 -33.0048 61.6962)
(-5.04845e-14 -15.865 37.0523)
(-6.39944e-14 3.00075 9.09553)
(-9.00041e-14 24.7414 -27.026)
(-5.10555e-14 43.3343 -52.2128)
(4.51427e-15 21.887 -53.4892)
(-4.80865e-16 -99.8357 163.673)
(-9.05184e-15 -165.825 266.992)
(-8.26782e-15 -179.243 279.603)
(-6.89818e-15 -178.067 267.251)
(-5.70588e-15 -171.984 248.187)
(-4.59719e-15 -164.266 226.153)
(-3.27793e-15 -154.797 205.126)
(-2.69654e-15 -145.349 184.554)
(-1.71029e-15 -136.37 166.042)
(-1.13393e-17 -128.166 149.696)
(1.93715e-15 -120.478 135.218)
(4.19415e-15 -113.004 122.259)
(6.7304e-15 -105.377 110.396)
(9.91979e-15 -97.3473 99.1144)
(1.3481e-14 -88.3792 88.1472)
(1.7575e-14 -78.587 77.024)
(2.12819e-14 -66.5606 65.7642)
(2.5577e-14 -53.79 53.2652)
(3.27051e-14 -34.0581 38.4543)
(5.20961e-14 -13.431 7.0922)
)
;

boundaryField
{
    outletWall
    {
        type            zeroGradient;
    }
    fineWalls
    {
        type            noSlip;
    }
    fineFrontAndBack
    {
        type            zeroGradient;
    }
    fineplugLeft
    {
        type            cyclicAMI;
        value           nonuniform List<vector> 
20
(
(-4.02603e-14 8.95336 2.42821)
(3.07589e-15 6.94169 14.1595)
(3.66947e-14 20.4089 27.8445)
(5.72459e-14 30.8549 43.331)
(6.26701e-14 43.6161 58.4779)
(5.88082e-14 56.0484 74.4406)
(5.33664e-14 68.4326 90.8911)
(4.91346e-14 80.1741 107.557)
(4.3373e-14 91.3798 124.214)
(3.71553e-14 102.081 140.861)
(3.05851e-14 112.274 157.39)
(2.42201e-14 121.817 173.845)
(2.07048e-14 131.301 190.033)
(1.86033e-14 139.955 208.167)
(1.65994e-14 140.786 216.945)
(1.61211e-14 146.474 230.912)
(1.58908e-14 153.331 243.339)
(1.55217e-14 157.038 254.189)
(1.32106e-14 155.099 249.144)
(-1.71279e-15 107.536 175.564)
)
;
    }
    fineplugRight
    {
        type            cyclicAMI;
        value           nonuniform List<vector> 
20
(
(4.80211e-14 -24.7496 29.7)
(3.19284e-14 -41.9046 56.3249)
(2.64872e-14 -57.8021 68.2225)
(2.27943e-14 -68.3024 78.4841)
(1.95977e-14 -78.1066 87.5947)
(1.59859e-14 -86.1097 96.5652)
(1.2838e-14 -93.4094 105.327)
(9.95083e-15 -99.9155 114.278)
(7.53132e-15 -106.049 123.671)
(5.31101e-15 -112.041 133.973)
(3.35687e-15 -118.151 145.484)
(1.58972e-15 -124.388 158.389)
(4.0084e-16 -131.766 172.63)
(-1.14784e-15 -141.267 189.245)
(-1.07164e-15 -141.031 198.98)
(-1.95706e-15 -146.592 215.534)
(-2.99836e-15 -151.177 229.418)
(-4.24161e-15 -151.569 237.239)
(-4.99873e-15 -140.473 223.712)
(2.05179e-15 -87.5061 135.332)
)
;
    }
    inletOutletLeft
    {
        type            cyclicAMI;
        value           nonuniform List<vector> 
20
(
(-4.02603e-14 8.95336 2.42821)
(3.07589e-15 6.94169 14.1595)
(3.66947e-14 20.4089 27.8445)
(5.72459e-14 30.8549 43.331)
(6.26701e-14 43.6161 58.4779)
(5.88082e-14 56.0484 74.4406)
(5.33664e-14 68.4326 90.8911)
(4.91346e-14 80.1741 107.557)
(4.3373e-14 91.3798 124.214)
(3.71553e-14 102.081 140.861)
(3.05851e-14 112.274 157.39)
(2.42201e-14 121.817 173.845)
(2.07048e-14 131.301 190.033)
(1.86033e-14 139.955 208.167)
(1.65994e-14 140.786 216.945)
(1.61211e-14 146.474 230.912)
(1.58908e-14 153.331 243.339)
(1.55217e-14 157.038 254.189)
(1.32106e-14 155.099 249.144)
(-1.71279e-15 107.536 175.564)
)
;
    }
    inletLeft
    {
        type            fixedValue;
        value           uniform (0 -60 140);
    }
    inletWallsLeft
    {
        type            noSlip;
    }
    inletFacesLeft
    {
        type            zeroGradient;
    }
    inletOutletRight
    {
        type            cyclicAMI;
        value           nonuniform List<vector> 
20
(
(4.80211e-14 -24.7496 29.7)
(3.19284e-14 -41.9046 56.3249)
(2.64872e-14 -57.8021 68.2225)
(2.27943e-14 -68.3024 78.4841)
(1.95977e-14 -78.1066 87.5947)
(1.59859e-14 -86.1097 96.5652)
(1.2838e-14 -93.4094 105.327)
(9.95083e-15 -99.9155 114.278)
(7.53132e-15 -106.049 123.671)
(5.31101e-15 -112.041 133.973)
(3.35687e-15 -118.151 145.484)
(1.58972e-15 -124.388 158.389)
(4.0084e-16 -131.766 172.63)
(-1.14784e-15 -141.267 189.245)
(-1.07164e-15 -141.031 198.98)
(-1.95706e-15 -146.592 215.534)
(-2.99836e-15 -151.177 229.418)
(-4.24161e-15 -151.569 237.239)
(-4.99873e-15 -140.473 223.712)
(2.05179e-15 -87.5061 135.332)
)
;
    }
    inletRight
    {
        type            fixedValue;
        value           uniform (0 60 140);
    }
    inletWallsRight
    {
        type            noSlip;
    }
    inletFacesRight
    {
        type            zeroGradient;
    }
}


// ************************************************************************* //
