/*--------------------------------*- C++ -*----------------------------------*\
| =========                 |                                                 |
| \\      /  F ield         | OpenFOAM: The Open Source CFD Toolbox           |
|  \\    /   O peration     | Version:  4.1                                   |
|   \\  /    A nd           | Web:      www.OpenFOAM.org                      |
|    \\/     M anipulation  |                                                 |
\*---------------------------------------------------------------------------*/
FoamFile
{
    version     2.0;
    format      ascii;
    class       volVectorField;
    location    "17";
    object      U;
}
// * * * * * * * * * * * * * * * * * * * * * * * * * * * * * * * * * * * * * //

dimensions      [0 1 -1 0 0 0 0];

internalField   nonuniform List<vector> 
1280
(
(-6.01548e-15 -3.76301 -2.45603)
(-5.67594e-15 -3.08812 -2.35701)
(-4.20116e-15 -3.00958 -1.7025)
(-3.74925e-15 -2.52606 -1.88874)
(-4.23131e-15 -2.70226 -2.57342)
(-2.99846e-15 -1.92935 -1.83936)
(-3.01641e-15 -1.77242 -1.96388)
(-3.14562e-15 -1.35736 -1.96251)
(-4.43897e-15 -1.29207 -2.75306)
(-1.05551e-15 -0.739347 -2.14346)
(-3.94315e-16 -0.32031 -2.30181)
(6.35368e-16 -0.0558733 -3.21949)
(1.78685e-15 0.454477 -2.41507)
(2.66269e-15 0.894859 -2.10818)
(1.60775e-15 1.42515 -3.91825)
(9.32978e-16 1.8446 -3.17612)
(9.56984e-16 2.49654 -2.80587)
(-5.41479e-16 3.1263 -5.22507)
(-7.79556e-16 3.69605 -4.10372)
(-8.53285e-16 4.30472 -4.60806)
(-7.84064e-16 4.44183 -3.93488)
(-2.63719e-16 4.42293 0.590572)
(-2.38881e-16 4.35307 6.25744)
(-3.62948e-16 4.33409 9.45255)
(-4.75827e-16 4.51236 10.6077)
(-6.32473e-16 5.04333 11.17)
(-1.57097e-15 3.45094 6.86841)
(-8.89164e-16 8.86631 13.2517)
(-1.18117e-15 8.90176 13.2879)
(-1.58512e-15 9.00623 13.1242)
(-2.04659e-15 9.06763 12.8481)
(-2.53913e-15 9.07652 12.4785)
(-3.0574e-15 9.06952 12.0407)
(-3.56517e-15 9.047 11.5731)
(-4.01902e-15 9.01311 11.1224)
(-4.39646e-15 8.96317 10.7246)
(-4.60081e-15 8.90969 10.4299)
(-4.69857e-15 8.80827 10.2058)
(-4.24008e-15 8.75455 10.1383)
(-3.85567e-15 8.48278 9.81161)
(-2.12939e-15 9.97607 12.2153)
(3.58797e-16 6.44198 9.14592)
(1.20259e-15 5.512 9.17664)
(1.78325e-15 4.37105 9.39231)
(3.8321e-15 2.74039 9.43832)
(2.78196e-15 1.59661 5.52435)
(2.68083e-15 0.933571 4.95382)
(1.94106e-15 0.357039 5.27775)
(7.73157e-15 -0.676321 -0.0479373)
(1.93103e-15 -0.0172892 -3.92695)
(-1.00279e-14 -0.260693 -2.65388)
(-1.80597e-15 0.316293 0.27648)
(-1.7639e-15 -0.383164 4.68772)
(-1.86474e-15 -0.961045 4.36127)
(-1.93783e-15 -1.49263 4.8757)
(-2.56071e-15 -2.84398 8.69849)
(-1.64066e-15 -4.31644 8.96139)
(-9.82905e-16 -5.41841 8.72758)
(-4.64888e-17 -6.24262 8.76481)
(2.87838e-15 -10.1355 12.0243)
(4.62402e-15 -8.85263 9.67388)
(4.82009e-15 -9.12564 9.99591)
(5.22987e-15 -9.18584 10.0511)
(5.14767e-15 -9.28569 10.2602)
(4.99109e-15 -9.34099 10.5303)
(4.71027e-15 -9.38871 10.8956)
(4.41228e-15 -9.42039 11.3108)
(4.10903e-15 -9.43857 11.7529)
(3.81224e-15 -9.44113 12.1921)
(3.55599e-15 -9.4364 12.6057)
(3.37369e-15 -9.38858 12.9763)
(3.28931e-15 -9.28045 13.2828)
(3.28372e-15 -9.29113 13.4017)
(5.52997e-15 -5.08774 7.68086)
(3.81554e-15 -6.36206 10.9124)
(4.06613e-15 -5.82136 10.8431)
(4.11346e-15 -5.53803 10.2452)
(4.15251e-15 -5.46073 7.95249)
(4.1919e-15 -5.47958 3.28421)
(4.603e-15 -5.50401 -0.754407)
(4.21362e-15 -5.45985 -1.51334)
(4.04225e-15 -5.27329 -0.840175)
(4.85748e-15 -6.31341 -1.37298)
(3.41129e-15 -5.31803 -1.19326)
(3.63242e-15 -4.92377 -1.14746)
(5.19553e-15 -5.97001 -1.80916)
(4.34277e-15 -4.69941 -1.64528)
(5.10157e-15 -4.3123 -1.60445)
(7.58329e-15 -5.09505 -2.39483)
(6.11921e-15 -3.64931 -1.95559)
(6.04016e-15 -3.28819 -1.98643)
(6.5596e-15 -3.79185 -3.10191)
(3.68891e-15 -2.26262 -2.52613)
(3.107e-15 -2.11764 -2.36855)
(3.08048e-15 -1.52277 -2.1654)
(3.86491e-15 -2.36886 -3.12313)
(2.53208e-15 -0.399244 -2.55935)
(2.57047e-15 0.1954 -2.46121)
(2.34757e-15 -1.30574 -4.15907)
(3.55717e-15 1.5622 -4.65312)
(-5.93338e-15 3.06863 4.70375)
(-5.25644e-15 4.05906 4.29102)
(-4.61974e-15 3.62442 3.59345)
(-3.77122e-15 -0.130407 1.95419)
(-3.17086e-15 -4.09754 1.60701)
(-2.23601e-15 -5.64059 1.65437)
(-1.01561e-15 -6.87806 1.56737)
(2.92399e-17 -7.89792 1.42725)
(5.70468e-16 -8.58938 1.20072)
(6.6978e-16 -8.79904 0.911486)
(6.22945e-16 -8.20066 0.545203)
(5.40925e-16 -6.40893 0.137776)
(4.30811e-16 -1.68841 -0.627222)
(7.95447e-16 4.80009 -2.43409)
(1.71765e-15 6.27408 -3.30419)
(2.19305e-15 5.64152 -4.57119)
(2.37735e-15 1.32432 -6.00282)
(2.91865e-15 -3.39758 -6.38606)
(3.50963e-15 -4.30277 -5.64642)
(-5.08579e-15 3.19108 4.05109)
(-4.0482e-15 4.39697 3.68507)
(-3.68886e-15 4.305 3.11174)
(-3.31531e-15 0.610872 1.75156)
(-3.09023e-15 -4.17997 1.38244)
(-2.16941e-15 -5.68846 1.70172)
(-9.60187e-16 -6.87244 1.60336)
(5.79732e-17 -7.83317 1.49603)
(5.77763e-16 -8.46625 1.29278)
(6.69783e-16 -8.61779 1.0429)
(6.21818e-16 -7.9477 0.741808)
(5.40151e-16 -5.98962 0.428327)
(4.06751e-16 -0.392236 -0.601287)
(1.41857e-15 5.48705 -2.24442)
(2.31778e-15 6.9112 -1.97922)
(2.00763e-15 6.54264 -2.82449)
(1.83331e-15 2.09883 -4.47469)
(2.60762e-15 -3.55261 -6.12737)
(3.35784e-15 -5.14738 -5.32239)
(-4.03317e-15 3.23928 3.69744)
(-3.10508e-15 4.51265 3.33323)
(-3.03445e-15 4.49004 2.79804)
(-2.9139e-15 0.863956 1.80439)
(-2.93007e-15 -4.14519 1.21622)
(-2.08114e-15 -5.71284 1.72338)
(-8.88396e-16 -6.81234 1.69206)
(9.57036e-17 -7.75503 1.59472)
(5.87657e-16 -8.37201 1.43304)
(6.69604e-16 -8.52099 1.23204)
(6.19857e-16 -7.87078 1.02373)
(5.30479e-16 -5.8603 0.879948)
(3.87168e-16 0.103169 -0.263934)
(2.34884e-15 5.37258 -0.641876)
(2.2916e-15 6.66279 0.766397)
(1.20618e-15 6.82718 0.179093)
(1.09133e-15 2.64596 -1.22241)
(2.22785e-15 -3.22247 -4.58071)
(2.85921e-15 -5.59037 -4.61819)
(-2.74471e-15 3.32025 3.3003)
(-2.04531e-15 4.72218 2.99475)
(-2.3336e-15 4.81232 2.45635)
(-2.49205e-15 1.2446 1.78954)
(-2.71477e-15 -4.15652 1.23401)
(-1.97653e-15 -5.81116 1.6785)
(-8.05905e-16 -6.80391 1.82497)
(1.37359e-16 -7.70691 1.72461)
(5.99103e-16 -8.31548 1.60544)
(6.69243e-16 -8.46644 1.46357)
(6.15364e-16 -7.85652 1.36895)
(5.0596e-16 -5.75184 1.40196)
(7.77849e-16 0.655363 0.556307)
(2.79123e-15 4.84426 2.00358)
(1.65707e-15 6.49461 3.55459)
(5.92421e-16 7.31788 3.10612)
(9.64115e-16 3.76089 1.75001)
(1.87822e-15 -2.4744 -1.96318)
(2.33673e-15 -5.73454 -3.27482)
(-1.30032e-15 3.36449 2.90738)
(-1.01675e-15 4.86882 2.7089)
(-1.68734e-15 4.9893 2.19142)
(-2.08376e-15 1.4314 1.90831)
(-2.46136e-15 -4.15513 1.42946)
(-1.85872e-15 -5.92364 1.64939)
(-7.1629e-16 -6.84574 1.95972)
(1.85374e-16 -7.66855 1.90793)
(6.10534e-16 -8.27294 1.8092)
(6.68664e-16 -8.43477 1.7351)
(6.02908e-16 -7.88398 1.76452)
(5.06521e-16 -5.6994 1.95742)
(1.41928e-15 0.235446 2.03669)
(2.55276e-15 4.02586 4.67281)
(1.12601e-15 6.23834 5.97641)
(3.13656e-16 7.68841 5.92637)
(1.02017e-15 4.7563 4.66393)
(1.9547e-15 -1.45528 0.975806)
(2.27e-15 -5.05456 -1.44664)
(6.16178e-17 3.39051 2.51053)
(-1.26185e-16 5.00224 2.46772)
(-1.12083e-15 5.12545 2.02202)
(-1.67131e-15 1.53974 2.16221)
(-2.16503e-15 -4.09321 1.78177)
(-1.71694e-15 -5.99857 1.73399)
(-6.26853e-16 -6.92095 2.06877)
(2.4387e-16 -7.64641 2.13632)
(6.21042e-16 -8.24313 2.04791)
(6.66458e-16 -8.44212 2.03083)
(5.8064e-16 -7.97773 2.18222)
(5.52144e-16 -5.81744 2.52654)
(1.76019e-15 -0.605047 3.60985)
(2.1884e-15 3.23209 6.83576)
(8.16874e-16 5.95431 7.93188)
(2.71536e-17 7.97702 8.42889)
(8.00884e-16 5.81623 7.82079)
(2.671e-15 -1.24456 3.44561)
(1.96589e-15 -4.63791 0.103269)
(1.14992e-15 3.37408 2.12666)
(5.71543e-16 5.07058 2.27095)
(-6.2903e-16 5.14344 1.97869)
(-1.22231e-15 1.49998 2.57277)
(-1.82743e-15 -3.98656 2.29087)
(-1.56547e-15 -6.00986 1.98166)
(-5.83071e-16 -7.01052 2.18188)
(3.13891e-16 -7.65874 2.37239)
(6.33089e-16 -8.22646 2.32793)
(6.60006e-16 -8.48337 2.33743)
(5.60983e-16 -8.13089 2.58494)
(6.56252e-16 -6.14878 3.08156)
(1.88612e-15 -1.65582 4.93267)
(1.58843e-15 2.39202 8.10193)
(4.16318e-16 5.55321 8.75457)
(-1.3102e-16 7.89532 9.73051)
(1.74526e-16 6.99797 10.7521)
(3.46475e-15 2.11917 7.53307)
(4.69132e-15 -1.9676 3.17576)
(1.83446e-15 3.31869 1.80627)
(1.04812e-15 5.06769 2.1359)
(-2.01259e-16 5.04041 2.09373)
(-7.12204e-16 1.34386 3.13671)
(-1.33431e-15 -3.84665 2.92941)
(-1.21197e-15 -5.93494 2.39364)
(-4.29644e-16 -7.07795 2.36059)
(3.56084e-16 -7.70719 2.58706)
(6.55349e-16 -8.22593 2.63946)
(6.4596e-16 -8.54156 2.65414)
(5.27105e-16 -8.32617 2.94525)
(7.27456e-16 -6.6407 3.56426)
(1.66158e-15 -2.72234 5.77012)
(1.44073e-16 1.80936 8.13966)
(-5.15252e-16 5.21965 8.02558)
(1.28061e-16 7.27011 9.46493)
(-4.58828e-16 6.3473 12.434)
(9.9199e-16 1.0575 13.5099)
(3.78128e-15 -5.39362 11.1286)
(2.08821e-15 3.22489 1.59864)
(1.30474e-15 4.97254 2.0854)
(1.80165e-16 4.7847 2.39105)
(-1.37282e-16 1.08 3.83359)
(-1.00106e-15 -3.66805 3.65536)
(-1.20346e-15 -5.76913 2.94295)
(-7.13074e-16 -7.0854 2.65151)
(4.12662e-16 -7.77516 2.78891)
(6.78437e-16 -8.2496 2.95224)
(6.24426e-16 -8.60353 2.98564)
(5.68155e-16 -8.53844 3.2592)
(1.00503e-15 -7.17974 3.92136)
(1.02173e-15 -3.59933 6.0092)
(-2.27231e-15 1.59802 6.89596)
(-1.92317e-15 4.93747 6.02385)
(4.85969e-16 6.26463 8.25291)
(2.43448e-16 5.35184 11.8449)
(-1.94685e-15 1.95102 13.8239)
(-1.63725e-15 -2.07643 12.7875)
(1.97308e-15 3.10204 1.53025)
(1.37769e-15 4.77796 2.15056)
(5.21121e-16 4.37374 2.88188)
(6.00112e-16 0.744917 4.61314)
(-1.59441e-17 -3.45978 4.42197)
(-3.42163e-16 -5.5254 3.58925)
(6.45402e-16 -7.01042 3.06607)
(3.87918e-16 -7.83378 3.01768)
(6.97246e-16 -8.30034 3.23872)
(6.18091e-16 -8.66403 3.32784)
(5.10616e-16 -8.73781 3.54743)
(4.11789e-16 -7.65043 4.1677)
(2.61753e-16 -4.07121 5.81239)
(-3.44749e-15 1.81589 5.08752)
(-2.43837e-15 4.5916 3.71709)
(3.02855e-16 5.08031 7.06175)
(2.17728e-15 4.39226 11.1586)
(6.94717e-16 1.30715 9.61431)
(-2.49926e-15 -1.35212 5.6479)
(1.61e-15 2.95139 1.59)
(1.34713e-15 4.47167 2.36535)
(8.3604e-16 3.81768 3.55577)
(1.27046e-15 0.381169 5.41321)
(1.43505e-15 -3.22407 5.17972)
(8.845e-16 -5.22253 4.28676)
(2.56044e-16 -6.84873 3.58788)
(3.14549e-16 -7.85155 3.3163)
(7.0995e-16 -8.36951 3.49957)
(6.00978e-16 -8.72804 3.6646)
(3.94008e-16 -8.90667 3.83699)
(2.72172e-16 -8.00155 4.36094)
(5.80775e-17 -4.12546 5.50184)
(-1.60038e-15 2.37141 3.9434)
(-3.69396e-16 4.13027 2.25674)
(-3.64442e-16 3.3127 5.32203)
(1.90721e-15 4.0294 11.1138)
(3.86485e-15 3.70181 12.0508)
(5.5792e-15 2.05298 6.79164)
(1.14315e-15 2.76255 1.76202)
(1.29837e-15 4.04224 2.77005)
(1.12527e-15 3.15201 4.37475)
(1.46526e-15 0.0297132 6.17098)
(1.76125e-15 -2.97985 5.88471)
(1.34596e-15 -4.88795 4.98975)
(3.6132e-16 -6.61403 4.18381)
(3.00739e-16 -7.80587 3.70661)
(7.12348e-16 -8.43509 3.76314)
(5.57613e-16 -8.79816 3.97914)
(2.8099e-16 -9.03944 4.13784)
(2.70878e-16 -8.23837 4.52945)
(4.45497e-17 -3.91678 5.17465)
(-6.85467e-16 3.0982 3.23768)
(1.07373e-16 4.16341 1.86407)
(-8.60789e-16 1.52878 2.3685)
(-2.41324e-16 1.72827 6.15639)
(1.03566e-15 2.83303 11.486)
(2.27199e-15 3.41692 12.3263)
(7.1578e-16 2.51525 2.06392)
(1.28544e-15 3.48703 3.40283)
(1.40866e-15 2.43441 5.27099)
(1.53712e-15 -0.257866 6.83276)
(1.36911e-15 -2.72331 6.50752)
(1.03388e-15 -4.54143 5.66421)
(4.94565e-16 -6.3269 4.81759)
(4.63646e-16 -7.69028 4.18592)
(6.92824e-16 -8.47548 4.06762)
(4.91922e-16 -8.87818 4.27255)
(2.31086e-16 -9.144 4.44388)
(3.44119e-16 -8.35922 4.67733)
(9.7653e-17 -3.55887 4.7158)
(-1.52462e-16 3.65223 2.01438)
(2.9712e-16 4.49584 1.75724)
(-9.04213e-16 2.06285 1.00104)
(-1.9604e-15 0.250618 -2.43541)
(-1.73203e-15 0.829097 2.39633)
(-1.91793e-15 4.87106 8.35544)
(4.43407e-16 2.19007 2.5533)
(1.31384e-15 2.8302 4.27039)
(1.67976e-15 1.73497 6.15647)
(1.91373e-15 -0.483935 7.37446)
(1.46515e-15 -2.49998 7.03708)
(9.54493e-16 -4.21523 6.28851)
(7.00272e-16 -6.01629 5.459)
(6.84758e-16 -7.51144 4.73485)
(6.29023e-16 -8.46497 4.44135)
(4.14347e-16 -8.94467 4.56991)
(2.60252e-16 -9.20553 4.75533)
(4.5933e-16 -8.31672 4.83084)
(1.54845e-16 -2.88176 4.08564)
(1.82907e-16 4.16316 0.331676)
(3.00053e-16 4.63302 1.44694)
(-8.75895e-16 2.85282 0.270489)
(-1.69748e-15 1.3497 -1.13533)
(-1.70607e-15 -0.899556 -3.9531)
(-2.66636e-15 -1.70762 -1.61572)
(3.62734e-16 1.77524 3.28049)
(1.33472e-15 2.12165 5.30838)
(1.83777e-15 1.14976 6.93627)
(2.35201e-15 -0.565693 7.79148)
(1.98774e-15 -2.27171 7.48988)
(1.33467e-15 -3.9074 6.87212)
(9.51577e-16 -5.69732 6.10946)
(7.67636e-16 -7.28842 5.35443)
(5.15441e-16 -8.4102 4.91694)
(3.48536e-16 -9.01116 4.91577)
(3.60527e-16 -9.25557 5.07481)
(5.50489e-16 -8.10488 5.00123)
(1.74735e-16 -1.81911 3.36056)
(4.08759e-16 4.5813 -0.744157)
(3.28605e-16 4.57336 0.937003)
(-8.69728e-16 3.30232 -0.319725)
(-1.88336e-15 1.76199 -1.71637)
(-1.94125e-15 0.609464 -2.79554)
(-3.10854e-15 -0.793814 -4.92162)
(4.01081e-16 1.30286 4.20679)
(1.25891e-15 1.43395 6.38981)
(1.73946e-15 0.645397 7.58019)
(2.42629e-15 -0.714589 8.08871)
(2.31703e-15 -2.14492 7.83985)
(1.7345e-15 -3.67271 7.3826)
(1.17203e-15 -5.40748 6.73425)
(7.62824e-16 -7.03762 6.00366)
(4.44217e-16 -8.28112 5.46072)
(3.69642e-16 -8.99567 5.3086)
(5.17025e-16 -9.20243 5.41982)
(5.64846e-16 -7.66848 5.19337)
(1.1225e-16 -0.420865 2.54517)
(4.17079e-16 4.98466 -0.55261)
(3.25482e-16 4.56552 0.462432)
(-9.06526e-16 3.82968 -0.796983)
(-2.02061e-15 2.31786 -1.98373)
(-2.33116e-15 0.832701 -3.03195)
(-4.19737e-15 -0.2534 -4.10015)
(4.31993e-16 0.880509 5.17327)
(1.03151e-15 0.945695 7.3374)
(1.33059e-15 0.47426 8.12713)
(2.01796e-15 -0.609695 8.42009)
(2.19608e-15 -1.96418 8.16784)
(1.89508e-15 -3.45429 7.82069)
(1.38196e-15 -5.13697 7.2932)
(8.89534e-16 -6.78346 6.62807)
(5.71673e-16 -8.14308 6.04387)
(5.50579e-16 -9.03028 5.80442)
(6.70774e-16 -9.22271 5.87621)
(4.6023e-16 -7.07634 5.29777)
(5.96884e-18 0.986598 1.1835)
(3.57975e-16 5.2594 -0.00507906)
(2.95353e-16 4.76351 0.0922467)
(-9.86062e-16 4.28603 -1.17667)
(-2.19909e-15 2.72727 -2.19578)
(-2.809e-15 1.24464 -3.06722)
(-4.56244e-15 -0.285586 -3.2787)
(4.11056e-16 0.16408 6.03759)
(7.48222e-16 0.156707 8.06761)
(7.56757e-16 0.0289763 8.58165)
(1.28838e-15 -0.787702 8.77316)
(1.6654e-15 -1.94793 8.49554)
(1.73303e-15 -3.34367 8.16004)
(1.51952e-15 -4.93733 7.70686)
(1.16441e-15 -6.53898 7.1258)
(8.85129e-16 -7.92753 6.61182)
(7.97499e-16 -8.87924 6.49019)
(6.86929e-16 -8.86597 6.59938)
(2.79241e-16 -5.89178 5.21754)
(2.13875e-16 1.75988 -0.558341)
(3.50098e-16 5.21216 0.143805)
(2.75984e-16 5.0723 -0.349313)
(-1.08969e-15 4.69297 -1.47287)
(-2.40486e-15 3.07763 -2.344)
(-3.2258e-15 1.32867 -2.97023)
(-3.62093e-15 -0.377994 -2.80722)
(5.12974e-16 0.201949 5.98372)
(7.47512e-16 0.326936 8.72061)
(4.11618e-16 0.314833 9.41162)
(6.6271e-16 -0.458012 9.63546)
(9.24968e-16 -1.65459 9.25342)
(1.17652e-15 -3.10643 8.74844)
(1.32034e-15 -4.70211 8.22571)
(1.26891e-15 -6.34035 7.7574)
(1.08591e-15 -7.92007 7.55664)
(8.47424e-16 -9.15933 7.76982)
(4.78955e-16 -8.88633 7.53803)
(1.13474e-16 -4.58398 4.62166)
(3.95047e-16 2.84685 -0.771446)
(3.61885e-16 5.14939 -0.00129859)
(2.62054e-16 5.42027 -0.691678)
(-1.20387e-15 5.04938 -1.66988)
(-2.61124e-15 3.32234 -2.40009)
(-3.40761e-15 1.37603 -2.80404)
(-3.08111e-15 -0.461014 -2.66277)
(-1.40352e-15 -1.25319 2.87417)
(5.87833e-16 -1.53216 6.74651)
(3.33307e-16 -0.629519 8.77491)
(2.14998e-16 -0.867262 9.87167)
(3.56262e-16 -1.68147 10.2411)
(3.88555e-16 -2.96214 10.1245)
(4.91043e-16 -4.54831 9.87045)
(5.57558e-16 -6.26969 9.66949)
(4.83918e-16 -7.87779 9.60334)
(2.77297e-16 -8.67442 9.34102)
(4.92413e-17 -7.16136 7.67492)
(5.53256e-17 -1.92137 3.35775)
(3.62132e-16 3.71835 -0.0548263)
(3.58949e-16 5.32842 -0.0994907)
(2.44515e-16 5.87714 -0.856536)
(-1.30908e-15 5.50225 -1.76919)
(-2.76993e-15 3.6081 -2.42433)
(-3.46644e-15 1.55771 -2.67372)
(-2.79951e-15 -0.524436 -3.13502)
(6.80978e-16 2.82515 4.91997)
(2.38811e-15 12.7609 21.8556)
(2.11644e-15 19.7708 32.8428)
(1.81699e-15 20.7806 33.7798)
(1.68836e-15 19.4258 30.6755)
(1.86032e-15 17.895 27.265)
(1.89314e-15 16.5413 24.4159)
(1.71783e-15 15.53 22.2039)
(1.55643e-15 14.6171 20.1978)
(1.39551e-15 13.6739 18.2692)
(1.20928e-15 12.6831 16.3696)
(1.03631e-15 11.6412 14.495)
(7.98813e-16 10.5467 12.6592)
(4.4009e-16 9.40995 10.8697)
(-2.01736e-17 8.21422 9.1345)
(-5.99494e-16 6.97586 7.42735)
(-1.28264e-15 5.60423 5.74373)
(-2.16906e-15 4.20479 3.98259)
(-3.18478e-15 2.32341 2.1333)
(-5.88681e-15 0.661817 -0.753917)
(-4.64785e-16 3.62449 5.61911)
(1.3635e-15 14.5279 22.0406)
(1.57987e-15 20.1991 31.3675)
(1.38905e-15 20.4595 32.165)
(1.24663e-15 18.8699 29.7366)
(1.70593e-15 17.4461 27.306)
(2.03296e-15 16.3357 25.291)
(2.01541e-15 15.3021 23.3159)
(2.05329e-15 14.1924 21.2497)
(2.255e-15 12.9999 19.0723)
(2.41192e-15 11.7232 16.8181)
(2.70815e-15 10.3738 14.5086)
(3.11991e-15 8.94869 12.1665)
(3.65192e-15 7.45702 9.80064)
(4.43085e-15 5.87357 7.42928)
(4.62397e-15 4.24267 5.01683)
(4.12534e-15 2.4441 2.58734)
(3.60391e-15 0.766686 -0.0147991)
(3.13167e-15 -1.72582 -2.68015)
(-3.02778e-15 -2.15462 -5.96302)
(-2.8953e-18 11.8047 20.1481)
(-1.67884e-17 20.7137 32.4071)
(1.03218e-16 20.93 32.8225)
(1.52221e-16 19.1 30.3474)
(8.29327e-17 17.5141 28.423)
(5.43695e-16 16.3547 26.8096)
(7.12181e-16 15.0481 25.0328)
(8.0658e-16 13.5999 22.9373)
(1.06928e-15 11.9856 20.6518)
(1.44338e-15 10.2891 18.2218)
(1.96952e-15 8.51693 15.6951)
(2.93596e-15 6.71389 13.0792)
(4.69641e-15 4.87674 10.387)
(7.80171e-15 3.03949 7.65303)
(1.09492e-14 1.24514 4.96848)
(9.94239e-15 -0.423596 2.41213)
(4.10179e-15 -1.91505 -0.0658649)
(-3.14264e-16 -3.35715 -2.65266)
(-2.22405e-15 -4.69699 -5.17716)
(-3.48284e-15 -2.9916 -4.78178)
(1.43076e-17 14.9707 26.2642)
(-7.3299e-17 19.5163 32.9638)
(-1.07922e-16 16.2377 28.5243)
(-1.16616e-16 14.4502 25.866)
(-1.58908e-16 13.4034 24.9599)
(-2.4104e-16 12.3216 23.6557)
(5.27136e-17 10.7964 21.8121)
(2.55412e-16 9.13953 19.5999)
(5.64181e-16 7.35646 17.2642)
(9.72507e-16 5.54888 14.8407)
(1.71043e-15 3.69806 12.3801)
(3.02355e-15 1.84921 9.89178)
(5.4083e-15 0.0306999 7.408)
(9.32522e-15 -1.64017 5.03449)
(1.28286e-14 -2.92996 3.06403)
(1.1843e-14 -3.53606 1.84765)
(6.10331e-15 -3.14932 1.68309)
(9.06288e-16 -1.35332 3.05437)
(-7.19209e-16 1.63314 5.89885)
(-5.76944e-16 2.98969 7.00045)
(-2.78742e-18 13.3517 23.6727)
(2.58047e-17 16.5266 29.4542)
(3.25338e-17 14.279 25.9691)
(2.84567e-17 12.8578 23.625)
(-3.95364e-17 11.5754 22.0499)
(-1.98893e-16 10.3345 20.4049)
(-2.30109e-16 8.87084 18.5703)
(-2.98163e-16 7.35216 16.4566)
(-3.74469e-16 5.7326 14.1763)
(-3.66932e-16 4.11346 11.775)
(-2.43072e-16 2.54579 9.40092)
(-2.0582e-16 1.16176 7.23309)
(-6.76119e-16 0.124656 5.53775)
(-1.79191e-15 -0.319126 4.67963)
(-2.97132e-15 0.176468 5.17317)
(-3.34807e-15 1.89763 7.48464)
(-2.57014e-15 4.76497 11.4748)
(-1.0781e-15 7.98262 15.7856)
(1.76529e-16 10.0785 17.8542)
(4.09155e-16 7.3252 13.8317)
(2.70421e-19 11.4943 20.0678)
(-5.09226e-18 17.1995 30.0914)
(-5.69402e-18 15.524 26.9005)
(-4.99432e-18 13.5578 23.0179)
(1.35152e-17 12.0718 20.63)
(5.87391e-17 11.144 18.7837)
(5.74995e-17 10.1742 17.2105)
(6.02032e-17 9.31403 15.5379)
(5.86829e-17 8.41071 13.8436)
(5.37861e-17 7.58135 12.1108)
(6.34603e-17 6.82275 10.427)
(8.29909e-17 6.18053 8.87235)
(3.90057e-17 5.79594 7.68987)
(-1.69395e-16 5.73979 7.12286)
(-4.87182e-16 6.21827 7.53183)
(-6.04701e-16 7.14929 8.99589)
(-2.82033e-16 8.39885 11.213)
(3.30734e-16 9.23288 13.4617)
(6.54671e-16 9.21345 14.1163)
(2.4184e-16 6.60722 11.3892)
(-5.28732e-21 11.1925 19.4067)
(7.25412e-19 18.164 31.1428)
(6.73303e-19 16.4779 28.4668)
(4.96965e-19 14.5642 24.4238)
(-2.57811e-18 13.0763 22.0088)
(-1.01379e-17 12.3029 20.1503)
(-9.59904e-18 11.5216 18.6793)
(-8.16235e-18 10.8828 17.2337)
(-5.09719e-18 10.25 15.8531)
(-6.88358e-19 9.66686 14.4988)
(-1.93927e-19 9.11467 13.1545)
(-6.07501e-18 8.5704 11.7903)
(-9.04829e-18 8.02893 10.4124)
(7.96085e-18 7.50187 9.10853)
(5.8207e-17 7.05458 8.06854)
(1.49866e-16 6.75861 7.55856)
(2.772e-16 6.62918 7.6924)
(3.69379e-16 6.50021 8.1867)
(2.74847e-16 5.80619 8.19352)
(-6.28306e-18 3.66648 5.27885)
(-1.07355e-20 11.7136 20.2053)
(-3.91899e-20 18.9731 31.869)
(7.29985e-21 17.017 29.222)
(5.56685e-20 15.2015 25.1809)
(3.90894e-19 13.7199 22.9763)
(1.20291e-18 13.0046 21.1614)
(8.65266e-19 12.1716 19.6681)
(3.18448e-19 11.4581 18.142)
(-4.91008e-19 10.7197 16.6818)
(-1.55788e-18 10.01 15.2633)
(-2.03119e-18 9.31757 13.8974)
(-1.22661e-18 8.63975 12.5801)
(-2.57242e-19 7.9687 11.2962)
(-1.68993e-18 7.29807 10.0254)
(-7.33515e-18 6.60122 8.76319)
(-1.88335e-17 5.89549 7.52325)
(-4.17623e-17 5.10269 6.38603)
(-8.62014e-17 4.30066 5.25511)
(-1.41874e-16 2.91192 3.9062)
(-1.7416e-16 0.97297 0.130281)
(4.74486e-21 13.0992 22.7439)
(-1.93022e-20 19.898 32.7789)
(-3.85158e-20 17.1998 29.5902)
(-5.34174e-20 15.7544 25.7662)
(-6.54213e-20 14.2742 23.8961)
(-4.65607e-20 13.6815 22.0829)
(1.14496e-19 12.779 20.6073)
(2.81972e-19 12.0787 19.0252)
(4.72922e-19 11.3071 17.52)
(6.88026e-19 10.5582 15.9904)
(8.13144e-19 9.77605 14.4493)
(7.86486e-19 8.95699 12.888)
(7.92564e-19 8.09309 11.3214)
(1.13218e-18 7.19144 9.75573)
(1.82121e-18 6.2264 8.19813)
(2.67294e-18 5.22328 6.60431)
(4.10902e-18 4.05114 4.95958)
(7.43197e-18 2.82837 3.03744)
(2.13416e-17 0.752904 0.658297)
(-4.04563e-17 -0.609187 -3.00221)
(-1.46827e-21 15.0923 26.679)
(1.03629e-20 20.5298 33.2643)
(1.72821e-20 17.0033 29.7201)
(2.18689e-20 16.3443 26.4896)
(1.54558e-20 14.795 25.0346)
(-2.81185e-20 14.4206 23.1835)
(-9.06185e-20 13.4264 21.7944)
(-1.39952e-19 12.8518 20.2122)
(-1.793e-19 12.0838 18.751)
(-2.13253e-19 11.3645 17.151)
(-2.32817e-19 10.5187 15.4543)
(-2.4324e-19 9.57754 13.6151)
(-2.75801e-19 8.5126 11.6702)
(-3.47479e-19 7.3461 9.64174)
(-4.00723e-19 6.06372 7.56902)
(-3.19144e-19 4.70903 5.42559)
(-1.77968e-20 3.13953 3.22878)
(4.80269e-19 1.54331 0.686341)
(3.99945e-18 -0.994598 -2.04917)
(7.02455e-18 -2.07224 -5.83757)
(3.8253e-22 16.8575 30.7012)
(-3.73526e-21 20.2143 32.5727)
(-5.74829e-21 16.4268 29.7247)
(-7.19599e-21 16.637 27.2079)
(-6.24335e-21 14.8314 26.0993)
(6.52478e-21 14.7131 24.2344)
(2.29826e-20 13.5463 23.0712)
(3.87507e-20 13.1643 21.5627)
(5.90417e-20 12.306 20.2306)
(8.80017e-20 11.592 18.5499)
(1.2309e-19 10.559 16.67)
(1.57687e-19 9.3863 14.4546)
(1.8384e-19 7.97415 12.0238)
(1.94378e-19 6.43723 9.46451)
(1.76475e-19 4.78397 6.84776)
(9.38566e-20 3.02787 4.09613)
(-9.56335e-20 1.06592 1.33628)
(-1.93884e-19 -0.670725 -1.91055)
(1.29523e-19 -3.16704 -4.39068)
(1.45459e-17 -3.43294 -8.29923)
(-8.80385e-23 17.331 32.4335)
(1.30456e-21 18.8004 30.5713)
(1.95341e-21 15.6076 29.2459)
(1.98534e-21 16.0115 27.0249)
(-5.24433e-22 13.9793 26.0327)
(-8.72044e-21 13.8473 24.2397)
(-1.54032e-20 12.4919 23.2608)
(-1.23768e-20 12.0779 21.8486)
(5.7138e-21 10.9784 20.6102)
(4.02621e-20 10.0939 18.8431)
(8.41617e-20 8.69848 16.7451)
(1.15942e-19 7.13983 14.0527)
(1.12146e-19 5.26931 11.0664)
(7.88458e-20 3.42227 8.06501)
(3.85154e-20 1.5755 5.07288)
(-1.4825e-19 -0.312752 2.051)
(-5.99472e-19 -1.66179 -0.177519)
(6.21079e-19 -2.95467 -2.63026)
(6.52549e-18 -5.20571 -6.0528)
(1.29175e-17 -3.64046 -6.27569)
(1.07187e-23 16.4204 31.0951)
(-3.83745e-22 17.7016 28.9154)
(-4.94941e-22 14.706 27.9323)
(-8.20225e-22 14.9578 25.5776)
(-1.57729e-21 12.843 24.5922)
(-2.17061e-21 12.5335 22.7715)
(-1.81665e-21 11.0747 21.7307)
(3.72681e-21 10.4041 20.3175)
(2.06647e-20 9.18669 19.0705)
(5.25451e-20 8.09746 17.4069)
(9.13204e-20 6.59794 15.3557)
(1.10191e-19 4.88799 12.6855)
(7.23839e-20 2.96987 9.7028)
(-4.53842e-20 1.17255 6.83581)
(-1.8918e-19 -0.450081 4.25935)
(-4.2089e-20 -1.94996 1.74251)
(9.89657e-19 -3.08503 -0.483147)
(3.08151e-18 -2.83067 -0.97538)
(5.13548e-18 -0.668685 1.38824)
(3.51482e-18 1.65257 4.69611)
(6.09605e-25 15.5706 29.7235)
(1.28862e-22 17.6455 28.0822)
(1.89955e-22 14.0934 26.8567)
(1.41137e-22 14.7617 24.1183)
(-4.48883e-22 12.3554 23.1976)
(-1.98054e-21 12.2486 21.0369)
(-3.81561e-21 10.6225 19.833)
(-4.64286e-21 9.97536 18.1528)
(-1.80931e-21 8.77317 16.8236)
(8.1556e-21 7.84161 15.2896)
(2.52458e-20 6.66265 13.6314)
(3.66557e-20 5.40265 11.5508)
(7.0357e-21 3.99105 9.09993)
(-1.17665e-19 2.6438 6.53171)
(-3.58981e-19 1.63106 4.41743)
(-5.94607e-19 1.48607 3.7398)
(-6.13482e-19 2.634 5.21465)
(-4.95513e-19 4.56284 7.86801)
(-5.99897e-19 6.16353 9.71424)
(-7.58387e-19 4.88534 9.14787)
(-5.97365e-25 15.5196 29.983)
(-2.57355e-23 18.3031 28.3436)
(-2.35296e-23 14.3486 27.1782)
(-5.81756e-23 15.4339 24.2163)
(-1.81931e-22 12.991 23.3229)
(-4.40024e-22 13.067 21.0745)
(-1.05685e-21 11.5973 19.7536)
(-2.34198e-21 11.0366 17.9754)
(-4.7439e-21 10.0477 16.4971)
(-8.6857e-21 9.29953 14.9729)
(-1.36639e-20 8.51572 13.5693)
(-1.71239e-20 7.82521 12.2144)
(-1.65235e-20 7.17635 10.8599)
(-1.29569e-20 6.54519 9.40653)
(-1.2397e-20 5.90922 7.8261)
(-2.35257e-20 5.28513 6.29269)
(-4.39686e-20 4.77245 5.12088)
(-5.17468e-20 4.25666 4.44091)
(-1.9304e-20 3.43836 3.89475)
(8.51171e-20 2.06323 2.28932)
(-3.83937e-25 15.7991 31.0495)
(1.33259e-23 18.8256 28.833)
(2.98006e-23 14.7013 27.9729)
(-1.05818e-23 15.9519 25.0882)
(-2.26926e-22 13.5964 24.1616)
(-6.59299e-22 13.6254 22.0727)
(-1.15843e-21 12.3796 20.7318)
(-1.55624e-21 11.8133 19.0949)
(-1.8395e-21 11.0128 17.6386)
(-2.1981e-21 10.3296 16.1603)
(-2.95891e-21 9.64445 14.7176)
(-4.4183e-21 8.97209 13.2842)
(-5.94333e-21 8.28814 11.8402)
(-5.01075e-21 7.55571 10.3349)
(1.34529e-21 6.69274 8.6888)
(1.40167e-20 5.6428 6.80935)
(2.94644e-20 4.3446 4.84236)
(4.20642e-20 2.89056 2.56043)
(3.83481e-20 0.776728 0.035252)
(9.76531e-21 -0.557682 -3.15198)
(-6.81358e-25 15.644 31.6945)
(4.2261e-24 18.7908 28.5474)
(2.02329e-23 14.4579 28.2554)
(-7.68224e-24 15.8697 25.4767)
(-1.65269e-22 13.4817 24.6167)
(-4.69551e-22 13.5042 22.6679)
(-8.25879e-22 12.2992 21.4178)
(-1.14058e-21 11.7806 19.9045)
(-1.40554e-21 11.0307 18.585)
(-1.62021e-21 10.441 17.2456)
(-1.43087e-21 9.84378 15.9491)
(1.16043e-22 9.26153 14.6084)
(4.13428e-21 8.59625 13.122)
(1.07592e-20 7.72416 11.2973)
(1.83603e-20 6.43212 8.89232)
(2.53194e-20 4.5792 5.75069)
(2.76446e-20 2.57226 2.89592)
(2.77906e-20 0.770737 0.283447)
(3.70327e-20 -1.88403 -2.47566)
(-7.11879e-21 -2.40199 -6.5338)
(-7.79361e-25 14.471 31.1695)
(5.41786e-24 18.2735 27.9967)
(2.4375e-23 13.5945 27.8919)
(2.16921e-23 14.5337 25.5377)
(-5.97633e-23 12.4685 24.6085)
(-2.26944e-22 12.0331 23.0263)
(-4.35204e-22 10.9459 21.8308)
(-7.04134e-22 10.252 20.5327)
(-1.13347e-21 9.48038 19.3508)
(-1.66649e-21 8.83251 18.1841)
(-1.58954e-21 8.19933 17.0469)
(7.42692e-22 7.56404 15.8231)
(7.17369e-21 6.78192 14.3071)
(1.77378e-20 5.63421 12.1017)
(2.96991e-20 3.72783 8.56421)
(4.28694e-20 0.76112 3.14541)
(6.2883e-20 -2.09525 -2.42989)
(7.14255e-20 -2.84943 -3.98104)
(5.19379e-20 -3.96781 -5.18741)
(-8.63169e-22 -2.94312 -6.17676)
(-7.29181e-25 11.3011 28.672)
(1.71795e-24 16.9799 25.0913)
(1.85026e-23 11.9982 25.494)
(4.71481e-23 12.5948 23.8189)
(6.25759e-23 10.8441 23.1)
(4.32031e-23 10.1456 22.0419)
(-2.55418e-23 9.12268 21.1571)
(-1.88768e-22 8.31352 20.2392)
(-5.25019e-22 7.50763 19.363)
(-1.00573e-21 6.78019 18.4966)
(-1.22519e-21 6.09002 17.6337)
(-3.02947e-22 5.41629 16.7132)
(2.59958e-21 4.69399 15.6096)
(7.21914e-21 3.8458 14.1348)
(1.17783e-20 2.8259 12.1102)
(1.45374e-20 1.71779 9.45708)
(1.60313e-20 0.716125 6.31805)
(1.74315e-20 -0.133369 3.12885)
(1.50331e-20 -1.01052 0.0682408)
(1.97847e-21 -1.20439 -1.87367)
(-2.49283e-25 2.60385 17.0657)
(5.236e-25 8.04178 13.6654)
(5.79991e-24 5.16387 14.5253)
(1.90896e-23 4.97566 14.1371)
(3.91008e-23 4.05057 14.1017)
(6.17629e-23 3.4827 13.9327)
(8.33769e-23 2.90213 13.7808)
(9.29699e-23 2.42494 13.597)
(4.3947e-23 2.00816 13.396)
(-1.74464e-22 1.66548 13.177)
(-7.16266e-22 1.39749 12.9517)
(-1.65683e-21 1.21481 12.7365)
(-2.80472e-21 1.12663 12.5453)
(-3.64497e-21 1.1474 12.3653)
(-3.64381e-21 1.28697 12.1423)
(-2.77887e-21 1.49779 11.8202)
(-1.65524e-21 1.80256 11.3035)
(-8.60134e-22 2.48661 10.3)
(-3.76871e-22 2.70575 8.82085)
(-1.56953e-23 -0.15861 6.67431)
(2.49564e-25 -2.6038 17.0656)
(-5.22951e-25 -8.04177 13.6653)
(-5.8071e-24 -5.16387 14.5252)
(-1.91834e-23 -4.97568 14.137)
(-3.95154e-23 -4.05061 14.1015)
(-6.29089e-23 -3.48276 13.9326)
(-8.55592e-23 -2.9022 13.7806)
(-9.54499e-23 -2.42503 13.5968)
(-4.30995e-23 -2.00827 13.3958)
(1.8688e-22 -1.66561 13.1768)
(7.51237e-22 -1.39766 12.9516)
(1.71814e-21 -1.21505 12.7364)
(2.87255e-21 -1.12696 12.5454)
(3.66873e-21 -1.14778 12.3654)
(3.56708e-21 -1.28736 12.1424)
(2.59292e-21 -1.4981 11.82)
(1.42621e-21 -1.80273 11.3031)
(6.76571e-22 -2.48657 10.2995)
(2.73115e-22 -2.70557 8.82036)
(-1.53741e-23 0.158747 6.674)
(7.3651e-25 -11.301 28.6717)
(-1.71872e-24 -16.9797 25.0911)
(-1.87307e-23 -11.9981 25.4938)
(-4.82541e-23 -12.5946 23.8187)
(-6.55534e-23 -10.8439 23.0998)
(-4.86203e-23 -10.1453 22.0417)
(1.9514e-23 -9.12234 21.157)
(1.88466e-22 -8.31312 20.2391)
(5.4008e-22 -7.50718 19.363)
(1.03929e-21 -6.77966 18.4966)
(1.25806e-21 -6.0894 17.6338)
(2.9593e-22 -5.41549 16.7132)
(-2.64698e-21 -4.69294 15.6093)
(-7.16039e-21 -3.84456 14.1342)
(-1.12854e-20 -2.82486 12.1096)
(-1.33292e-20 -1.71763 9.45712)
(-1.43061e-20 -0.717183 6.3197)
(-1.57718e-20 0.131372 3.13215)
(-1.3499e-20 1.00853 0.0711331)
(-5.62382e-22 1.20322 -1.87087)
(8.01203e-25 -14.4711 31.1697)
(-5.40364e-24 -18.2734 27.997)
(-2.48138e-23 -13.5946 27.8922)
(-2.37507e-23 -14.5336 25.5382)
(5.4495e-23 -12.4685 24.609)
(2.17987e-22 -12.033 23.027)
(4.26349e-22 -10.9457 21.8316)
(7.06002e-22 -10.2518 20.5336)
(1.16047e-21 -9.48018 19.3519)
(1.71992e-21 -8.83229 18.1854)
(1.62709e-21 -8.19903 17.0482)
(-8.16664e-22 -7.56348 15.8242)
(-7.41394e-21 -6.78075 14.3075)
(-1.7913e-20 -5.63182 12.1002)
(-2.93135e-20 -3.72338 8.55929)
(-4.26982e-20 -0.75563 3.13808)
(-6.62368e-20 2.09737 -2.43146)
(-7.68846e-20 2.8504 -3.98024)
(-5.43654e-20 3.96943 -5.19048)
(2.77119e-21 2.94471 -6.17644)
(6.96338e-25 -15.6445 31.6956)
(-4.23003e-24 -18.7912 28.5483)
(-2.05982e-23 -14.4584 28.2565)
(5.76303e-24 -15.8702 25.4779)
(1.59931e-22 -13.4821 24.618)
(4.59762e-22 -13.5048 22.6693)
(8.14725e-22 -12.2997 21.4193)
(1.13762e-21 -11.7812 19.9061)
(1.42478e-21 -11.0313 18.5868)
(1.66664e-21 -10.4418 17.2475)
(1.47453e-21 -9.84462 15.9512)
(-1.53107e-22 -9.26238 14.6105)
(-4.32823e-21 -8.59689 13.1238)
(-1.10546e-20 -7.72419 11.2981)
(-1.84998e-20 -6.43092 8.89134)
(-2.52768e-20 -4.5766 5.74773)
(-2.77969e-20 -2.56945 2.89343)
(-2.82956e-20 -0.767756 0.279513)
(-3.95054e-20 1.88811 -2.48027)
(8.75636e-21 2.40482 -6.54008)
(4.35278e-25 -15.7998 31.05)
(-1.30675e-23 -18.8266 28.8349)
(-2.97641e-23 -14.7023 27.974)
(9.76191e-24 -15.9526 25.0896)
(2.23934e-22 -13.5975 24.1627)
(6.52965e-22 -13.6263 22.074)
(1.14906e-21 -12.3808 20.7331)
(1.54773e-21 -11.8145 19.0963)
(1.83646e-21 -11.0142 17.64)
(2.20468e-21 -10.3311 16.1618)
(2.99214e-21 -9.64607 14.719)
(4.51368e-21 -8.97373 13.2855)
(6.08946e-21 -8.28963 11.8411)
(5.02726e-21 -7.55689 10.3353)
(-1.78251e-21 -6.69322 8.68844)
(-1.52416e-20 -5.6425 6.80834)
(-3.14744e-20 -4.34331 4.84085)
(-4.44106e-20 -2.88863 2.55793)
(-4.04766e-20 -0.774116 0.0325849)
(-4.83075e-21 0.560055 -3.15758)
(4.83917e-25 -15.5193 29.9815)
(2.52428e-23 -18.3044 28.3463)
(2.31153e-23 -14.3501 27.1789)
(5.68513e-23 -15.4342 24.2172)
(1.78173e-22 -12.9929 23.3231)
(4.30537e-22 -13.0679 21.0755)
(1.04205e-21 -11.5996 19.754)
(2.3247e-21 -11.0385 17.9762)
(4.75756e-21 -10.0505 16.4975)
(8.82208e-21 -9.3024 14.9733)
(1.39908e-20 -8.51924 13.5695)
(1.75102e-20 -7.82933 12.2149)
(1.67165e-20 -7.18131 10.8611)
(1.31451e-20 -6.55098 9.40871)
(1.3562e-20 -5.91614 7.8303)
(2.70197e-20 -5.29213 6.29815)
(5.05324e-20 -4.77693 5.12478)
(6.12535e-20 -4.25725 4.43989)
(3.18862e-20 -3.43339 3.88753)
(-6.81059e-20 -2.05538 2.27363)
(-1.89105e-25 -15.5684 29.7187)
(-1.29524e-22 -17.6456 28.0811)
(-1.90266e-22 -14.0928 26.8537)
(-1.37112e-22 -14.7614 24.1145)
(4.5602e-22 -12.3553 23.1935)
(1.99534e-21 -12.2488 21.0321)
(3.82795e-21 -10.6228 19.8275)
(4.66298e-21 -9.97573 18.1465)
(1.76092e-21 -8.77384 16.8165)
(-8.54971e-21 -7.8426 15.2821)
(-2.60509e-20 -6.66435 13.6239)
(-3.66554e-20 -5.40566 11.5443)
(-3.50292e-21 -3.99622 9.09579)
(1.26169e-19 -2.65199 6.53172)
(3.68271e-19 -1.64433 4.42517)
(5.9644e-19 -1.50659 3.75858)
(6.06966e-19 -2.65823 5.23842)
(4.93075e-19 -4.579 7.88157)
(6.11985e-19 -6.16759 9.71159)
(7.77263e-19 -4.88583 9.1432)
(-1.21479e-23 -16.4165 31.0876)
(4.04203e-22 -17.699 28.9119)
(5.18143e-22 -14.7031 27.927)
(8.20749e-22 -14.9542 25.5721)
(1.56116e-21 -12.8394 24.5866)
(2.10035e-21 -12.5292 22.7658)
(1.82489e-21 -11.0702 21.7247)
(-3.64061e-21 -10.3988 20.3114)
(-2.09802e-20 -9.1809 19.064)
(-5.41385e-20 -8.09066 17.3999)
(-9.42362e-20 -6.59015 15.3474)
(-1.1216e-19 -4.87948 12.6765)
(-6.9882e-20 -2.96212 9.69509)
(5.34368e-20 -1.16652 6.83076)
(1.96594e-19 0.454919 4.25535)
(3.06795e-20 1.95391 1.73886)
(-1.03501e-18 3.08183 -0.47613)
(-3.14006e-18 2.81116 -0.944443)
(-5.17269e-18 0.634992 1.43949)
(-3.50224e-18 -1.67855 4.7427)
(9.7648e-23 -17.3304 32.4335)
(-1.4467e-21 -18.7957 30.5656)
(-2.14012e-21 -15.6056 29.2432)
(-2.03779e-21 -16.0082 27.0229)
(5.69954e-22 -13.9766 26.0305)
(9.2152e-21 -13.8435 24.2384)
(1.59853e-20 -12.4885 23.2596)
(1.26105e-20 -12.0735 21.8478)
(-6.17123e-21 -10.9735 20.6089)
(-4.18877e-20 -10.0875 18.8409)
(-8.69336e-20 -8.69048 16.741)
(-1.18382e-19 -7.12995 14.0465)
(-1.12446e-19 -5.25856 11.0598)
(-7.78454e-20 -3.41224 8.05963)
(-3.86236e-20 -1.56644 5.06991)
(1.50232e-19 0.316565 2.05787)
(6.12795e-19 1.66514 -0.17142)
(-6.21763e-19 2.97214 -2.64404)
(-6.73254e-18 5.20988 -6.05721)
(-1.40254e-17 3.63656 -6.2559)
(-4.33875e-22 -16.861 30.7093)
(4.3701e-21 -20.2123 32.57)
(6.68822e-21 -16.4256 29.7248)
(7.63883e-21 -16.6368 27.2098)
(6.44562e-21 -14.8309 26.1017)
(-7.8982e-21 -14.7128 24.2373)
(-2.49916e-20 -13.5457 23.0748)
(-3.99568e-20 -13.1639 21.5668)
(-5.94642e-20 -12.305 20.2348)
(-8.883e-20 -11.5904 18.5534)
(-1.2592e-19 -10.5561 16.6722)
(-1.63173e-19 -9.38177 14.4548)
(-1.90756e-19 -7.96772 12.022)
(-2.00039e-19 -6.42946 9.46103)
(-1.77441e-19 -4.77501 6.84258)
(-8.61542e-20 -3.01823 4.08989)
(1.15397e-19 -1.0555 1.32776)
(2.00454e-19 0.677024 -1.91742)
(5.90625e-19 3.17419 -4.39467)
(-1.77967e-17 3.4382 -8.30741)
(1.69437e-21 -15.0968 26.6879)
(-1.25384e-20 -20.5312 33.2656)
(-2.07235e-20 -17.0034 29.7215)
(-2.36885e-20 -16.346 26.4925)
(-1.66556e-20 -14.7965 25.0383)
(3.18104e-20 -14.4226 23.1873)
(9.74052e-20 -13.4283 21.7986)
(1.45335e-19 -12.8541 20.2165)
(1.83216e-19 -12.0862 18.7554)
(2.17799e-19 -11.3669 17.155)
(2.40723e-19 -10.5206 15.4576)
(2.55822e-19 -9.57887 13.6173)
(2.9125e-19 -8.51309 11.6711)
(3.61183e-19 -7.34568 9.64119)
(4.08494e-19 -6.06229 7.56692)
(3.24619e-19 -4.70653 5.42161)
(4.93514e-20 -3.1353 3.22249)
(-3.76851e-19 -1.53867 0.679089)
(-3.93432e-18 1.00022 -2.05691)
(-1.07664e-17 2.07581 -5.84401)
(-5.55869e-21 -13.102 22.7486)
(2.31063e-20 -19.9005 32.7816)
(4.51678e-20 -17.2013 29.5926)
(5.62862e-20 -15.7565 25.769)
(7.18425e-20 -14.2763 23.8992)
(5.44166e-20 -13.6838 22.086)
(-1.14991e-19 -12.7812 20.6104)
(-2.84851e-19 -12.0811 19.0282)
(-4.8671e-19 -11.3096 17.5231)
(-7.16247e-19 -10.5607 15.9932)
(-8.52869e-19 -9.77841 14.4516)
(-8.29819e-19 -8.95901 12.8894)
(-8.35893e-19 -8.09455 11.3217)
(-1.19405e-18 -7.19207 9.75468)
(-1.95814e-18 -6.2261 8.19578)
(-3.03039e-18 -5.2222 6.60089)
(-5.04229e-18 -4.04911 4.9551)
(-9.65805e-18 -2.82556 3.03183)
(-2.68825e-17 -0.748547 0.651378)
(4.35884e-17 0.612805 -3.00909)
(1.29464e-20 -11.7134 20.2048)
(5.32516e-20 -18.9751 31.8714)
(9.3122e-21 -17.0189 29.2251)
(-3.6958e-20 -15.2032 25.1836)
(-4.3466e-19 -13.7213 22.979)
(-1.39761e-18 -13.006 21.1641)
(-1.04794e-18 -12.1727 19.6708)
(-4.816e-19 -11.459 18.1444)
(4.50097e-19 -10.7204 16.684)
(1.63091e-18 -10.0103 15.265)
(2.12702e-18 -9.31721 13.8984)
(1.26268e-18 -8.63869 12.5804)
(2.93806e-19 -7.96682 11.296)
(2.0605e-18 -7.29568 10.0252)
(8.66155e-18 -6.5981 8.76271)
(2.2327e-17 -5.89125 7.52128)
(4.97618e-17 -5.09706 6.38169)
(1.02003e-16 -4.29405 5.24784)
(1.65459e-16 -2.90368 3.89576)
(2.0117e-16 -0.965907 0.117907)
(5.40943e-21 -11.1907 19.4028)
(-8.89212e-19 -18.1666 31.1458)
(-9.07288e-19 -16.4811 28.4715)
(-6.98481e-19 -14.5667 24.4279)
(2.91093e-18 -13.0788 22.0128)
(1.1751e-17 -12.3056 20.1545)
(1.11663e-17 -11.5243 18.6835)
(9.90616e-18 -10.8855 17.238)
(6.0073e-18 -10.2523 15.8572)
(9.68967e-19 -9.66855 14.5033)
(5.9453e-19 -9.11596 13.1602)
(6.86318e-18 -8.57102 11.7975)
(9.02377e-18 -8.02902 10.4208)
(-1.20463e-17 -7.50026 9.11506)
(-7.08455e-17 -7.05055 8.07145)
(-1.77225e-16 -6.75204 7.55638)
(-3.23619e-16 -6.61908 7.6827)
(-4.26975e-16 -6.48806 8.1702)
(-3.16514e-16 -5.79348 8.1752)
(2.4121e-18 -3.65552 5.25802)
(-3.24822e-19 -11.4902 20.0603)
(5.91101e-18 -17.2022 30.0948)
(7.03344e-18 -15.5305 26.9102)
(6.21709e-18 -13.5644 23.0257)
(-1.55126e-17 -12.0771 20.6347)
(-6.82313e-17 -11.1497 18.7877)
(-6.59639e-17 -10.1814 17.2159)
(-7.21686e-17 -9.3235 15.5461)
(-6.52967e-17 -8.42302 13.856)
(-5.79721e-17 -7.59805 12.1294)
(-6.99576e-17 -6.84064 10.4482)
(-9.17435e-17 -6.19842 8.89223)
(-3.76582e-17 -5.81144 7.70253)
(2.07832e-16 -5.74803 7.12456)
(5.68805e-16 -6.22791 7.53089)
(6.9966e-16 -7.15039 8.98375)
(3.3112e-16 -8.39226 11.1908)
(-3.62368e-16 -9.22017 13.433)
(-7.2365e-16 -9.19703 14.0883)
(-2.63949e-16 -6.59618 11.3666)
(3.1664e-18 -13.3433 23.6521)
(-2.84313e-17 -16.5238 29.4477)
(-3.79607e-17 -14.2731 25.9567)
(-3.40674e-17 -12.8519 23.6113)
(4.78863e-17 -11.5707 22.0352)
(2.38532e-16 -10.3309 20.3886)
(2.61839e-16 -8.86859 18.5537)
(3.47387e-16 -7.35226 16.4409)
(4.04123e-16 -5.73576 14.1628)
(3.88083e-16 -4.12013 11.7637)
(2.83242e-16 -2.55575 9.39154)
(2.99816e-16 -1.17562 7.22657)
(8.51304e-16 -0.142028 5.53516)
(2.05269e-15 0.298166 4.68316)
(3.31735e-15 -0.203674 5.18746)
(3.71189e-15 -1.93098 7.51134)
(2.83795e-15 -4.79946 11.5066)
(1.18512e-15 -8.00598 15.8061)
(-1.92271e-16 -10.0842 17.8535)
(-4.30241e-16 -7.32263 13.8184)
(-1.44526e-17 -14.9549 26.2389)
(8.07839e-17 -19.5229 32.9775)
(1.20751e-16 -16.2514 28.5444)
(1.38517e-16 -14.4448 25.8612)
(1.65784e-16 -13.3913 24.9461)
(1.46884e-16 -12.3073 23.6436)
(-4.6388e-17 -10.7809 21.8021)
(-3.21792e-16 -9.12281 19.5923)
(-6.43815e-16 -7.33959 17.2595)
(-1.11672e-15 -5.53243 14.8395)
(-2.00699e-15 -3.68316 12.3833)
(-3.65042e-15 -1.83687 9.90066)
(-6.49058e-15 -0.0207258 7.42092)
(-1.06672e-14 1.64937 5.04749)
(-1.4468e-14 2.93835 3.07574)
(-1.34562e-14 3.53897 1.8629)
(-7.2344e-15 3.1388 1.71187)
(-1.57566e-15 1.3233 3.10441)
(4.10336e-16 -1.67803 5.96789)
(3.48571e-16 -3.02064 7.0567)
(-5.64163e-18 -11.7831 20.1279)
(-4.5905e-17 -20.6778 32.3634)
(-1.46459e-16 -20.9056 32.811)
(-1.91651e-16 -19.0815 30.3606)
(-1.42503e-16 -17.4925 28.4382)
(-8.09371e-16 -16.3254 26.8209)
(-8.42229e-16 -15.0117 25.0398)
(-9.62061e-16 -13.5565 22.9379)
(-1.24779e-15 -11.9345 20.6446)
(-1.57321e-15 -10.2299 18.2054)
(-2.17269e-15 -8.45852 15.6764)
(-3.34285e-15 -6.66616 13.0667)
(-5.64443e-15 -4.83158 10.3749)
(-9.11536e-15 -2.99063 7.63609)
(-1.23595e-14 -1.1987 4.94909)
(-1.10465e-14 0.483721 2.37127)
(-4.582e-15 1.98025 -0.121607)
(-2.69512e-16 3.40604 -2.69505)
(1.04733e-15 4.73377 -5.21584)
(2.37179e-15 3.00913 -4.78256)
(5.8993e-16 -3.64975 5.72915)
(-1.54277e-15 -14.563 22.1964)
(-1.77814e-15 -20.1869 31.4912)
(-1.50363e-15 -20.4251 32.2497)
(-1.32325e-15 -18.8414 29.811)
(-2.09324e-15 -17.4208 27.3767)
(-2.24026e-15 -16.3052 25.3508)
(-2.2386e-15 -15.2664 23.3687)
(-2.34202e-15 -14.1519 21.2948)
(-2.58628e-15 -12.9537 19.1076)
(-2.8279e-15 -11.6716 16.843)
(-3.1392e-15 -10.3189 14.5236)
(-3.64251e-15 -8.89027 12.1701)
(-4.4803e-15 -7.39384 9.79083)
(-5.21644e-15 -5.80781 7.40643)
(-5.50826e-15 -4.17099 4.97517)
(-4.94553e-15 -2.36296 2.52201)
(-4.46705e-15 -0.679713 -0.110921)
(-4.36252e-15 1.82095 -2.7829)
(1.44822e-15 2.24014 -6.11964)
(-1.47408e-15 -3.02284 5.27418)
(-3.14952e-15 -12.9057 22.2356)
(-2.79705e-15 -19.7071 32.9565)
(-2.44984e-15 -20.5665 33.6698)
(-2.19287e-15 -19.2066 30.5551)
(-2.507e-15 -17.7269 27.2043)
(-2.42398e-15 -16.4138 24.4234)
(-2.16305e-15 -15.4011 22.2003)
(-1.97095e-15 -14.4768 20.1758)
(-1.88729e-15 -13.533 18.2308)
(-1.70474e-15 -12.5453 16.3146)
(-1.45128e-15 -11.5063 14.4221)
(-1.12263e-15 -10.4147 12.5679)
(-7.64091e-16 -9.28069 10.7601)
(-2.98481e-16 -8.08647 9.00714)
(2.68644e-16 -6.84933 7.28144)
(9.21279e-16 -5.47441 5.57905)
(1.75886e-15 -4.07301 3.79128)
(2.74243e-15 -2.16631 1.91525)
(5.61337e-15 -0.547271 -1.01793)
)
;

boundaryField
{
    outletWall
    {
        type            zeroGradient;
    }
    fineWalls
    {
        type            noSlip;
    }
    fineFrontAndBack
    {
        type            zeroGradient;
    }
    fineplugLeft
    {
        type            cyclicAMI;
        value           nonuniform List<vector> 
20
(
(-5.48058e-15 2.22601 1.35919)
(-3.39584e-15 3.60964 3.73429)
(-2.67496e-15 5.12549 5.22724)
(-1.94628e-15 6.26533 6.68097)
(-1.35889e-15 7.37332 8.0868)
(-8.19943e-16 8.37399 9.53208)
(-3.60963e-16 9.33736 11.0104)
(2.75704e-17 10.2513 12.5355)
(3.21224e-16 11.1282 14.0917)
(5.58103e-16 11.96 15.6653)
(7.99384e-16 12.7403 17.2402)
(1.00891e-15 13.474 18.8158)
(1.19643e-15 14.1972 20.4135)
(1.49924e-15 15.0528 22.4206)
(1.36176e-15 15.3247 24.046)
(1.25552e-15 16.4431 26.6619)
(1.38101e-15 17.4913 28.9144)
(1.64538e-15 16.6873 27.5257)
(1.85775e-15 11.0933 17.6026)
(3.87969e-16 3.14848 3.149)
)
;
    }
    fineplugRight
    {
        type            cyclicAMI;
        value           nonuniform List<vector> 
20
(
(5.4155e-15 -2.20834 1.12043)
(3.15797e-15 -3.55818 3.53138)
(2.45306e-15 -5.09557 5.04325)
(1.76656e-15 -6.23666 6.51528)
(1.21313e-15 -7.34766 7.93121)
(7.0327e-16 -8.34691 9.38483)
(2.71184e-16 -9.30863 10.8702)
(-7.62995e-17 -10.2195 12.4049)
(-3.98574e-16 -11.0932 13.9761)
(-6.52593e-16 -11.9235 15.5728)
(-8.35094e-16 -12.7041 17.1799)
(-9.18901e-16 -13.4375 18.7972)
(-1.0737e-15 -14.1791 20.4406)
(-1.51955e-15 -15.1259 22.5196)
(-1.24249e-15 -15.454 23.9459)
(-9.41073e-16 -16.5296 26.6127)
(-1.13718e-15 -17.5608 28.9849)
(-1.40714e-15 -16.8578 27.9557)
(-1.68123e-15 -11.4205 18.4453)
(-2.58663e-16 -3.51907 4.06846)
)
;
    }
    inletOutletLeft
    {
        type            cyclicAMI;
        value           nonuniform List<vector> 
20
(
(-5.48058e-15 2.22601 1.35919)
(-3.39584e-15 3.60964 3.73429)
(-2.67496e-15 5.12549 5.22724)
(-1.94628e-15 6.26533 6.68097)
(-1.35889e-15 7.37332 8.0868)
(-8.19943e-16 8.37399 9.53208)
(-3.60963e-16 9.33736 11.0104)
(2.75704e-17 10.2513 12.5355)
(3.21224e-16 11.1282 14.0917)
(5.58103e-16 11.96 15.6653)
(7.99384e-16 12.7403 17.2402)
(1.00891e-15 13.474 18.8158)
(1.19643e-15 14.1972 20.4135)
(1.49924e-15 15.0528 22.4206)
(1.36176e-15 15.3247 24.046)
(1.25552e-15 16.4431 26.6619)
(1.38101e-15 17.4913 28.9144)
(1.64538e-15 16.6873 27.5257)
(1.85775e-15 11.0933 17.6026)
(3.87969e-16 3.14848 3.149)
)
;
    }
    inletLeft
    {
        type            fixedValue;
        value           uniform (0 -8.7 15);
    }
    inletWallsLeft
    {
        type            noSlip;
    }
    inletFacesLeft
    {
        type            zeroGradient;
    }
    inletOutletRight
    {
        type            cyclicAMI;
        value           nonuniform List<vector> 
20
(
(5.4155e-15 -2.20834 1.12043)
(3.15797e-15 -3.55818 3.53138)
(2.45306e-15 -5.09557 5.04325)
(1.76656e-15 -6.23666 6.51528)
(1.21313e-15 -7.34766 7.93121)
(7.0327e-16 -8.34691 9.38483)
(2.71184e-16 -9.30863 10.8702)
(-7.62995e-17 -10.2195 12.4049)
(-3.98574e-16 -11.0932 13.9761)
(-6.52593e-16 -11.9235 15.5728)
(-8.35094e-16 -12.7041 17.1799)
(-9.18901e-16 -13.4375 18.7972)
(-1.0737e-15 -14.1791 20.4406)
(-1.51955e-15 -15.1259 22.5196)
(-1.24249e-15 -15.454 23.9459)
(-9.41073e-16 -16.5296 26.6127)
(-1.13718e-15 -17.5608 28.9849)
(-1.40714e-15 -16.8578 27.9557)
(-1.68123e-15 -11.4205 18.4453)
(-2.58663e-16 -3.51907 4.06846)
)
;
    }
    inletRight
    {
        type            fixedValue;
        value           uniform (0 8.7 15);
    }
    inletWallsRight
    {
        type            noSlip;
    }
    inletFacesRight
    {
        type            zeroGradient;
    }
}


// ************************************************************************* //
