/*--------------------------------*- C++ -*----------------------------------*\
| =========                 |                                                 |
| \\      /  F ield         | OpenFOAM: The Open Source CFD Toolbox           |
|  \\    /   O peration     | Version:  4.1                                   |
|   \\  /    A nd           | Web:      www.OpenFOAM.org                      |
|    \\/     M anipulation  |                                                 |
\*---------------------------------------------------------------------------*/
FoamFile
{
    version     2.0;
    format      ascii;
    class       surfaceScalarField;
    location    "21";
    object      phi;
}
// * * * * * * * * * * * * * * * * * * * * * * * * * * * * * * * * * * * * * //

dimensions      [0 3 -1 0 0 0 0];

internalField   nonuniform List<scalar> 
3120
(
-11721.6
-68042
-11721.6
6203.78
-17925.4
6203.77
8127.33
-1923.55
7092.79
1034.54
7092.79
8558.85
-1466.06
10045.6
-1486.78
10045.6
11491.2
-1445.53
11491.2
12140.2
-649.038
12054.8
85.4355
12054.8
11628.6
426.228
11628.6
11398.3
230.301
10101.1
1297.2
10101.1
10676.3
11678.2
-8.01854
12672.7
13640
14608.7
15583.5
16564.5
17551.5
18544.6
19543.7
20549
17912.7
3639.58
18936.7
19966
20997.5
22031.5
23065.7
24120.1
25215.7
25969.6
19724.2
6245.46
19724.1
19724.2
12583.7
7140.47
12583.7
12583.7
12583.7
5610.4
6973.29
5610.42
5610.42
478.194
5132.28
478.307
478.443
478.508
-26.3977
505.035
-26.229
-26.0305
-25.9055
-20.8412
-4.89238
-4796.51
16323.6
-5587.17
4664.25
-2293.33
-21007.4
-163.913
-8831.15
14.2781
-15817.5
1869.7
-29247.8
3265.42
-9331.71
1319.43
19936.3
-1943.53
26264.4
-2967.29
24226.4
-3640.09
26015
-4896.96
30592.1
-5403.5
28546.1
-4668.24
5404.34
-4178.46
-17730.6
-4921.28
-25861.9
-6809.54
-19095.5
-4813.34
-10570.4
-4544.75
-4952.04
21827.1
-6183.69
5895.9
-2256.12
-24935
137.085
-11224.4
-335.619
-15344.8
1316.99
-30900.4
2780.35
-10795.1
949.251
21767.4
-1851.34
29065
-2759.38
25134.5
-3313.62
26569.3
-4201.29
31479.8
-4346.64
28691.5
-3631.73
4689.44
-3308.88
-18053.5
-4298.69
-24872
-7263.09
-16131
-7085.36
-10748.1
-11125
-6161.51
28626.2
-7090.56
6824.94
-2314.83
-29710.7
390.679
-13929.9
-532.441
-14421.6
858.502
-32291.3
2332.88
-12269.5
709.833
23390.4
-1683.55
31458.4
-2556.66
26007.6
-2956.3
26968.9
-3444.4
31967.9
-3242.99
28490.1
-2551.58
3998.02
-2416.42
-18188.6
-3498.91
-23789.6
-6674.95
-12955
-8066.69
-9356.32
-14059.4
-8073.62
37424.8
-8469.96
7221.28
-2891.66
-35289
470.59
-17292.1
-509.904
-13441.1
355.186
-33156.4
1779.03
-13693.3
527.033
24642.4
-1483.32
33468.7
-2360.08
26884.4
-2596.99
27205.8
-2662.94
32033.8
-2112.1
27939.2
-1505.16
3391.08
-1572.37
-18121.4
-2590
-22771.9
-5271.55
-10273.4
-7556.71
-7071.15
-14642.8
-10602.6
48853.5
-10483.7
7102.34
-3975.56
-41797.1
386.473
-21654.2
-300.265
-12754.4
-170.951
-33285.7
1162.44
-15026.7
371.694
25433.2
-1258.03
35098.5
-2156.03
27782.3
-2249.16
27299
-1884.26
31668.9
-983.745
27038.7
-523.486
2930.82
-764.312
-17880.6
-1728.58
-21807.6
-2929.04
-9072.98
-5012.82
-4987.38
-12515.2
-13609.9
63416.5
-12972.8
6465.26
-5337.85
-49432.1
197.084
-27189.1
91.2545
-12648.6
-602.483
-32592
603.811
-16233
250.968
25786
-987.361
36336.8
-1908.27
28703.3
-1900.7
27291.4
-1116.1
30884.3
101.142
25821.5
399.513
2632.45
18.052
-17499.1
-1240.62
-20549
-1171.61
-9141.99
-1727.88
-4431.09
-7997.62
-16609.2
81146.8
-15364.1
5220.1
-6631.25
-58164.9
-60.9013
-33759.4
620.737
-13330.2
-887.703
-31083.5
138.204
-17258.9
183.841
25740.4
-637.781
37158.4
-1563.03
29628.5
-1528.91
27257.3
-363.611
29719
1045.85
24412
1375.64
2302.66
784.527
-16908
-797.009
-18967.4
-941.898
-8997.11
145.969
-5518.96
-4212.09
-19124.3
101601
-17041
3136.71
-7414.38
-67791.4
-366.914
-40806.9
1153
-14850.1
-1056.58
-28874
-254.806
-18060.7
187.567
25298
-184.698
37530.7
-1058.99
30502.8
-1097.59
27295.9
338.112
28283.3
1937.55
22812.6
2296.56
1943.66
1528.4
-16139.9
-212.919
-17226.1
-298.591
-8911.43
419.877
-6237.42
-3800.23
-21069.1
124241
-17711.2
-221.132
-7275.91
-78226.7
-604.091
-47478.7
1536.6
-16990.8
-1159.29
-26178.1
-579.396
-18640.6
267.375
24451.2
362.659
37435.4
-336.95
31202.4
-489.867
27448.8
1005.57
26787.9
2736.06
21082.1
3155.17
1524.54
2256.18
-15240.9
432.843
-15402.8
354.911
-8833.5
143.631
-6026.15
-2359.44
-22689.6
148755
-17600.9
-5309.84
-6043.48
-89784.2
-608.997
-52913.2
1658.25
-19258.1
-1261.89
-23257.9
-843.788
-19058.7
405.678
23201.8
954.663
36886.4
611.809
31545.3
474.34
27586.3
1816.53
25445.7
3582.45
19316.2
4056.12
1050.87
2964.89
-14149.6
1123.99
-13561.9
998.046
-8707.55
1253.71
-6281.81
-875.434
-24028.9
174891
-17060.9
-12277.8
-3893.18
-102952
-287.638
-56518.8
1476.62
-21022.3
-1404.29
-20377
-1063.34
-19399.6
568.642
21569.8
1538.17
35916.9
1640.16
31443.3
1755.49
27470.9
2942.32
24258.8
4649.73
17608.7
5047.2
653.403
3629.19
-12731.6
1828.21
-11760.9
1763.44
-8642.78
1648.11
-6166.5
1198.85
-24204.2
201496
-15682.5
-20799.5
-1205.12
-117429
313.819
-58037.7
1044.27
-21752.8
-1564.8
-17768
-1260.74
-19703.7
712.801
19596.2
2073.53
34556.2
2564.5
30952.3
3040.82
26994.6
4223.84
23075.8
5803.07
16029.5
5958.05
498.434
4214.77
-10988.4
2521.48
-10067.6
2531.95
-8653.24
2382.01
-6016.55
3666.28
-21654.3
225943
-12189.6
-30264.2
1715.93
-131335
1028.33
-57350.1
520.158
-21244.6
-1676.2
-15571.6
-1455.3
-19924.6
796.901
17344
2539.68
32813.4
3316.11
30175.9
4060.44
26250.3
5297.49
21838.8
6699.17
14627.8
6582.75
614.853
4721.49
-9127.1
3197.29
-8543.4
3229.55
-8685.51
2892.42
-5679.44
5909.63
-14571.5
243592
-5038.91
-39796.8
4676.11
-141050
1524.23
-54198.2
85.5956
-19806
-1698.06
-13787.9
-1664.25
-19958.4
778.47
14901.3
2910.4
30681.4
3907.81
29178.5
4764.18
25393.9
5979.21
20623.7
7196.47
13410.6
6946.53
864.802
5209.35
-7389.91
3904.94
-7238.98
3867.4
-8647.97
3328.02
-5140.05
7792.11
-3315.89
250499
5715.97
-48828.7
7507.16
-142841
1501.96
-48193
-279.522
-18024.5
-1661.51
-12406
-1890.08
-19729.8
646.741
12364.5
3187.48
28140.7
4414.81
27951.1
5290.84
24517.9
6367.54
19547
7381.33
12396.8
7143.7
1102.42
5711.59
-5957.8
4758.46
-6285.86
4656.98
-8546.5
3757.26
-4240.36
10062.6
9517.78
244114
17421.7
-56732.6
9973.74
-135393
1065.7
-39285
-584.098
-16374.7
-1603.34
-11386.7
-2191.38
-19141.8
311.254
9861.86
3291.69
25160.3
4799.75
26443.1
5735.84
23581.8
6685.73
18597.1
7558.76
11523.8
7464.02
1197.17
6396.89
-4890.66
5972.75
-5861.71
5948.64
-8522.37
4987.53
-3279.25
13584.1
21425.9
227029
27189.9
-62496.6
11003.5
-119207
257.939
-28539.4
-751.663
-15365.1
-1531.5
-10606.9
-2511.79
-18161.5
-124.575
7474.65
3367.01
21668.7
5187.7
24622.4
6211.44
22558
7007.94
17800.6
7729.37
10802.3
7870.74
1055.79
7340.98
-4360.9
7921.67
-6442.41
7917.17
-8517.88
4622.46
15.4432
19241
27047.8
201400
35319.1
-70767.9
9488.52
-93376
-1029.08
-18021.8
-792.768
-15601.4
-1473.27
-9926.37
-2706.91
-16927.8
-709.807
5477.55
2969.99
17988.9
5244.59
22347.8
6765.26
21037.4
7890.56
16675.3
8833.37
9859.52
9251.35
637.815
9753.9
-4863.45
11510.5
-8198.97
13369.5
-10377
10519
2865.98
27836.5
53676.3
156557
35412.8
-52504.4
2241.02
-60204.2
-2583.22
-13197.6
-802.706
-17381.9
-1284.37
-9444.7
-2833.76
-15378.4
-651.941
3295.73
3058.84
14278.1
4846.08
20560.5
5698.35
20185.1
6147.99
16225.7
7326.76
8680.74
10351.9
-2387.29
13791.3
-8302.84
14789.6
-9197.27
2777.5
1635.09
-4715.59
10359.1
5195.52
-85052
11701.9
-3561.42
-1599.1
-576.416
-661.608
-4624.13
-3830.77
2371.11
7978.05
13152.5
16997.7
19397
17743.4
14213.1
6718.28
20273
8166.58
-23.3319
-551.842
33.8138
-1051.08
83.762
-1044.38
121.285
-1004.88
153.454
-1000.89
179.754
-1001.07
200.347
-1001.61
214.959
-1001.59
223.938
-1002.12
227.727
-1002.86
226.092
-1003.65
224.605
-1001.75
205.078
-1004.52
183.48
-1007.64
161.69
-1009.75
140.302
-1012.6
120.013
-1013.84
106.24
-1040.72
92.567
-1081.86
-661.382
40.942
-592.782
45.9211
-1056.06
35.1301
-1033.58
31.0443
-1000.79
30.511
-1000.36
30.422
-1000.98
30.6935
-1001.88
31.2442
-1002.14
32.0813
-1002.95
32.635
-1003.41
33.2072
-1004.22
37.2711
-1005.82
38.6187
-1005.87
37.7753
-1006.8
35.4222
-1007.39
31.3571
-1008.54
26.5802
-1009.06
19.9122
-1034.05
10.884
-1072.83
-650.498
26.9178
-619.699
30.6679
-1059.81
26.2847
-1029.2
25.6578
-1000.16
25.4323
-1000.13
24.907
-1000.45
24.1648
-1001.14
23.2182
-1001.19
22.0186
-1001.75
20.6741
-1002.07
19.0248
-1002.57
16.1012
-1002.89
13.7475
-1003.51
11.2691
-1004.32
8.53547
-1004.66
5.45161
-1005.45
1.9514
-1005.56
-2.10411
-1029.99
-5.21983
-1069.71
-655.718
24.0967
-643.796
25.1273
-1060.84
19.7129
-1023.79
17.6129
-998.065
16.102
-998.618
14.5652
-998.913
13.0165
-999.591
11.4705
-999.648
9.8866
-1000.17
8.2105
-1000.39
6.47444
-1000.83
4.84222
-1001.26
2.90071
-1001.57
0.731818
-1002.15
-1.57322
-1002.35
-4.11785
-1002.91
-6.84392
-1002.84
-11.2589
-1025.58
-13.52
-1067.45
-669.238
22.4405
-666.236
22.1466
-1060.54
17.0815
-1018.72
14.9273
-995.911
13.0398
-996.731
11.0873
-996.96
9.10229
-997.605
7.12706
-997.672
5.13098
-998.173
3.12994
-998.39
1.10444
-998.807
-1.01596
-999.14
-3.09962
-999.489
-5.24771
-1000
-7.39785
-1000.2
-9.608
-1000.7
-11.9646
-1000.48
-16.4769
-1021.07
-18.1192
-1065.81
-687.357
21.5818
-687.818
20.4768
-1059.44
15.6898
-1013.93
13.6425
-993.863
11.7684
-994.856
9.8457
-995.037
7.88158
-995.641
5.91901
-995.71
3.92747
-996.182
1.91847
-996.381
-0.108724
-996.78
-2.1578
-997.091
-4.22742
-997.42
-6.35682
-997.871
-8.4749
-998.083
-10.6283
-998.544
-12.875
-998.232
-17.5129
-1016.43
-19.5594
-1063.76
-706.917
21.2162
-709.034
19.3426
-1057.57
14.7624
-1009.35
12.7611
-991.862
10.8687
-992.964
8.93792
-993.107
6.97385
-993.677
5.0202
-993.756
3.04559
-994.207
1.06759
-994.403
-0.9208
-994.792
-2.93253
-995.079
-4.93586
-995.417
-6.98067
-995.826
-8.99929
-996.064
-11.0389
-996.504
-13.1191
-996.152
-17.5515
-1012
-20.0936
-1061.22
-727.01
20.944
-729.978
18.4131
-1055.04
14.0877
-1005.03
12.2016
-989.976
10.3621
-991.125
8.49279
-991.237
6.58845
-991.773
4.69409
-991.862
2.77714
-992.29
0.857784
-992.483
-1.07207
-992.862
-3.01859
-993.133
-4.96028
-993.475
-6.9398
-993.847
-8.89098
-994.113
-10.8641
-994.531
-12.8333
-994.183
-17.0711
-1007.76
-20.1972
-1058.09
-747.207
20.7592
-750.737
17.5743
-1051.85
13.4951
-1000.95
11.7018
-988.183
9.91336
-989.336
8.10244
-989.426
6.25862
-989.929
4.42627
-990.03
2.57187
-990.436
0.717846
-990.629
-1.14677
-990.997
-3.02534
-991.254
-4.89784
-991.602
-6.8046
-991.94
-8.68212
-992.236
-10.5854
-992.628
-12.4475
-992.32
-16.4446
-1003.76
-20.1645
-1054.37
-767.372
20.5882
-771.325
16.77
-1048.03
12.9497
-997.128
11.2531
-986.486
9.52379
-987.607
7.77919
-987.682
6.00206
-988.152
4.2368
-988.264
2.44876
-988.648
0.662713
-988.843
-1.13545
-989.199
-2.9448
-989.445
-4.75013
-989.797
-6.58714
-990.103
-8.39588
-990.427
-10.2352
-990.789
-12.0036
-990.552
-15.755
-1000.01
-20.0724
-1050.06
-787.444
20.4349
-791.76
15.9879
-1043.58
12.4316
-993.572
10.8227
-984.877
9.15321
-985.938
7.47449
-986.003
5.76412
-986.442
4.06585
-986.566
2.34428
-986.926
0.626297
-987.125
-1.10558
-987.467
-2.84585
-987.704
-4.58451
-988.059
-6.35185
-988.336
-8.09271
-988.686
-9.86862
-989.013
-11.5509
-988.87
-15.0482
-996.512
-19.9621
-1045.14
-807.406
20.2876
-812.048
15.2172
-1038.51
11.9296
-990.284
10.4029
-983.351
8.79485
-984.33
7.1828
-984.391
5.53982
-984.799
3.90889
-984.935
2.25408
-985.272
0.604241
-985.476
-1.06155
-985.802
-2.73276
-986.033
-4.40573
-986.386
-6.10371
-986.638
-7.77809
-987.012
-9.49095
-987.3
-11.0942
-987.267
-14.3345
-993.271
-19.8431
-1039.63
-827.25
20.149
-832.197
14.4568
-1032.82
11.4415
-987.269
9.99074
-981.9
8.44532
-982.784
6.90009
-982.846
5.32465
-983.223
3.76103
-983.372
2.17305
-983.684
0.591045
-983.894
-1.0089
-984.202
-2.6112
-984.431
-4.2194
-984.777
-5.84787
-985.01
-7.45704
-985.403
-9.10643
-985.651
-10.6368
-985.736
-13.6186
-990.29
-19.7201
-1033.53
-846.97
20.0198
-852.217
13.7049
-1026.51
10.9643
-984.529
9.58504
-980.521
8.10422
-981.304
6.62698
-981.369
5.11971
-981.716
3.62399
-981.876
2.10363
-982.163
0.589439
-982.38
-0.944238
-982.668
-2.47745
-982.898
-4.02168
-983.233
-5.58
-983.451
-7.1256
-983.857
-8.71073
-984.066
-10.1744
-984.273
-12.8985
-987.566
-19.5904
-1026.84
-866.56
19.9096
-872.127
12.9645
-1019.56
10.5005
-982.065
9.1888
-979.209
7.7743
-979.889
6.36635
-979.961
4.92712
-980.277
3.49916
-980.448
2.04676
-980.711
0.599357
-980.932
-0.867766
-981.201
-2.33226
-981.433
-3.81327
-981.752
-5.29997
-981.965
-6.78377
-982.373
-8.30223
-982.547
-9.70402
-982.871
-12.1723
-985.097
-19.4469
-1019.57
-886.007
19.8433
-891.97
12.2542
-1011.97
10.0736
-979.884
8.83232
-977.968
7.48865
-978.546
6.15444
-978.627
4.78388
-978.907
3.42226
-979.087
2.03597
-979.325
0.6502
-979.547
-0.754863
-979.796
-2.1576
-980.031
-3.58199
-980.328
-5.00175
-980.545
-6.43244
-980.943
-7.88404
-981.096
-9.23124
-981.524
-11.4483
-982.88
-19.2848
-1011.73
-905.292
19.8672
-911.837
11.6134
-1003.72
9.7444
-978.015
8.60106
-976.825
7.34945
-977.294
6.11115
-977.389
4.82712
-977.623
3.54394
-977.804
2.23357
-978.015
0.913234
-978.226
-0.429322
-978.454
-1.77767
-978.683
-3.15556
-978.95
-4.52559
-979.175
-5.9301
-979.538
-7.33376
-979.692
-8.66784
-980.19
-10.6722
-980.876
-19.037
-1003.36
-924.329
20.0766
-931.914
11.1021
-994.746
9.59012
-976.503
8.60518
-975.84
7.48358
-976.172
6.37187
-976.277
5.20318
-976.454
4.01791
-976.618
2.80007
-976.797
1.55869
-976.985
0.290081
-977.185
-0.996369
-977.396
-2.31763
-977.629
-3.63879
-977.854
-5.01982
-978.157
-6.37892
-978.333
-7.75852
-978.81
-9.59822
-979.036
-18.4203
-994.542
-942.749
20.7986
-952.713
11.0693
-985.016
9.96446
-975.398
9.25136
-975.127
8.35702
-975.278
7.43176
-975.352
6.42355
-975.446
5.35215
-975.547
4.21306
-975.658
3.00894
-975.781
1.74169
-975.918
0.41713
-976.072
-0.967101
-976.245
-2.38466
-976.436
-3.87387
-976.668
-5.3276
-976.879
-6.87813
-977.26
-8.53073
-977.384
-17.5627
-985.511
-960.312
22.2874
12.2711
11.8727
11.7457
11.4675
11.1156
10.6698
10.1226
9.46491
8.68397
7.76602
6.69446
5.44961
4.01325
2.34512
0.465926
-1.79372
-4.1776
-14.6881
-20.3409
-384.423
364.459
-383.377
-382.313
-381.967
-3362.25
2980.31
-3362.24
-3362.22
-3362.23
-9170.27
5808.05
-9170.28
-9170.27
-16415
7244.72
-16415
-16415
-16415
-23411.2
6996.14
-23411.2
-23411.2
-28999.5
5588.33
-28471.9
-27802.3
-27219.7
-26756.6
-26349
-25913.7
-25389.8
-24741.8
-29427.9
5449.35
-28510.8
-27465.2
-26300.3
-25021.9
-23635.1
-22142.4
-20542.4
-18854.1
-17171.8
-15055.4
-628.049
-14320.8
-14320.8
-14258.4
-62.4327
-13340.3
-918.078
-13340.3
-11909.6
-1430.75
-11909.6
-9924.03
-1985.56
-7555.41
-2368.62
-7555.41
-4840.49
-2714.93
-4840.5
-2013.83
-2826.68
357.438
-2371.32
357.386
1888.81
-1531.45
2431.14
-542.341
2431.13
1643.05
788.065
1643.03
1643.03
952.165
-952.168
1125.05
-172.884
1018.11
106.931
290.315
727.796
-707.454
997.766
-1840.1
1132.65
-2580.97
740.865
-2782.39
201.421
-1867
-915.392
-1443.67
-423.333
-1083.6
-360.08
741.607
-1825.21
2308.53
-1566.93
3736.11
-1427.59
5688.33
-1952.22
7105.25
-1416.92
5254.22
1851.02
465.4
4788.8
2108.41
1002.13
-1954.3
1178.63
-349.385
1384.75
-99.188
507.271
1605.27
-1155.5
2660.54
-2065.04
2042.19
-2235.14
910.966
-2167.1
133.381
-1538.57
-1543.93
-1372.48
-589.417
-675.336
-1057.23
966.392
-3466.94
2229.43
-2829.97
3498.23
-2696.39
5228.57
-3682.57
7155.34
-3343.69
7235.8
1770.54
2961.41
9063.18
5857.86
993.727
-2948.03
1184.31
-539.968
1465.05
-379.931
381.812
2688.5
-1109.14
4151.49
-1583.61
2516.66
-1693.44
1020.79
-1500.3
-59.7601
-876.609
-2167.62
-1118.79
-347.239
-462.712
-1713.32
1017.07
-4946.72
1902.95
-3715.85
2881.22
-3674.67
4526.08
-5327.43
6283.96
-5101.58
7009.99
1044.49
4454.37
11618.8
9769.88
1006.12
-3954.15
1132.28
-666.129
1212.87
-460.516
25.4092
3875.96
-940.107
5117
-1061.88
2638.43
-1273.48
1232.38
-987.765
-345.472
153.342
-3308.72
74.2627
-268.166
-234.631
-1404.43
893.633
-6074.98
1338.78
-4161
2013.02
-4348.91
3513.32
-6827.73
5306.52
-6894.78
6309.59
41.406
5055.53
12872.9
13293.9
1032.19
-4986.34
933.774
-567.722
742.239
-268.987
-320.528
4938.73
-656.13
5452.61
-520.724
2503.02
-700.65
1412.31
-481.428
-564.697
1071.27
-4861.42
777.141
25.9545
153.706
-780.999
627.143
-6548.42
565.582
-4099.44
925.071
-4708.41
2280.14
-8182.8
4158.88
-8773.52
5349.85
-1149.58
5057.04
13165.7
15979.7
1091.81
-6078.15
487.645
36.4438
322.244
-103.592
-487.958
5748.93
-250.9
5215.55
199.236
2052.89
99.3923
1512.15
164.456
-629.761
1526.7
-6223.66
1389.41
163.246
579.114
29.2914
230.794
-6200.1
-383.067
-3485.58
-322.399
-4769.08
885.365
-9390.57
2763.33
-10651.5
4161.64
-2547.9
4599.55
12727.7
17752.5
1193.12
-7271.28
193.566
1036
-34.3101
124.277
-472.852
6187.47
103.909
4638.78
845.152
1311.64
838.288
1519.01
815.472
-606.947
1755.21
-7163.4
1797.29
121.163
822.934
1003.65
-309.225
-5067.94
-1448.42
-2346.39
-1670.84
-4546.65
-637.997
-10423.4
1267.85
-12557.3
2878.49
-4158.55
3837.3
11768.9
18874.9
1353.52
-8624.79
255.561
2133.95
-52.9601
432.797
-342.001
6476.51
315.54
3981.24
1319.87
307.314
1494.26
1344.61
1224.31
-336.995
1785.89
-7724.98
2010.13
-103.076
789.328
2224.45
-1046.82
-3231.79
-2624.89
-768.328
-3134.29
-4037.25
-2257.7
-11300
-277.578
-14537.5
1565.11
-6001.25
2899.15
10434.9
19405.4
1554.35
-10179.1
522.63
3165.67
264.08
691.343
-137.625
6878.21
496.035
3347.58
1740.42
-937.07
2133.94
951.09
1597.63
199.309
1712.01
-7839.36
1996.07
-387.132
472.109
3748.41
-1918.94
-840.743
-3915.69
1228.42
-4708.16
-3244.78
-3942.42
-12065.8
-1903.59
-16576.3
219.398
-8124.24
1821.77
8832.49
19241.6
1704.07
-11883.2
740.236
4129.5
658.348
773.23
143.901
7392.66
876.504
2614.98
2365.99
-2426.56
2879.96
437.121
2074.32
1004.95
1694.67
-7459.7
1848.65
-541.113
104.865
5492.19
-2757.07
2021.19
-5228.07
3699.42
-6334.62
-2138.23
-5671.16
-12729.2
-3565.86
-18681.6
-1175.49
-10514.6
681.888
6975.09
18492.7
1661.73
-13544.9
836.349
4954.88
968.222
641.354
425.744
7935.14
1384.56
1656.16
3168.04
-4210.04
3714.76
-109.597
2757.62
1962.08
1897.81
-6599.89
1726.07
-369.376
-171.686
7389.94
-3614.89
5464.39
-6499.81
6584.35
-7911.76
-726.282
-7369.86
-13271.1
-5228.29
-20823.2
-2565.04
-13177.9
-385.903
4795.95
17188.7
1238.17
-14783.1
775.925
5417.13
1196.26
221.021
501.161
8630.23
1879.7
277.625
4162.09
-6492.43
4724.07
-671.579
3646.3
3039.85
2394.74
-5348.33
1643.85
381.515
-694.43
9728.22
-4531.82
9301.78
-7617.02
9669.54
-9257.63
914.336
-8893.55
-13635.2
-6829.32
-22887.4
-3826.42
-16180.8
-1431.32
2400.83
15695
336.025
-15119.1
342.245
5410.91
1387.19
-823.931
658.604
9358.82
2584.1
-1647.88
5417.34
-9325.67
5938.23
-1192.47
4662.93
4315.15
3068.51
-3753.91
1399.89
2050.13
-1558.69
12686.8
-5408.95
13152
-8445.71
12706.3
-10185.6
2654.25
-10039.1
-13781.7
-8272.84
-24653.7
-4870.83
-19582.8
-1919.79
-550.206
13147.1
-811.076
-14308.1
-621.008
5220.84
810.906
-2255.85
1300.96
8868.76
3785.19
-4132.11
6814.28
-12354.8
7209.55
-1587.74
5667.9
5856.8
3591.88
-1677.88
698.076
4943.93
-2631.7
16016.6
-6068.32
16588.7
-8953.17
15591.1
-10657.9
4358.97
-10629.9
-13809.7
-9379.81
-25903.8
-6546.74
-22415.8
-3723.7
-3373.24
14872.8
-2011.48
-12296.6
-1842.52
5051.89
-530.528
-3567.84
1853.26
6484.98
4796.77
-7075.62
7905.89
-15463.9
8282.08
-1963.93
6433.67
7705.2
3506.54
1249.25
-549.679
9000.15
-3600.86
19067.7
-6431.32
19419.1
-9198.56
18358.4
-10777.8
5938.17
-10657.4
-13930
-9875.64
-26685.6
-8658.92
-23632.6
-6373.86
-5658.29
14087.3
-3270.04
-9026.55
-3144.41
4926.26
-1316.37
-5395.89
2125
3043.61
5114.45
-10065.1
8065.33
-18414.8
8671.7
-2570.3
6581.09
9795.81
2552.05
5278.29
-1918
13470.2
-4182.24
21332
-6548.72
21785.6
-9244.51
21054.2
-10542.3
7236.01
-10147.5
-14324.9
-9543.43
-27289.6
-9589.32
-23586.7
-8583.28
-6664.32
12500.1
-4442.41
-4584.14
-4277.54
4761.38
-1691.18
-7982.25
1747.97
-395.548
4287.57
-12604.7
6850.97
-20978.2
7910.56
-3629.89
5707.09
11999.3
930.836
10054.5
-2901.89
17302.9
-4365.25
22795.3
-6497.69
23918.1
-9009.24
23565.7
-9686.28
7913.05
-9011.85
-14999.3
-8626.11
-27675.4
-9211.13
-23001.7
-9290.87
-6584.57
10454
-5122.99
538.847
-4794.28
4432.68
-1630.72
-11145.8
998.942
-3025.21
2651.21
-14256.9
4848.89
-23175.9
6284.57
-5065.57
4231.57
14052.3
-564.576
14850.7
-3313.78
20052.1
-4305.37
23786.9
-6306.73
25919.4
-8378.17
25637.2
-8194.04
7728.92
-7384.47
-15808.9
-7450.07
-27609.8
-8024.52
-22427.2
-8287.5
-6321.57
7974.56
-5236.15
5774.99
-4863.62
4060.15
-1503.28
-14506.1
390.775
-4919.27
1215.16
-15081.3
3341.92
-25302.6
4827.43
-6551.08
2879.2
16000.5
-1477.2
19207.1
-3327.47
21902.4
-4137.92
24597.4
-5972.43
27753.9
-7445.89
27110.6
-6683.46
6966.49
-5901.76
-16590.6
-6339.48
-27172.1
-6879.54
-21887.1
-6406.29
-6794.81
4548.59
-5295.09
-5108.53
-1901.09
-118.625
439.323
2529.05
3913.97
1924.18
-1870.17
-3170.44
-3915.28
-5496.56
-6425.51
-5598.62
-4948.33
-5515.71
-6419.11
-4639.7
-662.433
1637.43
-1068.87
1381.44
-1484.33
1390.46
-1814.29
1304.96
-2104.53
1265.24
-2343.54
1214.02
-2539.53
1170.99
-2692.28
1127.75
-2804.18
1086.9
-2876.13
1046.95
-2908.51
1007.38
-2900.02
966.509
-2847.16
922.146
-2742.94
870.771
-2576.37
808.43
-2335.11
733.741
-2003.29
643.184
-1544.4
516.106
-896.291
326.894
78.709
-197.102
1834.53
-449.968
1634.3
-716.164
1656.65
-945.487
1534.28
-1167.61
1487.36
-1361.14
1407.55
-1535.06
1344.91
-1685.53
1278.22
-1814.93
1216.3
-1921.61
1153.63
-2000.7
1086.47
-2038.68
1004.49
-2011.45
894.91
-1892.09
751.418
-1671.43
587.766
-1365.18
427.495
-991.374
269.373
-571.046
95.7782
-180.168
-63.9835
-101.459
-183.608
2018.14
-391.025
1841.72
-563.175
1828.8
-701.562
1672.67
-830.499
1616.3
-932.911
1509.96
-1024.61
1436.61
-1100.28
1353.89
-1165.72
1281.74
-1219.15
1207.06
-1258.05
1125.38
-1270.49
1016.92
-1233.17
857.586
-1115
633.256
-905.749
378.511
-665.121
186.868
-472.278
76.5299
-296.103
-80.3973
-110.921
-249.165
-212.38
-39.1101
2057.25
-119.402
1922.01
-172.514
1881.92
-211.582
1711.74
-249.746
1654.46
-271.881
1532.09
-290.426
1455.15
-297.692
1361.16
-298.094
1282.14
-290.236
1199.2
-277.614
1112.76
-266.147
1005.46
-266.762
858.201
-286.744
653.238
-317.679
409.447
-341.145
210.334
-352.214
87.5993
-328.884
-103.728
-263.607
-314.442
-475.987
80.5225
1976.73
42.7058
1959.83
57.9734
1866.65
83.242
1686.47
113.831
1623.87
153.114
1492.81
198.851
1409.41
253.594
1306.41
317.529
1218.21
390.049
1126.68
467.658
1035.15
538.345
934.77
578.15
818.396
553.501
677.887
447.545
515.402
312.832
345.047
223.989
176.443
152.593
-32.3319
38.7037
-200.552
-437.283
140.991
1835.74
129.518
1971.3
170.339
1825.83
220.656
1636.15
280.833
1563.7
341.008
1432.64
408.37
1342.05
479.758
1235.03
558.816
1139.15
643.532
1041.96
732.015
946.668
816.063
850.722
881.755
752.704
909.028
650.615
880.646
543.784
795.788
429.905
662.983
309.249
457.327
173.324
232.86
23.9151
-204.423
125.764
1709.98
148.888
1948.18
196.31
1778.41
252.241
1580.22
315.291
1500.65
377.195
1370.73
443.26
1275.99
511.052
1167.23
580.687
1069.51
648.891
973.76
713.006
882.553
769.35
794.377
813.924
708.129
841.015
623.525
842.626
542.173
804.766
467.765
709.852
404.162
536.755
346.421
288.723
271.947
84.2998
58.7976
1651.18
103.959
1903.02
153.453
1728.91
200.048
1533.63
248.177
1452.52
297.348
1321.56
346.086
1227.25
398.074
1115.24
454.578
1013.01
523.81
904.527
610.345
796.019
715.778
688.944
831.995
591.912
938.886
516.634
1005.69
475.369
995.453
478.002
882.592
517.023
655.132
573.881
342.583
584.496
426.883
-45.7589
1696.94
-15.4308
1872.69
-2.18616
1715.67
-18.2865
1549.73
-38.2647
1472.5
-72.9461
1356.24
-117.215
1271.52
-162.877
1160.91
-193.643
1043.78
-191.764
902.648
-149.26
753.514
-65.5095
605.195
52.4313
473.972
191.398
377.667
333.235
333.533
452.304
358.933
499.753
469.573
427.402
646.232
232.305
779.594
659.187
-149.727
1846.66
-238.128
1961.09
-329.332
1806.87
-458.164
1678.56
-597.198
1611.53
-757.994
1517.04
-931.813
1445.34
-1110.75
1339.85
-1279.19
1212.21
-1426.8
1050.27
-1551.54
878.248
-1651.42
705.081
-1716.27
538.814
-1719.83
381.229
-1632.92
246.627
-1437.78
163.796
-1123.97
155.76
-698.123
220.384
-263.139
344.609
396.049
23.2817
1823.38
-130.002
2114.37
-254.889
1931.76
-361.449
1785.12
-464.482
1714.56
-570.198
1622.76
-677.305
1552.44
-787.807
1450.35
-904.412
1328.81
-1028.85
1174.71
-1160.84
1010.23
-1296.78
841.023
-1430.24
672.276
-1548.41
499.402
-1629.34
327.547
-1629.9
164.361
-1499.98
25.8387
-1166.93
-112.666
-612.741
-209.578
-216.692
330.231
1493.15
291.359
2153.24
185.449
2037.67
137.152
1833.41
130.915
1720.8
138.654
1615.02
158.344
1532.75
175.458
1433.24
180.394
1323.88
161.582
1193.52
119.336
1052.48
56.8952
903.464
-21.0753
750.247
-111.152
589.479
-201.816
418.212
-271.297
233.841
-274.495
29.0368
-288.716
-98.4451
-243.588
-254.706
-460.281
442.845
1050.31
563.499
2032.59
523.878
2077.29
514.014
1843.28
561.587
1673.23
631.898
1544.71
718.423
1446.23
806.487
1345.17
889.054
1241.31
953.798
1128.78
996.092
1010.18
1012.54
887.018
1000.97
761.81
955.005
635.449
864.316
508.901
718.677
379.48
499.516
248.199
300.407
100.664
127.264
-81.5627
-333.017
288.908
761.4
390.435
1931.06
406.842
2060.88
429.048
1821.07
481.571
1620.71
548.27
1478.01
622.668
1371.83
696.652
1271.19
766.02
1171.94
823.877
1070.92
865.152
968.908
885.275
866.894
880.945
766.14
849.37
667.025
788.549
569.721
696.639
471.39
572.535
372.302
412.579
260.62
207.28
123.737
-125.737
47.5187
713.882
66.1673
1912.41
117.973
2009.08
174.25
1764.79
235.462
1559.49
299.969
1413.5
365.473
1306.33
427.961
1208.7
484.623
1115.28
532.13
1023.41
567.529
933.509
588.693
845.73
595.384
759.448
588.772
673.637
569.51
588.983
532.566
508.334
465.62
439.247
350.963
375.277
176.232
298.468
50.4945
-110.73
824.611
-106.999
1908.68
-17.4395
1919.52
61.3012
1686.05
132.096
1488.7
202.463
1343.13
272.286
1236.5
338.726
1142.26
400.541
1053.47
457.788
966.164
512.001
879.296
566.523
791.209
623.946
702.025
681.442
616.141
725.711
544.714
728.727
505.319
660.998
506.976
504.543
531.732
271.117
531.895
321.611
-146.833
971.444
-144.774
1906.62
-30.1049
1804.85
75.2897
1580.66
155.32
1408.67
222.544
1275.91
290.351
1168.69
363.609
1069
446.044
971.03
541.237
870.971
651.401
769.133
774.755
667.854
900.147
576.634
1004.13
512.16
1050.38
498.463
1003.94
551.763
850.279
660.633
598.886
783.125
302.625
828.156
624.236
-81.1966
1052.64
-95.8527
1921.28
-93.7486
1802.74
-59.8329
1546.74
-12.924
1361.76
17.2574
1245.73
38.9369
1147.01
66.4439
1041.5
108.751
928.724
170.442
809.28
253.482
686.094
355.857
565.479
470.102
462.389
577.898
404.364
646.708
429.652
641.87
556.6
545.244
757.26
369.318
959.051
164.391
1033.08
788.627
136.461
916.18
266.077
1791.66
181.34
1887.48
-3.84585
1731.93
-194.431
1552.35
-367.009
1418.31
-521.84
1301.85
-661.174
1180.83
-785.398
1052.95
-893.705
917.587
-982.763
775.151
-1040.3
623.014
-1059.06
481.153
-1023.93
369.228
-922.921
328.648
-756.166
389.845
-549.139
550.232
-340.43
750.343
-160.378
853.031
628.249
181.584
484.953
690.111
733.73
686.018
611.651
526.748
429.108
317.17
189.19
47.2163
-93.0406
-259.91
-414.559
-521.17
-538.945
-451.795
-284.127
-100.63
)
;

boundaryField
{
    outletWallLeft
    {
        type            calculated;
        value           nonuniform List<scalar> 
40
(
-456.99
-551.494
-637.548
-725.025
-826.052
-953.214
-1121.06
-1329.65
-1571.08
-1824.26
-2107.31
-2400.58
-2793.17
-3077.56
-3590.52
-3133.33
-4340.9
-1419.01
-8832.52
9292.64
79763.6
-54679.9
22465.5
-11919.7
-1702.43
-4772.58
-733.709
6281.47
12380.5
15010.6
14953.6
8076.22
2502.37
-11415.9
-9359.51
-18404.6
-15159.9
-44941
-149258
232316
)
;
    }
    fineWallsLeft
    {
        type            calculated;
        value           uniform 0;
    }
    fineFrontAndBackLeft
    {
        type            calculated;
        value           nonuniform List<scalar> 
880
(
-1.19748e-10
-2.21846e-11
-1.53066e-11
-4.07677e-12
2.03772e-11
3.73518e-11
6.65982e-12
8.45357e-12
4.27729e-12
-1.60161e-13
-4.68247e-12
-1.7719e-12
-7.64721e-12
-1.06344e-11
-2.60894e-12
-6.98821e-12
-1.26795e-12
-2.4345e-12
-1.32894e-12
-1.7998e-13
-3.83264e-14
9.0746e-13
-5.34266e-13
-5.62418e-13
-5.29681e-13
-6.72652e-13
-6.14542e-13
-5.7848e-13
-6.31215e-13
-6.50695e-13
-7.78318e-13
-6.4732e-12
-9.83238e-13
-1.01514e-12
-1.05713e-12
-1.09181e-12
-1.09661e-12
-1.0786e-12
-1.08488e-12
-1.19534e-12
-1.39932e-11
-2.07521e-12
-1.89698e-12
-1.14358e-11
-1.71572e-12
-1.66388e-12
-1.6017e-12
-8.25283e-12
-9.94492e-13
-9.84501e-13
-1.33363e-12
9.60348e-13
2.61863e-12
1.22251e-12
1.42371e-10
2.10702e-11
9.92784e-12
4.60299e-12
1.99975e-11
2.57699e-12
5.75023e-12
1.15604e-14
-1.07523e-12
5.62994e-13
8.63856e-13
2.32019e-12
4.63884e-12
1.08793e-11
-2.93776e-12
-7.28587e-12
-2.35869e-12
-4.07736e-12
-1.21885e-11
-1.7337e-11
-1.44606e-11
-1.00865e-11
-1.51958e-11
-1.17438e-11
2.88312e-11
5.53189e-12
-1.22845e-12
-1.33157e-12
6.16883e-13
9.46446e-13
1.7287e-12
5.3027e-12
1.00472e-11
-4.09625e-12
-7.441e-12
-3.07584e-12
-6.22651e-12
-1.4421e-11
-1.8127e-11
-1.52141e-11
-9.06329e-12
-1.5617e-11
-2.73982e-11
2.35072e-11
4.24308e-12
-2.63475e-12
-1.53159e-12
-2.60129e-13
8.77009e-13
1.09816e-12
4.80969e-12
9.01608e-12
-4.89006e-12
-7.70829e-12
-3.88786e-12
-8.02797e-12
-1.61511e-11
-1.8849e-11
-1.56697e-11
-8.09736e-12
-1.16732e-11
-2.32763e-11
-1.8465e-11
3.28586e-12
-3.48903e-12
-1.96571e-12
-2.32687e-12
1.01102e-12
5.17033e-13
3.19483e-12
7.85012e-12
-5.49432e-12
-8.10214e-12
-4.80118e-12
-9.49698e-12
-1.74386e-11
-1.94458e-11
-1.5974e-11
-7.33993e-12
-8.86487e-12
-2.30029e-11
-2.10321e-11
3.42239e-12
-3.07928e-12
-1.25567e-12
-4.82871e-12
1.17148e-12
1.20721e-13
1.66448e-12
6.6443e-12
-6.00533e-12
-8.61497e-12
-5.87299e-12
-1.07315e-11
-1.83519e-11
-1.99419e-11
-1.60489e-11
-6.81558e-12
-4.08291e-12
-1.54458e-11
-2.01943e-11
4.78683e-12
4.54484e-13
2.21361e-12
-6.69529e-12
1.10524e-12
-5.47905e-15
1.10428e-12
5.49075e-12
-6.46438e-12
-9.22028e-12
-7.10628e-12
-1.18042e-11
-1.89277e-11
-2.05815e-11
-1.58558e-11
-6.46971e-12
-1.58463e-12
-3.23535e-12
-1.25937e-11
7.57616e-12
9.97956e-12
1.03383e-11
-6.03187e-12
6.71771e-13
2.35274e-14
1.13645e-12
4.4558e-12
-6.86485e-12
-9.88382e-12
-8.39156e-12
-1.27002e-11
-1.92078e-11
-2.14208e-11
-1.54248e-11
-6.09641e-12
-1.59904e-12
-1.68673e-13
-1.81532e-12
1.20307e-11
2.77111e-11
2.41452e-11
-7.45059e-13
8.81831e-14
-1.84716e-14
1.15484e-12
3.55647e-12
-7.14563e-12
-1.05676e-11
-9.58941e-12
-1.33432e-11
-1.91957e-11
-2.20931e-11
-1.4693e-11
-5.71286e-12
-1.63505e-12
-1.00044e-12
-9.87522e-13
1.80547e-11
5.25131e-11
4.24073e-11
1.02059e-11
-7.44542e-14
-2.2796e-13
9.94575e-13
2.84064e-12
-7.19925e-12
-1.11528e-11
-1.06798e-11
-1.36529e-11
-1.87619e-11
-2.18926e-11
-1.35717e-11
-5.34933e-12
-1.75936e-12
-7.40487e-13
-1.18517e-12
2.49001e-11
7.76692e-11
6.16919e-11
2.54276e-11
7.1785e-13
-4.91944e-13
7.94729e-13
2.34869e-12
-6.9168e-12
-1.13873e-11
-1.16737e-11
-1.36566e-11
-1.77123e-11
-2.0121e-11
-1.20913e-11
-4.98948e-12
-2.0282e-12
-1.05698e-12
-1.21213e-12
3.12992e-11
9.46887e-11
7.8505e-11
4.11594e-11
2.48904e-12
-6.37321e-13
6.02081e-13
2.07458e-12
-6.24172e-12
-1.10646e-11
-1.22254e-11
-1.3426e-11
-1.60923e-11
-1.72957e-11
-1.04384e-11
-4.62381e-12
-2.38411e-12
-1.51402e-12
-2.30002e-12
3.59711e-11
1.00303e-10
9.17173e-11
5.3445e-11
4.54731e-12
-5.78698e-13
3.93324e-13
1.96993e-12
-5.21763e-12
-1.01076e-11
-1.19532e-11
-1.28168e-11
-1.41735e-11
-1.44283e-11
-8.79061e-12
-4.27759e-12
-2.7413e-12
-2.09021e-12
-3.43207e-12
3.82513e-11
9.79135e-11
1.02567e-10
6.07336e-11
5.70999e-12
-4.02069e-13
1.72271e-13
1.96337e-12
-3.98874e-12
-8.62152e-12
-1.08023e-11
-1.16024e-11
-1.20963e-11
-1.1741e-11
-7.22356e-12
-4.03512e-12
-3.09067e-12
-2.68126e-12
-2.57825e-12
3.8146e-11
9.40068e-11
1.12857e-10
6.38115e-11
4.92822e-12
-2.76925e-13
-4.94262e-14
1.9719e-12
-2.75819e-12
-6.87879e-12
-9.07752e-12
-9.84081e-12
-9.89732e-12
-9.1858e-12
-5.85387e-12
-3.99562e-12
-3.55166e-12
-3.18266e-12
-2.22719e-12
3.67785e-11
9.63105e-11
1.23637e-10
6.26712e-11
2.7242e-12
-2.67399e-13
-2.62366e-13
1.9374e-12
-1.7008e-12
-5.20239e-12
-7.24936e-12
-7.92565e-12
-7.77828e-12
-6.9515e-12
-4.89379e-12
-4.19941e-12
-4.37372e-12
-3.81956e-12
-2.33872e-12
3.10993e-11
1.11798e-10
1.35296e-10
5.61115e-11
6.88189e-13
-2.1246e-13
-4.61937e-13
1.89642e-12
-9.4187e-13
-3.88169e-12
-5.78025e-12
-6.40618e-12
-6.18698e-12
-5.49996e-12
-4.58515e-12
-4.67942e-12
-5.8794e-12
-5.1576e-12
-2.84824e-12
3.62338e-11
1.47364e-10
1.45611e-10
4.19835e-11
-1.4215e-13
-1.47628e-13
-6.6985e-13
1.73412e-12
-4.42626e-13
-2.87765e-12
-4.70219e-12
-5.41175e-12
-5.26543e-12
-4.87375e-12
-4.9898e-12
-5.9264e-12
-8.61935e-12
-7.71859e-12
-1.99587e-13
-2.56171e-11
2.06287e-10
1.44952e-10
1.95843e-11
-2.04624e-14
-8.36082e-14
-9.13486e-13
8.08367e-13
-6.41907e-13
-2.72166e-12
-4.61108e-12
-5.70439e-12
-5.95384e-12
-6.08408e-12
-6.70042e-12
-9.70284e-12
-1.32788e-11
-1.33585e-11
-2.03934e-12
2.43288e-10
2.77809e-10
1.12747e-10
-3.2671e-12
1.64147e-13
-2.39095e-14
-1.14758e-12
-2.82151e-13
4.47745e-13
-6.69125e-13
-2.20032e-12
-3.01285e-12
-3.29358e-12
-4.84333e-12
-1.07898e-11
-1.64046e-11
-1.69108e-11
7.18918e-12
-2.63779e-12
-1.52038e-09
1.38516e-10
5.23677e-11
-1.57204e-12
-2.95229e-15
3.02921e-14
-1.055e-12
-8.07187e-12
-6.04778e-12
-8.17802e-12
-1.13268e-11
-1.52304e-11
-1.73839e-11
-1.98654e-11
-1.56006e-11
-1.43583e-11
-3.56565e-12
-4.06436e-11
2.1889e-11
1.19748e-10
2.21846e-11
1.53066e-11
4.07677e-12
-2.03772e-11
-3.73518e-11
-6.65982e-12
-8.45357e-12
-4.27729e-12
1.60161e-13
4.68247e-12
1.7719e-12
7.64721e-12
1.06344e-11
2.60894e-12
6.98821e-12
1.26795e-12
2.4345e-12
1.32894e-12
1.7998e-13
3.83264e-14
-9.0746e-13
5.34266e-13
5.62418e-13
5.29681e-13
6.72652e-13
6.14542e-13
5.7848e-13
6.31215e-13
6.50695e-13
7.78318e-13
6.4732e-12
9.83238e-13
1.01514e-12
1.05713e-12
1.09181e-12
1.09661e-12
1.0786e-12
1.08488e-12
1.19534e-12
1.39932e-11
2.07521e-12
1.89698e-12
1.14358e-11
1.71572e-12
1.66388e-12
1.6017e-12
8.25283e-12
9.94492e-13
9.84501e-13
1.33363e-12
-9.60348e-13
-2.61863e-12
-1.22251e-12
-1.42371e-10
-2.10702e-11
-9.92784e-12
-4.60299e-12
-1.99975e-11
-2.57699e-12
-5.75023e-12
-1.15604e-14
1.07523e-12
-5.62994e-13
-8.63856e-13
-2.32019e-12
-4.63884e-12
-1.08793e-11
2.93776e-12
7.28587e-12
2.35869e-12
4.07736e-12
1.21885e-11
1.7337e-11
1.44606e-11
1.00865e-11
1.51958e-11
1.17438e-11
-2.88312e-11
-5.53189e-12
1.22845e-12
1.33157e-12
-6.16883e-13
-9.46446e-13
-1.7287e-12
-5.3027e-12
-1.00472e-11
4.09625e-12
7.441e-12
3.07584e-12
6.22651e-12
1.4421e-11
1.8127e-11
1.52141e-11
9.06329e-12
1.5617e-11
2.73982e-11
-2.35072e-11
-4.24308e-12
2.63475e-12
1.53159e-12
2.60129e-13
-8.77009e-13
-1.09816e-12
-4.80969e-12
-9.01608e-12
4.89006e-12
7.70829e-12
3.88786e-12
8.02797e-12
1.61511e-11
1.8849e-11
1.56697e-11
8.09736e-12
1.16732e-11
2.32763e-11
1.8465e-11
-3.28586e-12
3.48903e-12
1.96571e-12
2.32687e-12
-1.01102e-12
-5.17033e-13
-3.19483e-12
-7.85012e-12
5.49432e-12
8.10214e-12
4.80118e-12
9.49698e-12
1.74386e-11
1.94458e-11
1.5974e-11
7.33993e-12
8.86487e-12
2.30029e-11
2.10321e-11
-3.42239e-12
3.07928e-12
1.25567e-12
4.82871e-12
-1.17148e-12
-1.20721e-13
-1.66448e-12
-6.6443e-12
6.00533e-12
8.61497e-12
5.87299e-12
1.07315e-11
1.83519e-11
1.99419e-11
1.60489e-11
6.81558e-12
4.08291e-12
1.54458e-11
2.01943e-11
-4.78683e-12
-4.54484e-13
-2.21361e-12
6.69529e-12
-1.10524e-12
5.47905e-15
-1.10428e-12
-5.49075e-12
6.46438e-12
9.22028e-12
7.10628e-12
1.18042e-11
1.89277e-11
2.05815e-11
1.58558e-11
6.46971e-12
1.58463e-12
3.23535e-12
1.25937e-11
-7.57616e-12
-9.97956e-12
-1.03383e-11
6.03187e-12
-6.71771e-13
-2.35274e-14
-1.13645e-12
-4.4558e-12
6.86485e-12
9.88382e-12
8.39156e-12
1.27002e-11
1.92078e-11
2.14208e-11
1.54248e-11
6.09641e-12
1.59904e-12
1.68673e-13
1.81532e-12
-1.20307e-11
-2.77111e-11
-2.41452e-11
7.45059e-13
-8.81831e-14
1.84716e-14
-1.15484e-12
-3.55647e-12
7.14563e-12
1.05676e-11
9.58941e-12
1.33432e-11
1.91957e-11
2.20931e-11
1.4693e-11
5.71286e-12
1.63505e-12
1.00044e-12
9.87522e-13
-1.80547e-11
-5.25131e-11
-4.24073e-11
-1.02059e-11
7.44542e-14
2.2796e-13
-9.94575e-13
-2.84064e-12
7.19925e-12
1.11528e-11
1.06798e-11
1.36529e-11
1.87619e-11
2.18926e-11
1.35717e-11
5.34933e-12
1.75936e-12
7.40487e-13
1.18517e-12
-2.49001e-11
-7.76692e-11
-6.16919e-11
-2.54276e-11
-7.1785e-13
4.91944e-13
-7.94729e-13
-2.34869e-12
6.9168e-12
1.13873e-11
1.16737e-11
1.36566e-11
1.77123e-11
2.0121e-11
1.20913e-11
4.98948e-12
2.0282e-12
1.05698e-12
1.21213e-12
-3.12992e-11
-9.46887e-11
-7.8505e-11
-4.11594e-11
-2.48904e-12
6.37321e-13
-6.02081e-13
-2.07458e-12
6.24172e-12
1.10646e-11
1.22254e-11
1.3426e-11
1.60923e-11
1.72957e-11
1.04384e-11
4.62381e-12
2.38411e-12
1.51402e-12
2.30002e-12
-3.59711e-11
-1.00303e-10
-9.17173e-11
-5.3445e-11
-4.54731e-12
5.78698e-13
-3.93324e-13
-1.96993e-12
5.21763e-12
1.01076e-11
1.19532e-11
1.28168e-11
1.41735e-11
1.44283e-11
8.79061e-12
4.27759e-12
2.7413e-12
2.09021e-12
3.43207e-12
-3.82513e-11
-9.79135e-11
-1.02567e-10
-6.07336e-11
-5.70999e-12
4.02069e-13
-1.72271e-13
-1.96337e-12
3.98874e-12
8.62152e-12
1.08023e-11
1.16024e-11
1.20963e-11
1.1741e-11
7.22356e-12
4.03512e-12
3.09067e-12
2.68126e-12
2.57825e-12
-3.8146e-11
-9.40068e-11
-1.12857e-10
-6.38115e-11
-4.92822e-12
2.76925e-13
4.94262e-14
-1.9719e-12
2.75819e-12
6.87879e-12
9.07752e-12
9.84081e-12
9.89732e-12
9.1858e-12
5.85387e-12
3.99562e-12
3.55166e-12
3.18266e-12
2.22719e-12
-3.67785e-11
-9.63105e-11
-1.23637e-10
-6.26712e-11
-2.7242e-12
2.67399e-13
2.62366e-13
-1.9374e-12
1.7008e-12
5.20239e-12
7.24936e-12
7.92565e-12
7.77828e-12
6.9515e-12
4.89379e-12
4.19941e-12
4.37372e-12
3.81956e-12
2.33872e-12
-3.10993e-11
-1.11798e-10
-1.35296e-10
-5.61115e-11
-6.88189e-13
2.1246e-13
4.61937e-13
-1.89642e-12
9.4187e-13
3.88169e-12
5.78025e-12
6.40618e-12
6.18698e-12
5.49996e-12
4.58515e-12
4.67942e-12
5.8794e-12
5.1576e-12
2.84824e-12
-3.62338e-11
-1.47364e-10
-1.45611e-10
-4.19835e-11
1.4215e-13
1.47628e-13
6.6985e-13
-1.73412e-12
4.42626e-13
2.87765e-12
4.70219e-12
5.41175e-12
5.26543e-12
4.87375e-12
4.9898e-12
5.9264e-12
8.61935e-12
7.71859e-12
1.99587e-13
2.56171e-11
-2.06287e-10
-1.44952e-10
-1.95843e-11
2.04624e-14
8.36082e-14
9.13486e-13
-8.08367e-13
6.41907e-13
2.72166e-12
4.61108e-12
5.70439e-12
5.95384e-12
6.08408e-12
6.70042e-12
9.70284e-12
1.32788e-11
1.33585e-11
2.03934e-12
-2.43288e-10
-2.77809e-10
-1.12747e-10
3.2671e-12
-1.64147e-13
2.39095e-14
1.14758e-12
2.82151e-13
-4.47745e-13
6.69125e-13
2.20032e-12
3.01285e-12
3.29358e-12
4.84333e-12
1.07898e-11
1.64046e-11
1.69108e-11
-7.18918e-12
2.63779e-12
1.52038e-09
-1.38516e-10
-5.23677e-11
1.57204e-12
2.95229e-15
-3.02921e-14
1.055e-12
8.07187e-12
6.04778e-12
8.17802e-12
1.13268e-11
1.52304e-11
1.73839e-11
1.98654e-11
1.56006e-11
1.43583e-11
3.56565e-12
4.06436e-11
-2.1889e-11
)
;
    }
    fineplugLeft
    {
        type            cyclicAMI;
        value           nonuniform List<scalar> 
20
(
-575.202
-993.954
-994.446
-967.373
-968.74
-974.781
-981.037
-986.993
-993.157
-999.083
-1005.3
-1003.25
-1024.07
-1029.25
-1031.56
-1034
-1034.15
-1054.51
-1095.56
-753.949
)
;
    }
    symmetryWallLeft
    {
        type            cyclicAMI;
        value           nonuniform List<scalar> 
20
(
-20.6945
-273.451
8574.18
20983.7
26604.7
17240.9
-6139.61
-28039.6
-29335.2
-25342.2
-23202.7
-23001.4
-17990.3
7936
27392.3
15639.3
6701.73
17713.6
-3873.59
-11070.1
)
;
    }
    inletOutletLeft
    {
        type            cyclicAMI;
        value           nonuniform List<scalar> 
20
(
753.949
1095.56
1054.51
1034.15
1034
1031.56
1029.25
1024.07
1003.25
1005.3
999.083
993.157
986.993
981.037
974.781
968.74
967.373
994.446
993.954
575.202
)
;
    }
    inletLeft
    {
        type            calculated;
        value           uniform -975;
    }
    inletWallsLeft
    {
        type            calculated;
        value           uniform 0;
    }
    inletFacesLeft
    {
        type            calculated;
        value           nonuniform List<scalar> 
800
(
2.86767e-15
7.27858e-13
5.31181e-13
4.85623e-13
4.72161e-13
6.37151e-13
4.81606e-13
4.24835e-13
4.66858e-13
4.24887e-13
4.80774e-13
4.12547e-13
4.73558e-13
4.32047e-13
4.40088e-13
4.55803e-13
4.65771e-13
4.1473e-13
4.36335e-13
6.3623e-13
-1.25549e-14
5.78452e-13
4.12232e-13
4.19147e-13
4.1918e-13
5.78409e-13
3.65797e-13
3.69378e-13
4.173e-13
3.59814e-13
3.94112e-13
3.41671e-13
4.35015e-13
3.44411e-13
3.62155e-13
4.00797e-13
4.16245e-13
3.84854e-13
4.06249e-13
6.34727e-13
8.87998e-16
1.57885e-13
1.10003e-13
1.501e-13
1.5072e-13
3.77461e-13
1.84301e-13
2.31827e-13
2.32804e-13
2.11147e-13
1.77044e-13
1.99286e-13
2.37274e-13
1.6771e-13
1.517e-13
1.91253e-13
1.9881e-13
2.26337e-13
2.35713e-13
3.43897e-13
2.17625e-16
-4.82041e-14
-3.03758e-14
-3.96043e-14
-4.13809e-14
2.36485e-13
1.61453e-13
1.94216e-13
2.00887e-13
1.94638e-13
1.72099e-13
1.8748e-13
1.99561e-13
1.53572e-13
1.52811e-13
1.56882e-13
1.78203e-13
1.88592e-13
1.9119e-13
2.94469e-13
-1.37163e-16
1.13534e-14
7.21567e-15
7.74399e-15
8.6012e-15
-6.45664e-14
-4.11356e-14
-4.99395e-14
-5.2021e-14
-4.65823e-14
-4.24254e-14
-4.34703e-14
-5.32925e-14
-3.89619e-14
-3.66516e-14
-4.47593e-14
-4.62725e-14
-4.8542e-14
-5.27568e-14
-7.41466e-14
4.02529e-17
-2.59797e-15
-1.74676e-15
-1.67152e-15
-1.95441e-15
1.34372e-14
9.31713e-15
1.0298e-14
1.05142e-14
9.13653e-15
9.62858e-15
8.84038e-15
1.11776e-14
9.10275e-15
8.5544e-15
9.88208e-15
9.64211e-15
1.01792e-14
1.09037e-14
1.41715e-14
-8.79846e-18
5.35149e-16
3.78167e-16
3.61947e-16
4.21726e-16
-2.86981e-15
-2.18602e-15
-2.21849e-15
-2.25893e-15
-2.01172e-15
-2.25684e-15
-2.07697e-15
-2.43418e-15
-2.13809e-15
-2.10846e-15
-2.21751e-15
-2.13875e-15
-2.26562e-15
-2.20892e-15
-2.76706e-15
1.78038e-18
-1.04696e-16
-7.6363e-17
-7.74494e-17
-8.47211e-17
6.00108e-16
4.8266e-16
4.64975e-16
4.81813e-16
4.39814e-16
4.84962e-16
4.64515e-16
5.12769e-16
4.71729e-16
4.75056e-16
4.67312e-16
4.67983e-16
4.87236e-16
4.41351e-16
5.357e-16
-4.14612e-19
2.14804e-17
1.58711e-17
1.74315e-17
1.75656e-17
-1.23894e-16
-1.02356e-16
-9.70485e-17
-1.00794e-16
-9.40125e-17
-9.91576e-17
-9.74707e-17
-1.04443e-16
-1.02838e-16
-1.00228e-16
-9.59095e-17
-9.90441e-17
-1.01509e-16
-9.25768e-17
-1.05519e-16
1.19152e-19
-4.93793e-18
-3.6904e-18
-4.26844e-18
-4.14786e-18
2.69435e-17
2.26789e-17
2.16366e-17
2.21061e-17
2.11145e-17
2.11999e-17
2.11796e-17
2.21537e-17
2.34893e-17
2.16665e-17
2.13256e-17
2.16541e-17
2.19624e-17
2.18624e-17
2.30415e-17
-3.80286e-20
1.24959e-18
9.58991e-19
1.1076e-18
1.10081e-18
-6.42646e-18
-5.52055e-18
-5.28878e-18
-5.36266e-18
-5.20851e-18
-5.06385e-18
-5.13937e-18
-5.20024e-18
-5.72394e-18
-5.1549e-18
-5.36383e-18
-5.17157e-18
-5.19465e-18
-5.73989e-18
-5.72472e-18
1.21755e-20
-3.29856e-19
-2.63184e-19
-2.92992e-19
-3.05686e-19
1.6473e-18
1.43629e-18
1.37527e-18
1.40942e-18
1.37497e-18
1.32309e-18
1.36362e-18
1.33372e-18
1.45938e-18
1.34099e-18
1.44371e-18
1.33299e-18
1.32855e-18
1.56285e-18
1.51543e-18
-3.73471e-21
8.73092e-20
7.2644e-20
7.71446e-20
8.44533e-20
-4.3546e-19
-3.80596e-19
-3.66496e-19
-3.81274e-19
-3.70502e-19
-3.56318e-19
-3.72233e-19
-3.55834e-19
-3.79159e-19
-3.61913e-19
-3.89556e-19
-3.55101e-19
-3.52814e-19
-4.20177e-19
-4.00974e-19
1.07958e-21
-2.26785e-20
-1.96512e-20
-1.9957e-20
-2.26801e-20
1.15017e-19
9.98424e-20
9.76622e-20
1.02528e-19
9.87602e-20
9.50044e-20
1.00425e-19
9.49656e-20
9.83298e-20
9.69424e-20
1.022e-19
9.4553e-20
9.40921e-20
1.09761e-19
1.03295e-19
-2.93273e-22
5.71436e-21
5.14971e-21
5.0293e-21
5.86284e-21
-2.9752e-20
-2.56192e-20
-2.55872e-20
-2.695e-20
-2.56596e-20
-2.4663e-20
-2.63329e-20
-2.4801e-20
-2.50782e-20
-2.521e-20
-2.58796e-20
-2.47043e-20
-2.46789e-20
-2.78423e-20
-2.57579e-20
7.52734e-23
-1.39018e-21
-1.30176e-21
-1.22829e-21
-1.45528e-21
7.45492e-21
6.39691e-21
6.51077e-21
6.86525e-21
6.46227e-21
6.2023e-21
6.67221e-21
6.27343e-21
6.2319e-21
6.32329e-21
6.33733e-21
6.27192e-21
6.28591e-21
6.87875e-21
6.21889e-21
-1.84441e-23
3.26923e-22
3.17428e-22
2.90471e-22
3.47983e-22
-1.80473e-21
-1.55174e-21
-1.59849e-21
-1.68702e-21
-1.57653e-21
-1.51096e-21
-1.63174e-21
-1.53367e-21
-1.50408e-21
-1.53223e-21
-1.50847e-21
-1.53984e-21
-1.54482e-21
-1.65959e-21
-1.45654e-21
4.36839e-24
-7.47291e-23
-7.48759e-23
-6.67447e-23
-8.07469e-23
4.23647e-22
3.66132e-22
3.78463e-22
3.99449e-22
3.73299e-22
3.57482e-22
3.85805e-22
3.63499e-22
3.53246e-22
3.60479e-22
3.51133e-22
3.65287e-22
3.65989e-22
3.91772e-22
3.32271e-22
-1.02232e-24
1.68857e-23
1.73297e-23
1.51369e-23
1.85145e-23
-9.81529e-23
-8.51073e-23
-8.76249e-23
-9.21971e-23
-8.69628e-23
-8.33576e-23
-8.93963e-23
-8.49122e-23
-8.19585e-23
-8.36587e-23
-8.1187e-23
-8.46735e-23
-8.46039e-23
-9.14862e-23
-7.47903e-23
1.99719e-25
-3.15999e-24
-3.29076e-24
-2.84451e-24
-3.53485e-24
1.87e-23
1.62824e-23
1.66046e-23
1.7316e-23
1.66177e-23
1.59964e-23
1.69508e-23
1.63689e-23
1.57332e-23
1.60267e-23
1.55974e-23
1.60416e-23
1.59781e-23
1.76539e-23
1.39125e-23
-2.86767e-15
-7.27858e-13
-5.31181e-13
-4.85623e-13
-4.72161e-13
-6.37151e-13
-4.81606e-13
-4.24835e-13
-4.66858e-13
-4.24887e-13
-4.80774e-13
-4.12547e-13
-4.73558e-13
-4.32047e-13
-4.40088e-13
-4.55803e-13
-4.65771e-13
-4.1473e-13
-4.36335e-13
-6.3623e-13
1.25549e-14
-5.78452e-13
-4.12232e-13
-4.19147e-13
-4.1918e-13
-5.78409e-13
-3.65797e-13
-3.69378e-13
-4.173e-13
-3.59814e-13
-3.94112e-13
-3.41671e-13
-4.35015e-13
-3.44411e-13
-3.62155e-13
-4.00797e-13
-4.16245e-13
-3.84854e-13
-4.06249e-13
-6.34727e-13
-8.87998e-16
-1.57885e-13
-1.10003e-13
-1.501e-13
-1.5072e-13
-3.77461e-13
-1.84301e-13
-2.31827e-13
-2.32804e-13
-2.11147e-13
-1.77044e-13
-1.99286e-13
-2.37274e-13
-1.6771e-13
-1.517e-13
-1.91253e-13
-1.9881e-13
-2.26337e-13
-2.35713e-13
-3.43897e-13
-2.17625e-16
4.82041e-14
3.03758e-14
3.96043e-14
4.13809e-14
-2.36485e-13
-1.61453e-13
-1.94216e-13
-2.00887e-13
-1.94638e-13
-1.72099e-13
-1.8748e-13
-1.99561e-13
-1.53572e-13
-1.52811e-13
-1.56882e-13
-1.78203e-13
-1.88592e-13
-1.9119e-13
-2.94469e-13
1.37163e-16
-1.13534e-14
-7.21567e-15
-7.74399e-15
-8.6012e-15
6.45664e-14
4.11356e-14
4.99395e-14
5.2021e-14
4.65823e-14
4.24254e-14
4.34703e-14
5.32925e-14
3.89619e-14
3.66516e-14
4.47593e-14
4.62725e-14
4.8542e-14
5.27568e-14
7.41466e-14
-4.02529e-17
2.59797e-15
1.74676e-15
1.67152e-15
1.95441e-15
-1.34372e-14
-9.31713e-15
-1.0298e-14
-1.05142e-14
-9.13653e-15
-9.62858e-15
-8.84038e-15
-1.11776e-14
-9.10275e-15
-8.5544e-15
-9.88208e-15
-9.64211e-15
-1.01792e-14
-1.09037e-14
-1.41715e-14
8.79846e-18
-5.35149e-16
-3.78167e-16
-3.61947e-16
-4.21726e-16
2.86981e-15
2.18602e-15
2.21849e-15
2.25893e-15
2.01172e-15
2.25684e-15
2.07697e-15
2.43418e-15
2.13809e-15
2.10846e-15
2.21751e-15
2.13875e-15
2.26562e-15
2.20892e-15
2.76706e-15
-1.78038e-18
1.04696e-16
7.6363e-17
7.74494e-17
8.47211e-17
-6.00108e-16
-4.8266e-16
-4.64975e-16
-4.81813e-16
-4.39814e-16
-4.84962e-16
-4.64515e-16
-5.12769e-16
-4.71729e-16
-4.75056e-16
-4.67312e-16
-4.67983e-16
-4.87236e-16
-4.41351e-16
-5.357e-16
4.14612e-19
-2.14804e-17
-1.58711e-17
-1.74315e-17
-1.75656e-17
1.23894e-16
1.02356e-16
9.70485e-17
1.00794e-16
9.40125e-17
9.91576e-17
9.74707e-17
1.04443e-16
1.02838e-16
1.00228e-16
9.59095e-17
9.90441e-17
1.01509e-16
9.25768e-17
1.05519e-16
-1.19152e-19
4.93793e-18
3.6904e-18
4.26844e-18
4.14786e-18
-2.69435e-17
-2.26789e-17
-2.16366e-17
-2.21061e-17
-2.11145e-17
-2.11999e-17
-2.11796e-17
-2.21537e-17
-2.34893e-17
-2.16665e-17
-2.13256e-17
-2.16541e-17
-2.19624e-17
-2.18624e-17
-2.30415e-17
3.80286e-20
-1.24959e-18
-9.58991e-19
-1.1076e-18
-1.10081e-18
6.42646e-18
5.52055e-18
5.28878e-18
5.36266e-18
5.20851e-18
5.06385e-18
5.13937e-18
5.20024e-18
5.72394e-18
5.1549e-18
5.36383e-18
5.17157e-18
5.19465e-18
5.73989e-18
5.72472e-18
-1.21755e-20
3.29856e-19
2.63184e-19
2.92992e-19
3.05686e-19
-1.6473e-18
-1.43629e-18
-1.37527e-18
-1.40942e-18
-1.37497e-18
-1.32309e-18
-1.36362e-18
-1.33372e-18
-1.45938e-18
-1.34099e-18
-1.44371e-18
-1.33299e-18
-1.32855e-18
-1.56285e-18
-1.51543e-18
3.73471e-21
-8.73092e-20
-7.2644e-20
-7.71446e-20
-8.44533e-20
4.3546e-19
3.80596e-19
3.66496e-19
3.81274e-19
3.70502e-19
3.56318e-19
3.72233e-19
3.55834e-19
3.79159e-19
3.61913e-19
3.89556e-19
3.55101e-19
3.52814e-19
4.20177e-19
4.00974e-19
-1.07958e-21
2.26785e-20
1.96512e-20
1.9957e-20
2.26801e-20
-1.15017e-19
-9.98424e-20
-9.76622e-20
-1.02528e-19
-9.87602e-20
-9.50044e-20
-1.00425e-19
-9.49656e-20
-9.83298e-20
-9.69424e-20
-1.022e-19
-9.4553e-20
-9.40921e-20
-1.09761e-19
-1.03295e-19
2.93273e-22
-5.71436e-21
-5.14971e-21
-5.0293e-21
-5.86284e-21
2.9752e-20
2.56192e-20
2.55872e-20
2.695e-20
2.56596e-20
2.4663e-20
2.63329e-20
2.4801e-20
2.50782e-20
2.521e-20
2.58796e-20
2.47043e-20
2.46789e-20
2.78423e-20
2.57579e-20
-7.52734e-23
1.39018e-21
1.30176e-21
1.22829e-21
1.45528e-21
-7.45492e-21
-6.39691e-21
-6.51077e-21
-6.86525e-21
-6.46227e-21
-6.2023e-21
-6.67221e-21
-6.27343e-21
-6.2319e-21
-6.32329e-21
-6.33733e-21
-6.27192e-21
-6.28591e-21
-6.87875e-21
-6.21889e-21
1.84441e-23
-3.26923e-22
-3.17428e-22
-2.90471e-22
-3.47983e-22
1.80473e-21
1.55174e-21
1.59849e-21
1.68702e-21
1.57653e-21
1.51096e-21
1.63174e-21
1.53367e-21
1.50408e-21
1.53223e-21
1.50847e-21
1.53984e-21
1.54482e-21
1.65959e-21
1.45654e-21
-4.36839e-24
7.47291e-23
7.48759e-23
6.67447e-23
8.07469e-23
-4.23647e-22
-3.66132e-22
-3.78463e-22
-3.99449e-22
-3.73299e-22
-3.57482e-22
-3.85805e-22
-3.63499e-22
-3.53246e-22
-3.60479e-22
-3.51133e-22
-3.65287e-22
-3.65989e-22
-3.91772e-22
-3.32271e-22
1.02232e-24
-1.68857e-23
-1.73297e-23
-1.51369e-23
-1.85145e-23
9.81529e-23
8.51073e-23
8.76249e-23
9.21971e-23
8.69628e-23
8.33576e-23
8.93963e-23
8.49122e-23
8.19585e-23
8.36587e-23
8.1187e-23
8.46735e-23
8.46039e-23
9.14862e-23
7.47903e-23
-1.99719e-25
3.15999e-24
3.29076e-24
2.84451e-24
3.53485e-24
-1.87e-23
-1.62824e-23
-1.66046e-23
-1.7316e-23
-1.66177e-23
-1.59964e-23
-1.69508e-23
-1.63689e-23
-1.57332e-23
-1.60267e-23
-1.55974e-23
-1.60416e-23
-1.59781e-23
-1.76539e-23
-1.39125e-23
)
;
    }
    fineWallsRight
    {
        type            calculated;
        value           uniform 0;
    }
    outletWallRight
    {
        type            calculated;
        value           uniform 0;
    }
    fineplugRight
    {
        type            cyclicAMI;
        value           nonuniform List<scalar> 
20
(
-527.619
-669.533
-582.675
-463.082
-407.62
-435.259
-523.876
-648.023
-763.271
-917.125
-1045.57
-1164.88
-1278.47
-1386.75
-1492.67
-1600.06
-1688.31
-1682.32
-1488.29
-734.596
)
;
    }
    fineFrontAndBackRight
    {
        type            calculated;
        value           nonuniform List<scalar> 
880
(
-2.24562e-12
-1.05439e-11
-8.76327e-13
-8.94639e-13
-8.58598e-13
-3.73603e-12
-1.67396e-13
-5.70273e-14
2.38604e-13
6.59162e-12
1.62236e-12
1.49248e-12
6.89515e-12
5.65869e-13
1.36431e-14
-5.56621e-13
-8.61285e-12
-1.83547e-12
-2.07341e-12
-1.19733e-11
-7.10064e-13
-4.61685e-13
-1.7604e-13
1.49008e-13
3.81482e-13
4.97075e-13
5.50479e-13
5.85471e-13
-6.14892e-13
4.54925e-13
3.88424e-13
3.63065e-13
3.17079e-13
2.41093e-13
1.38369e-13
7.05566e-14
-4.97122e-14
-2.46632e-13
-4.62738e-12
-2.22624e-13
-1.33645e-12
-5.1427e-12
-4.37028e-12
-1.2238e-12
-4.33651e-12
-1.00579e-12
-3.79243e-12
-2.28089e-12
-4.52501e-13
-1.25167e-13
6.08723e-13
3.28868e-12
4.3145e-12
8.9085e-13
5.07022e-12
7.05712e-12
1.76639e-12
5.28091e-12
2.82195e-13
5.30141e-12
4.73063e-13
1.37415e-12
2.85763e-12
2.62892e-12
1.72951e-12
3.81801e-12
4.29669e-12
4.04764e-12
4.13053e-12
4.89264e-12
5.44309e-12
5.17853e-12
5.46788e-12
6.86122e-12
8.55544e-12
9.53934e-12
9.78433e-12
5.58325e-12
1.06768e-11
4.63661e-13
1.90799e-12
4.7927e-12
5.59775e-12
3.84456e-12
5.33166e-12
4.84807e-12
4.67022e-12
4.91638e-12
5.30806e-12
5.18409e-12
4.72538e-12
3.92815e-12
4.21812e-12
3.85377e-12
1.9103e-12
5.36708e-12
7.23356e-12
1.14974e-11
-9.15493e-14
9.99943e-13
3.52668e-12
6.02449e-12
4.83277e-12
5.54323e-12
5.59765e-12
5.76503e-12
5.60495e-12
5.34106e-12
5.65908e-12
4.97767e-12
1.67695e-12
-1.02914e-12
-4.14944e-12
-7.16503e-12
-5.78002e-12
2.67848e-12
8.99267e-12
-5.03897e-13
-1.52768e-13
2.10004e-12
5.7508e-12
5.50319e-12
6.48075e-12
7.01236e-12
7.41858e-12
6.83247e-12
5.47199e-12
5.60463e-12
4.55158e-12
-1.86056e-12
-6.12791e-12
-9.15862e-12
-1.16203e-11
-1.34979e-11
-3.75421e-12
6.07992e-12
-5.36133e-13
-8.82766e-13
1.40313e-12
5.57911e-12
5.99236e-12
7.74606e-12
7.7214e-12
7.40134e-12
7.21967e-12
5.89113e-12
5.27298e-12
3.49711e-12
-5.38114e-12
-8.66393e-12
-1.08323e-11
-1.33722e-11
-1.63117e-11
-9.11715e-12
2.76297e-12
-1.98278e-13
-7.56076e-13
2.05033e-12
5.6358e-12
6.21726e-12
8.12297e-12
7.88117e-12
5.89878e-12
6.26789e-12
6.0441e-12
5.56349e-12
2.13601e-12
-7.55298e-12
-9.18064e-12
-1.12133e-11
-1.39551e-11
-1.69743e-11
-1.27219e-11
-8.74893e-13
2.43479e-13
-2.699e-13
3.56897e-12
5.80384e-12
6.52382e-12
7.01582e-12
6.26101e-12
3.6175e-12
4.04702e-12
5.68394e-12
5.83908e-12
5.40502e-13
-8.26926e-12
-9.07822e-12
-1.08835e-11
-1.36202e-11
-1.67637e-11
-1.48975e-11
-4.16112e-12
3.05592e-13
8.4301e-14
3.92923e-12
5.91726e-12
7.26447e-12
6.14271e-12
3.87028e-12
4.78951e-13
1.07342e-12
4.67067e-12
6.00741e-12
-1.21956e-12
-8.27376e-12
-8.40003e-12
-9.81404e-12
-1.2641e-11
-1.64848e-11
-1.61849e-11
-6.80396e-12
-5.64676e-13
-1.53955e-13
3.19924e-12
5.8437e-12
8.11933e-12
5.52635e-12
1.87489e-12
-2.60597e-12
-1.92677e-12
3.16273e-12
5.96911e-12
-2.84525e-12
-7.72798e-12
-7.1151e-12
-8.12586e-12
-1.10855e-11
-1.59025e-11
-1.69462e-11
-8.74825e-12
-2.77231e-12
-1.04435e-12
1.76445e-12
5.5538e-12
8.34357e-12
4.5412e-12
5.63635e-13
-4.90622e-12
-4.60197e-12
1.46921e-12
5.77124e-12
-3.76289e-12
-6.81888e-12
-5.45756e-12
-6.04326e-12
-8.85918e-12
-1.47113e-11
-1.72794e-11
-1.00228e-11
-6.41469e-12
-2.21088e-12
3.83825e-13
5.15098e-12
8.0185e-12
4.12498e-12
-3.87837e-14
-6.35585e-12
-6.98237e-12
-1.62405e-13
5.47339e-12
-4.30922e-12
-5.79345e-12
-3.80799e-12
-4.02427e-12
-6.21897e-12
-1.25842e-11
-1.71697e-11
-1.07529e-11
-1.11729e-11
-3.70511e-12
-6.34723e-13
4.82275e-12
8.52473e-12
3.73594e-12
-8.4338e-13
-7.52821e-12
-9.08207e-12
-1.43467e-12
4.60632e-12
-4.6497e-12
-4.8684e-12
-2.72401e-12
-2.59461e-12
-3.6617e-12
-9.71442e-12
-1.65946e-11
-1.10614e-11
-1.61274e-11
-5.69582e-12
-2.3064e-12
4.60315e-12
8.99069e-12
2.56836e-12
-2.06028e-12
-8.50817e-12
-1.07831e-11
-2.12065e-12
3.24987e-12
-4.64861e-12
-4.29581e-12
-2.47174e-12
-1.83611e-12
-1.63123e-12
-6.48563e-12
-1.60098e-11
-1.12728e-11
-1.96035e-11
-7.52221e-12
-5.52457e-12
4.22763e-12
7.00924e-12
6.47834e-13
-3.29298e-12
-9.29755e-12
-1.20238e-11
-1.89488e-12
2.02162e-12
-4.40972e-12
-4.08244e-12
-2.36516e-12
-6.27307e-13
2.7656e-14
-3.24973e-12
-1.43198e-11
-1.00391e-11
-2.0369e-11
-9.83506e-12
-2.77691e-12
3.90587e-12
4.47899e-12
-1.3745e-12
-4.5076e-12
-1.01682e-11
-1.27118e-11
-3.04216e-13
1.38069e-12
-4.15344e-12
-3.85271e-12
-8.77864e-13
3.08087e-12
2.35331e-12
-3.15935e-14
-1.16544e-11
-1.66134e-11
-1.89499e-11
-1.04213e-11
3.36972e-12
3.77769e-12
1.47103e-12
-3.03275e-12
-5.2726e-12
-1.11475e-11
-1.24966e-11
2.19884e-12
1.26782e-12
-3.88565e-12
-2.9136e-12
3.26511e-12
9.67538e-12
6.15589e-12
3.19304e-12
-5.12665e-12
-1.8532e-11
-1.55093e-11
-8.00982e-12
4.49362e-12
3.85346e-12
-9.15663e-13
-3.42692e-12
-4.67518e-12
-1.18845e-11
-9.78317e-12
4.73255e-12
1.32351e-12
-3.35714e-12
-7.30209e-13
9.16664e-12
1.55748e-11
1.05897e-11
6.14063e-12
4.78079e-12
-1.36452e-12
-1.07599e-11
-4.98715e-12
7.54215e-14
1.85113e-12
-1.93794e-12
-2.74727e-12
-2.82448e-12
-1.20445e-11
-5.45663e-12
6.27532e-12
1.37566e-12
-2.26448e-12
2.51984e-12
1.38805e-11
1.64712e-11
1.32031e-11
8.6852e-12
6.99083e-12
9.16483e-12
-7.10249e-12
-2.94605e-12
-3.58316e-12
-2.80598e-12
-1.62886e-12
-2.3161e-12
-1.94802e-12
-1.18446e-11
-1.59955e-12
6.94682e-12
1.49372e-12
-5.03088e-13
6.11006e-12
1.59457e-11
1.4127e-11
1.27896e-11
1.11053e-11
4.73653e-12
6.50469e-12
-5.48125e-12
-1.14177e-12
-1.67884e-12
-2.39309e-12
-8.85706e-13
-2.48788e-12
-3.14063e-12
-1.14676e-11
1.14466e-12
7.17817e-12
1.80889e-12
1.73042e-12
9.41315e-12
1.66509e-11
1.34689e-11
1.12302e-11
1.31837e-11
5.0997e-12
-4.18335e-12
2.24562e-12
1.05439e-11
8.76327e-13
8.94639e-13
8.58598e-13
3.73603e-12
1.67396e-13
5.70273e-14
-2.38604e-13
-6.59162e-12
-1.62236e-12
-1.49248e-12
-6.89515e-12
-5.65869e-13
-1.36431e-14
5.56621e-13
8.61285e-12
1.83547e-12
2.07341e-12
1.19733e-11
7.10064e-13
4.61685e-13
1.7604e-13
-1.49008e-13
-3.81482e-13
-4.97075e-13
-5.50479e-13
-5.85471e-13
6.14892e-13
-4.54925e-13
-3.88424e-13
-3.63065e-13
-3.17079e-13
-2.41093e-13
-1.38369e-13
-7.05566e-14
4.97122e-14
2.46632e-13
4.62738e-12
2.22624e-13
1.33645e-12
5.1427e-12
4.37028e-12
1.2238e-12
4.33651e-12
1.00579e-12
3.79243e-12
2.28089e-12
4.52501e-13
1.25167e-13
-6.08723e-13
-3.28868e-12
-4.3145e-12
-8.9085e-13
-5.07022e-12
-7.05712e-12
-1.76639e-12
-5.28091e-12
-2.82195e-13
-5.30141e-12
-4.73063e-13
-1.37415e-12
-2.85763e-12
-2.62892e-12
-1.72951e-12
-3.81801e-12
-4.29669e-12
-4.04764e-12
-4.13053e-12
-4.89264e-12
-5.44309e-12
-5.17853e-12
-5.46788e-12
-6.86122e-12
-8.55544e-12
-9.53934e-12
-9.78433e-12
-5.58325e-12
-1.06768e-11
-4.63661e-13
-1.90799e-12
-4.7927e-12
-5.59775e-12
-3.84456e-12
-5.33166e-12
-4.84807e-12
-4.67022e-12
-4.91638e-12
-5.30806e-12
-5.18409e-12
-4.72538e-12
-3.92815e-12
-4.21812e-12
-3.85377e-12
-1.9103e-12
-5.36708e-12
-7.23356e-12
-1.14974e-11
9.15493e-14
-9.99943e-13
-3.52668e-12
-6.02449e-12
-4.83277e-12
-5.54323e-12
-5.59765e-12
-5.76503e-12
-5.60495e-12
-5.34106e-12
-5.65908e-12
-4.97767e-12
-1.67695e-12
1.02914e-12
4.14944e-12
7.16503e-12
5.78002e-12
-2.67848e-12
-8.99267e-12
5.03897e-13
1.52768e-13
-2.10004e-12
-5.7508e-12
-5.50319e-12
-6.48075e-12
-7.01236e-12
-7.41858e-12
-6.83247e-12
-5.47199e-12
-5.60463e-12
-4.55158e-12
1.86056e-12
6.12791e-12
9.15862e-12
1.16203e-11
1.34979e-11
3.75421e-12
-6.07992e-12
5.36133e-13
8.82766e-13
-1.40313e-12
-5.57911e-12
-5.99236e-12
-7.74606e-12
-7.7214e-12
-7.40134e-12
-7.21967e-12
-5.89113e-12
-5.27298e-12
-3.49711e-12
5.38114e-12
8.66393e-12
1.08323e-11
1.33722e-11
1.63117e-11
9.11715e-12
-2.76297e-12
1.98278e-13
7.56076e-13
-2.05033e-12
-5.6358e-12
-6.21726e-12
-8.12297e-12
-7.88117e-12
-5.89878e-12
-6.26789e-12
-6.0441e-12
-5.56349e-12
-2.13601e-12
7.55298e-12
9.18064e-12
1.12133e-11
1.39551e-11
1.69743e-11
1.27219e-11
8.74893e-13
-2.43479e-13
2.699e-13
-3.56897e-12
-5.80384e-12
-6.52382e-12
-7.01582e-12
-6.26101e-12
-3.6175e-12
-4.04702e-12
-5.68394e-12
-5.83908e-12
-5.40502e-13
8.26926e-12
9.07822e-12
1.08835e-11
1.36202e-11
1.67637e-11
1.48975e-11
4.16112e-12
-3.05592e-13
-8.4301e-14
-3.92923e-12
-5.91726e-12
-7.26447e-12
-6.14271e-12
-3.87028e-12
-4.78951e-13
-1.07342e-12
-4.67067e-12
-6.00741e-12
1.21956e-12
8.27376e-12
8.40003e-12
9.81404e-12
1.2641e-11
1.64848e-11
1.61849e-11
6.80396e-12
5.64676e-13
1.53955e-13
-3.19924e-12
-5.8437e-12
-8.11933e-12
-5.52635e-12
-1.87489e-12
2.60597e-12
1.92677e-12
-3.16273e-12
-5.96911e-12
2.84525e-12
7.72798e-12
7.1151e-12
8.12586e-12
1.10855e-11
1.59025e-11
1.69462e-11
8.74825e-12
2.77231e-12
1.04435e-12
-1.76445e-12
-5.5538e-12
-8.34357e-12
-4.5412e-12
-5.63635e-13
4.90622e-12
4.60197e-12
-1.46921e-12
-5.77124e-12
3.76289e-12
6.81888e-12
5.45756e-12
6.04326e-12
8.85918e-12
1.47113e-11
1.72794e-11
1.00228e-11
6.41469e-12
2.21088e-12
-3.83825e-13
-5.15098e-12
-8.0185e-12
-4.12498e-12
3.87837e-14
6.35585e-12
6.98237e-12
1.62405e-13
-5.47339e-12
4.30922e-12
5.79345e-12
3.80799e-12
4.02427e-12
6.21897e-12
1.25842e-11
1.71697e-11
1.07529e-11
1.11729e-11
3.70511e-12
6.34723e-13
-4.82275e-12
-8.52473e-12
-3.73594e-12
8.4338e-13
7.52821e-12
9.08207e-12
1.43467e-12
-4.60632e-12
4.6497e-12
4.8684e-12
2.72401e-12
2.59461e-12
3.6617e-12
9.71442e-12
1.65946e-11
1.10614e-11
1.61274e-11
5.69582e-12
2.3064e-12
-4.60315e-12
-8.99069e-12
-2.56836e-12
2.06028e-12
8.50817e-12
1.07831e-11
2.12065e-12
-3.24987e-12
4.64861e-12
4.29581e-12
2.47174e-12
1.83611e-12
1.63123e-12
6.48563e-12
1.60098e-11
1.12728e-11
1.96035e-11
7.52221e-12
5.52457e-12
-4.22763e-12
-7.00924e-12
-6.47834e-13
3.29298e-12
9.29755e-12
1.20238e-11
1.89488e-12
-2.02162e-12
4.40972e-12
4.08244e-12
2.36516e-12
6.27307e-13
-2.7656e-14
3.24973e-12
1.43198e-11
1.00391e-11
2.0369e-11
9.83506e-12
2.77691e-12
-3.90587e-12
-4.47899e-12
1.3745e-12
4.5076e-12
1.01682e-11
1.27118e-11
3.04216e-13
-1.38069e-12
4.15344e-12
3.85271e-12
8.77864e-13
-3.08087e-12
-2.35331e-12
3.15935e-14
1.16544e-11
1.66134e-11
1.89499e-11
1.04213e-11
-3.36972e-12
-3.77769e-12
-1.47103e-12
3.03275e-12
5.2726e-12
1.11475e-11
1.24966e-11
-2.19884e-12
-1.26782e-12
3.88565e-12
2.9136e-12
-3.26511e-12
-9.67538e-12
-6.15589e-12
-3.19304e-12
5.12665e-12
1.8532e-11
1.55093e-11
8.00982e-12
-4.49362e-12
-3.85346e-12
9.15663e-13
3.42692e-12
4.67518e-12
1.18845e-11
9.78317e-12
-4.73255e-12
-1.32351e-12
3.35714e-12
7.30209e-13
-9.16664e-12
-1.55748e-11
-1.05897e-11
-6.14063e-12
-4.78079e-12
1.36452e-12
1.07599e-11
4.98715e-12
-7.54215e-14
-1.85113e-12
1.93794e-12
2.74727e-12
2.82448e-12
1.20445e-11
5.45663e-12
-6.27532e-12
-1.37566e-12
2.26448e-12
-2.51984e-12
-1.38805e-11
-1.64712e-11
-1.32031e-11
-8.6852e-12
-6.99083e-12
-9.16483e-12
7.10249e-12
2.94605e-12
3.58316e-12
2.80598e-12
1.62886e-12
2.3161e-12
1.94802e-12
1.18446e-11
1.59955e-12
-6.94682e-12
-1.49372e-12
5.03088e-13
-6.11006e-12
-1.59457e-11
-1.4127e-11
-1.27896e-11
-1.11053e-11
-4.73653e-12
-6.50469e-12
5.48125e-12
1.14177e-12
1.67884e-12
2.39309e-12
8.85706e-13
2.48788e-12
3.14063e-12
1.14676e-11
-1.14466e-12
-7.17817e-12
-1.80889e-12
-1.73042e-12
-9.41315e-12
-1.66509e-11
-1.34689e-11
-1.12302e-11
-1.31837e-11
-5.0997e-12
4.18335e-12
)
;
    }
    symmetryWallRight
    {
        type            cyclicAMI;
        value           nonuniform List<scalar> 
20
(
20.6945
273.451
-8574.18
-20983.7
-26604.7
-17240.9
6139.61
28039.6
29335.2
25342.2
23202.7
23001.4
17990.3
-7936
-27392.3
-15639.3
-6701.73
-17713.6
3873.59
11070.1
)
;
    }
    inletOutletRight
    {
        type            cyclicAMI;
        value           nonuniform List<scalar> 
20
(
527.619
669.533
582.675
463.082
407.62
435.259
523.876
648.023
763.271
917.125
1045.57
1164.88
1278.47
1386.75
1492.67
1600.06
1688.31
1682.32
1488.29
734.596
)
;
    }
    inletRight
    {
        type            calculated;
        value           uniform -975;
    }
    inletWallsRight
    {
        type            calculated;
        value           uniform 0;
    }
    inletFacesRight
    {
        type            calculated;
        value           nonuniform List<scalar> 
800
(
5.71315e-26
1.18729e-24
-2.71231e-25
-2.58982e-23
-1.00798e-22
-1.83847e-22
-2.60092e-23
9.35623e-22
3.45038e-21
7.97792e-21
1.40563e-20
1.99866e-20
2.32117e-20
2.13892e-20
1.39346e-20
3.45473e-21
-4.5617e-21
-5.2549e-21
2.19685e-23
2.11908e-21
1.09306e-24
7.49784e-24
-1.47491e-23
-1.19706e-22
-2.93293e-22
-2.14845e-22
9.09268e-22
3.89774e-21
8.44891e-21
1.21324e-20
1.06677e-20
-5.73193e-23
-1.99242e-20
-3.88288e-20
-3.71468e-20
-4.83121e-21
3.33546e-20
2.02878e-20
-8.62334e-20
-1.6952e-19
1.49e-24
-1.86722e-23
-7.73814e-23
-2.24195e-22
-3.71476e-22
5.60819e-23
2.2368e-21
6.75563e-21
1.0622e-20
4.41605e-21
-2.5829e-20
-8.47348e-20
-1.42577e-19
-1.32703e-19
-1.65219e-20
1.35292e-19
1.66984e-19
-6.26813e-20
-5.53737e-19
-8.51178e-19
-9.2681e-25
2.43733e-23
-3.1293e-25
-9.03194e-23
-2.75299e-22
-1.76207e-22
1.56946e-21
6.04712e-21
1.06043e-20
5.03898e-21
-2.81392e-20
-1.01676e-19
-1.95273e-19
-2.33611e-19
-1.42803e-19
1.67599e-20
1.58585e-19
1.35126e-19
-4.4426e-19
-1.99556e-18
7.82387e-24
-1.26567e-22
-2.56487e-22
-3.78382e-22
-3.91831e-22
1.25026e-22
1.77689e-21
5.25081e-21
9.83348e-21
1.08353e-20
-1.81467e-21
-4.04063e-20
-1.073e-19
-1.78792e-19
-2.12135e-19
-1.90778e-19
-1.12535e-19
-7.81535e-20
3.3103e-19
-4.99067e-18
-1.42168e-23
2.14606e-22
4.37521e-22
7.55602e-22
8.48032e-22
-1.12623e-22
-1.87394e-21
-2.67902e-21
-2.15667e-21
-3.1626e-21
-1.00778e-20
-1.99837e-20
-1.72161e-20
1.31945e-20
5.70154e-20
5.62978e-20
-5.24037e-20
-3.14293e-19
-3.935e-19
-9.37366e-18
-2.02281e-23
2.72949e-22
-2.67998e-22
-1.45542e-21
-2.92043e-21
-2.65515e-21
3.98141e-21
1.20265e-20
1.92827e-20
3.22532e-20
6.47644e-20
1.01555e-19
5.18845e-20
-2.20426e-19
-7.48022e-19
-1.3886e-18
-2.01428e-18
-3.071e-18
-6.60474e-18
-1.13618e-17
6.52013e-22
-8.23063e-21
-9.2611e-21
-3.45948e-21
1.533e-20
4.42035e-20
3.13566e-20
5.38321e-21
-8.78591e-21
-3.59267e-20
-1.93788e-19
-5.02202e-19
-4.70075e-19
8.8014e-19
4.13198e-18
8.99624e-18
1.47937e-17
2.08665e-17
2.5121e-17
1.78982e-17
-6.12099e-21
6.94162e-20
9.29326e-20
6.46487e-20
-7.95195e-20
-3.54069e-19
-3.56228e-19
-2.5799e-19
-1.67742e-19
1.59946e-19
1.46555e-18
3.17085e-18
2.27192e-19
-1.28158e-17
-2.91271e-17
-3.25846e-17
-9.31257e-18
2.82356e-17
4.15948e-17
1.35404e-17
4.94138e-20
-4.22504e-19
-6.26919e-19
-5.18335e-19
2.39965e-19
2.01939e-18
2.57996e-18
2.27543e-18
1.45816e-18
7.77646e-19
1.66021e-18
6.21706e-18
1.24266e-17
-7.35381e-18
-1.10741e-16
-2.88927e-16
-3.74128e-16
-2.30153e-16
-4.03253e-17
-6.80605e-17
-3.36479e-19
1.93838e-18
3.2906e-18
3.16288e-18
1.18505e-18
-7.25334e-18
-1.26596e-17
-1.48904e-17
-1.57116e-17
-1.48469e-17
-1.16099e-17
-5.68931e-18
6.62253e-18
8.10935e-18
-9.00083e-17
-3.131e-16
-2.79645e-16
5.42448e-16
1.89923e-15
2.15401e-15
1.46056e-18
-7.23076e-18
-1.34472e-17
-1.32812e-17
-9.76378e-18
1.38103e-17
4.01218e-17
5.61461e-17
6.60061e-17
7.30586e-17
7.59261e-17
7.57113e-17
8.1654e-17
1.01901e-16
1.06822e-16
2.68358e-17
-2.14696e-16
-6.73163e-16
8.23862e-16
5.29157e-15
-4.54967e-18
2.12126e-17
4.17382e-17
4.16366e-17
3.45502e-17
1.32917e-17
-7.88378e-17
-1.59329e-16
-2.26257e-16
-2.91325e-16
-3.45662e-16
-3.90689e-16
-4.5144e-16
-5.51539e-16
-6.81003e-16
-7.86071e-16
-8.18956e-16
-4.85327e-16
1.1184e-15
5.17807e-15
4.3979e-18
1.72426e-17
-3.18828e-17
-2.96333e-17
-6.82274e-17
-6.34599e-16
-3.95291e-16
-1.09451e-16
1.69649e-16
5.59968e-16
1.00956e-15
1.54496e-15
2.26821e-15
3.24192e-15
4.41216e-15
5.55591e-15
6.33851e-15
6.61414e-15
7.42423e-15
4.60634e-15
3.11435e-18
-7.70408e-16
-5.67573e-16
-5.69484e-16
-1.8543e-16
5.65151e-15
4.8582e-15
4.51513e-15
4.11946e-15
2.6777e-15
6.96494e-16
-2.28334e-15
-6.63293e-15
-1.2115e-14
-1.82257e-14
-2.39429e-14
-2.69193e-14
-2.43126e-14
-1.3774e-14
-7.09136e-15
2.66454e-16
5.60263e-15
4.49287e-15
4.53728e-15
4.30447e-15
-3.48995e-14
-3.02812e-14
-3.38578e-14
-3.50777e-14
-3.30383e-14
-3.19822e-14
-2.54401e-14
-1.08498e-14
9.4043e-15
2.92133e-14
4.21677e-14
3.69504e-14
4.3669e-15
-4.01107e-14
-8.29321e-14
-1.14543e-15
-3.21323e-14
-2.43628e-14
-2.56312e-14
-3.33555e-14
1.59939e-13
1.30645e-13
1.52442e-13
1.61459e-13
1.78218e-13
2.26782e-13
2.61883e-13
2.63114e-13
2.31378e-13
2.23705e-13
2.72321e-13
3.2459e-13
3.28441e-13
2.52286e-13
2.2354e-13
3.3898e-15
1.21539e-13
7.88639e-14
1.03636e-13
1.11484e-13
2.53152e-13
1.43202e-13
1.77656e-13
1.61037e-13
1.18823e-13
7.08551e-14
3.50588e-15
-2.37051e-14
1.42019e-14
1.26335e-13
2.6057e-13
3.44009e-13
3.35187e-13
2.66384e-13
2.41888e-13
-1.17807e-14
2.68518e-13
2.3038e-13
2.41135e-13
2.96179e-13
3.36248e-13
2.0433e-13
1.58737e-13
3.72747e-14
-1.90895e-13
-4.73879e-13
-7.07884e-13
-8.42298e-13
-9.11445e-13
-8.60238e-13
-5.71876e-13
-1.42215e-13
1.56562e-13
2.90359e-13
3.09105e-13
-9.14638e-15
1.64979e-13
1.2402e-13
9.72946e-14
1.35577e-13
1.61725e-13
8.94334e-14
1.84609e-14
-7.82988e-14
-2.4555e-13
-4.94147e-13
-7.5359e-13
-9.80938e-13
-1.16157e-12
-1.2727e-12
-1.14035e-12
-7.39373e-13
-2.82565e-13
4.08426e-14
1.80011e-13
-5.71315e-26
-1.18729e-24
2.71231e-25
2.58982e-23
1.00798e-22
1.83847e-22
2.60092e-23
-9.35623e-22
-3.45038e-21
-7.97792e-21
-1.40563e-20
-1.99866e-20
-2.32117e-20
-2.13892e-20
-1.39346e-20
-3.45473e-21
4.5617e-21
5.2549e-21
-2.19685e-23
-2.11908e-21
-1.09306e-24
-7.49784e-24
1.47491e-23
1.19706e-22
2.93293e-22
2.14845e-22
-9.09268e-22
-3.89774e-21
-8.44891e-21
-1.21324e-20
-1.06677e-20
5.73193e-23
1.99242e-20
3.88288e-20
3.71468e-20
4.83121e-21
-3.33546e-20
-2.02878e-20
8.62334e-20
1.6952e-19
-1.49e-24
1.86722e-23
7.73814e-23
2.24195e-22
3.71476e-22
-5.60819e-23
-2.2368e-21
-6.75563e-21
-1.0622e-20
-4.41605e-21
2.5829e-20
8.47348e-20
1.42577e-19
1.32703e-19
1.65219e-20
-1.35292e-19
-1.66984e-19
6.26813e-20
5.53737e-19
8.51178e-19
9.2681e-25
-2.43733e-23
3.1293e-25
9.03194e-23
2.75299e-22
1.76207e-22
-1.56946e-21
-6.04712e-21
-1.06043e-20
-5.03898e-21
2.81392e-20
1.01676e-19
1.95273e-19
2.33611e-19
1.42803e-19
-1.67599e-20
-1.58585e-19
-1.35126e-19
4.4426e-19
1.99556e-18
-7.82387e-24
1.26567e-22
2.56487e-22
3.78382e-22
3.91831e-22
-1.25026e-22
-1.77689e-21
-5.25081e-21
-9.83348e-21
-1.08353e-20
1.81467e-21
4.04063e-20
1.073e-19
1.78792e-19
2.12135e-19
1.90778e-19
1.12535e-19
7.81535e-20
-3.3103e-19
4.99067e-18
1.42168e-23
-2.14606e-22
-4.37521e-22
-7.55602e-22
-8.48032e-22
1.12623e-22
1.87394e-21
2.67902e-21
2.15667e-21
3.1626e-21
1.00778e-20
1.99837e-20
1.72161e-20
-1.31945e-20
-5.70154e-20
-5.62978e-20
5.24037e-20
3.14293e-19
3.935e-19
9.37366e-18
2.02281e-23
-2.72949e-22
2.67998e-22
1.45542e-21
2.92043e-21
2.65515e-21
-3.98141e-21
-1.20265e-20
-1.92827e-20
-3.22532e-20
-6.47644e-20
-1.01555e-19
-5.18845e-20
2.20426e-19
7.48022e-19
1.3886e-18
2.01428e-18
3.071e-18
6.60474e-18
1.13618e-17
-6.52013e-22
8.23063e-21
9.2611e-21
3.45948e-21
-1.533e-20
-4.42035e-20
-3.13566e-20
-5.38321e-21
8.78591e-21
3.59267e-20
1.93788e-19
5.02202e-19
4.70075e-19
-8.8014e-19
-4.13198e-18
-8.99624e-18
-1.47937e-17
-2.08665e-17
-2.5121e-17
-1.78982e-17
6.12099e-21
-6.94162e-20
-9.29326e-20
-6.46487e-20
7.95195e-20
3.54069e-19
3.56228e-19
2.5799e-19
1.67742e-19
-1.59946e-19
-1.46555e-18
-3.17085e-18
-2.27192e-19
1.28158e-17
2.91271e-17
3.25846e-17
9.31257e-18
-2.82356e-17
-4.15948e-17
-1.35404e-17
-4.94138e-20
4.22504e-19
6.26919e-19
5.18335e-19
-2.39965e-19
-2.01939e-18
-2.57996e-18
-2.27543e-18
-1.45816e-18
-7.77646e-19
-1.66021e-18
-6.21706e-18
-1.24266e-17
7.35381e-18
1.10741e-16
2.88927e-16
3.74128e-16
2.30153e-16
4.03253e-17
6.80605e-17
3.36479e-19
-1.93838e-18
-3.2906e-18
-3.16288e-18
-1.18505e-18
7.25334e-18
1.26596e-17
1.48904e-17
1.57116e-17
1.48469e-17
1.16099e-17
5.68931e-18
-6.62253e-18
-8.10935e-18
9.00083e-17
3.131e-16
2.79645e-16
-5.42448e-16
-1.89923e-15
-2.15401e-15
-1.46056e-18
7.23076e-18
1.34472e-17
1.32812e-17
9.76378e-18
-1.38103e-17
-4.01218e-17
-5.61461e-17
-6.60061e-17
-7.30586e-17
-7.59261e-17
-7.57113e-17
-8.1654e-17
-1.01901e-16
-1.06822e-16
-2.68358e-17
2.14696e-16
6.73163e-16
-8.23862e-16
-5.29157e-15
4.54967e-18
-2.12126e-17
-4.17382e-17
-4.16366e-17
-3.45502e-17
-1.32917e-17
7.88378e-17
1.59329e-16
2.26257e-16
2.91325e-16
3.45662e-16
3.90689e-16
4.5144e-16
5.51539e-16
6.81003e-16
7.86071e-16
8.18956e-16
4.85327e-16
-1.1184e-15
-5.17807e-15
-4.3979e-18
-1.72426e-17
3.18828e-17
2.96333e-17
6.82274e-17
6.34599e-16
3.95291e-16
1.09451e-16
-1.69649e-16
-5.59968e-16
-1.00956e-15
-1.54496e-15
-2.26821e-15
-3.24192e-15
-4.41216e-15
-5.55591e-15
-6.33851e-15
-6.61414e-15
-7.42423e-15
-4.60634e-15
-3.11435e-18
7.70408e-16
5.67573e-16
5.69484e-16
1.8543e-16
-5.65151e-15
-4.8582e-15
-4.51513e-15
-4.11946e-15
-2.6777e-15
-6.96494e-16
2.28334e-15
6.63293e-15
1.2115e-14
1.82257e-14
2.39429e-14
2.69193e-14
2.43126e-14
1.3774e-14
7.09136e-15
-2.66454e-16
-5.60263e-15
-4.49287e-15
-4.53728e-15
-4.30447e-15
3.48995e-14
3.02812e-14
3.38578e-14
3.50777e-14
3.30383e-14
3.19822e-14
2.54401e-14
1.08498e-14
-9.4043e-15
-2.92133e-14
-4.21677e-14
-3.69504e-14
-4.3669e-15
4.01107e-14
8.29321e-14
1.14543e-15
3.21323e-14
2.43628e-14
2.56312e-14
3.33555e-14
-1.59939e-13
-1.30645e-13
-1.52442e-13
-1.61459e-13
-1.78218e-13
-2.26782e-13
-2.61883e-13
-2.63114e-13
-2.31378e-13
-2.23705e-13
-2.72321e-13
-3.2459e-13
-3.28441e-13
-2.52286e-13
-2.2354e-13
-3.3898e-15
-1.21539e-13
-7.88639e-14
-1.03636e-13
-1.11484e-13
-2.53152e-13
-1.43202e-13
-1.77656e-13
-1.61037e-13
-1.18823e-13
-7.08551e-14
-3.50588e-15
2.37051e-14
-1.42019e-14
-1.26335e-13
-2.6057e-13
-3.44009e-13
-3.35187e-13
-2.66384e-13
-2.41888e-13
1.17807e-14
-2.68518e-13
-2.3038e-13
-2.41135e-13
-2.96179e-13
-3.36248e-13
-2.0433e-13
-1.58737e-13
-3.72747e-14
1.90895e-13
4.73879e-13
7.07884e-13
8.42298e-13
9.11445e-13
8.60238e-13
5.71876e-13
1.42215e-13
-1.56562e-13
-2.90359e-13
-3.09105e-13
9.14638e-15
-1.64979e-13
-1.2402e-13
-9.72946e-14
-1.35577e-13
-1.61725e-13
-8.94334e-14
-1.84609e-14
7.82988e-14
2.4555e-13
4.94147e-13
7.5359e-13
9.80938e-13
1.16157e-12
1.2727e-12
1.14035e-12
7.39373e-13
2.82565e-13
-4.08426e-14
-1.80011e-13
)
;
    }
}


// ************************************************************************* //
