/*--------------------------------*- C++ -*----------------------------------*\
| =========                 |                                                 |
| \\      /  F ield         | OpenFOAM: The Open Source CFD Toolbox           |
|  \\    /   O peration     | Version:  4.1                                   |
|   \\  /    A nd           | Web:      www.OpenFOAM.org                      |
|    \\/     M anipulation  |                                                 |
\*---------------------------------------------------------------------------*/
FoamFile
{
    version     2.0;
    format      ascii;
    class       surfaceScalarField;
    location    "6";
    object      phi;
}
// * * * * * * * * * * * * * * * * * * * * * * * * * * * * * * * * * * * * * //

dimensions      [0 3 -1 0 0 0 0];

internalField   nonuniform List<scalar> 
2360
(
3435.79
3378.97
56.8184
3378.97
3378.97
3550.9
-171.93
3550.9
3550.9
3550.9
3974.59
-423.686
3974.59
3974.59
4717.64
-743.047
4717.64
4717.64
5838.64
-1121
5838.64
5838.64
7872.35
-2033.71
7872.35
7872.35
8487.36
9464.1
10429
11378.9
12331.9
13292.6
10262.3
4005.6
11257
12260.2
13269.4
14283.7
15302.8
16326.5
17354.5
18386.1
19420.2
20459.9
21538
22643.1
23366.8
8596.41
14770.3
8596.41
8596.41
8596.41
-1398.3
9994.72
-1398.3
-1398.31
-1398.31
-686.554
-711.756
-686.558
-686.559
371.208
-1057.77
371.217
371.209
371.218
-10016.9
10388.1
-10016.9
-10016.9
-10016.9
-24763
14746.1
-24401.8
-23891
-23311.1
-22676.7
-21995.8
-21268.6
-20493.7
-19666.9
-18783.9
-17839.8
-16830.5
-15752.2
-14602.7
-20116
6740.32
-18823.9
-17404.6
-15811.9
-14071.3
-12535.4
-12003.6
-12003.6
-12003.6
-8508.6
-3494.99
-8508.6
-8508.6
-6430.09
-2078.51
-6430.1
-6430.1
-5061.66
-1368.44
-5061.66
-5061.66
-4240.22
-821.435
-4240.22
-4240.22
-4240.22
-3922.17
-318.053
-3922.17
-3922.17
-3949.38
27.2112
-46583.8
-46612.2
19772.3
-20586.8
2802.05
39750.4
-2507.06
16106.1
-723.967
4486.09
-1884.35
8445.82
-3113.21
2976.56
-3731.04
-839.896
-1226.67
-4494.23
1099.34
-2459.13
732.141
3258.66
-591.239
4536.26
-1522.56
1960.97
-596.104
-2325.85
485.534
-1174.31
341.522
1862.07
104.147
2540.83
42.5987
2430.32
2896.61
-8432.29
-32217.2
-12961.2
-16057.9
1728.21
25060.9
-129.04
17963.3
-1329.86
5686.92
-2608.64
9724.6
-3015.97
3383.88
-1496.38
-2359.48
494.147
-6484.75
1992.2
-3957.19
1572.81
3678.06
54.2606
6054.81
-638.495
2653.72
331.652
-3296
1092.91
-1935.57
872.898
2082.08
511.261
2902.47
217.056
2724.53
2795.61
-4237.38
-33851.9
-8432.34
-11862.9
-1671.76
18300.4
3274.66
13016.9
-272.519
9234.1
-1952.44
11404.5
-2242.49
3673.94
-638.495
-3963.46
1257.81
-8381.05
2463.85
-5163.23
1989.72
4152.18
824.026
7220.51
373.509
3104.24
1235.46
-4157.96
1660.02
-2360.12
1152.23
2589.88
738.535
3316.16
568.806
2894.26
2542.99
-8788.32
-26322.9
-11657.2
-8994.01
-1884.52
8527.67
1502.84
9629.53
-948.415
11685.4
-1392.44
11848.6
-1531.83
3813.33
56.1239
-5551.41
1359.64
-9684.56
2088.96
-5892.54
1668.56
4572.59
977.962
7911.1
997.912
3084.29
1965.5
-5125.55
2249.08
-2643.69
1561.98
3276.97
917.536
3960.6
926.472
2885.33
2101.03
-6646.86
-24061.1
-9568.24
-6072.63
-3315.72
2275.15
-1667.28
7981.11
-1714.94
11733
-949.152
11082.8
-916.004
3780.19
31.4838
-6498.88
94.3512
-9747.43
120.094
-5918.28
26.565
4666.12
77.4959
7860.17
842.102
2319.69
1841.78
-6125.23
2098.44
-2900.35
1793.92
3581.49
1264.01
4490.52
1469.97
2679.37
1492.48
-8574.44
-19587.4
-9934.04
-4713.03
-5795.37
-1863.52
-4100.52
6286.26
-2364.49
9996.99
-1153.96
9872.25
-1079.83
3706.07
-1372.06
-6206.65
-2468.41
-8651.07
-2833.56
-5553.13
-2185.96
4018.52
-1627.65
7301.87
-603.018
1295.06
-475.409
-6252.84
-11.5573
-3364.2
877.963
2691.97
855.031
4513.45
1943.65
1590.75
-58.8533
-9827.09
-15392.2
-10494
-4046.13
-8952.02
-3405.49
-6536.02
3870.27
-4170.5
7631.47
-2608.55
8310.3
-2446.96
3544.49
-3893.96
-4759.65
-5462.94
-7082.09
-5867.19
-5148.87
-4916.71
3068.04
-4000.6
6385.76
-3908.21
1202.67
-4917.57
-5243.48
-3748.06
-4533.71
-1046.73
-9.35945
1281.07
2185.65
1074.91
1796.92
7756.37
-11918.8
-10161.4
-12403.6
-3561.36
-12465.7
-3343.35
-10323.9
1728.46
-7605.19
4912.75
-5300.37
6005.49
-4801.97
3046.09
-6639.95
-2921.66
-8290.46
-5431.58
-8828.18
-4611.15
-7716.61
1956.47
-6976.08
5645.23
-8437.35
2663.95
-10563.4
-3117.45
-10270.6
-4826.47
-7963.68
-2316.29
-7199.29
1421.27
-10250.2
4847.8
12252.3
-13971.3
-4571.91
-14342.6
-3190
-15879.8
-1806.16
-14498.5
347.108
-11871.9
2286.16
-8921.91
3055.55
-7573.98
1698.17
-8817.89
-1677.74
-10796.1
-3453.32
-12616.6
-2790.66
-12703
2042.79
-12511.7
5453.95
-13732.3
3884.52
-15208.4
-1641.33
-15992.2
-4042.62
-16006
-2302.48
-15265.4
680.609
-14028.6
3610.96
8611.84
-15501.5
982.041
-15837.4
-2854.05
-18215.5
571.914
-17462.9
-405.49
-14923.8
-252.896
-11298.6
-569.698
-8881.63
-718.756
-9690.56
-868.805
-12344.3
-799.536
-15418
283.037
-16592.5
3217.22
-15777.4
4638.86
-14363.5
2470.68
-13891.7
-2113.18
-14276.9
-3657.37
-13916.1
-2663.29
-12240.4
-995.081
-8041.78
-587.691
-487.711
-15121.5
6684.07
-15649.7
-2325.82
-18060.2
2982.35
-17295.9
-1169.78
-14778.9
-2769.84
-11163.1
-4185.56
-8685.9
-3195.91
-9466.02
-88.6826
-12257.5
1991.9
-15765.3
3790.93
-17684
5135.86
-16938.7
3893.6
-14887.8
419.715
-14231.4
-2769.52
-15029.7
-2859.11
-15068.4
-2624.61
-13471.9
-2591.53
-9117.85
-4941.75
-10317.3
-13078.1
12469.8
-13911.9
-1491.97
-15450
4520.41
-14141.6
-2478.22
-11619.8
-5291.6
-8791.26
-7014.09
-7553.82
-4433.34
-8973.35
1330.85
-11426.1
4444.65
-14302.1
6666.89
-15243.5
6077.3
-12378.8
1028.87
-8362.75
-3596.31
-7424.48
-3707.79
-9492.01
-791.58
-11787.7
-328.949
-13206.1
-1173.06
-13377.7
-4770.23
-13700.3
-10468.3
17299.4
-11830.7
-129.617
-11928.3
4618.06
-9989.61
-4416.93
-7390.75
-7890.46
-5288.58
-9116.25
-5215.6
-4506.32
-7509.57
3624.81
-9874.69
6809.78
-11595.1
8387.3
-10716.9
5199.05
-6954.97
-2733.01
-3166.07
-7385.21
-457.815
-6416.04
1312.61
-2562
-466.761
1450.42
-3978.82
2339
-8309.24
-439.815
-7239.15
-7992.41
20531.5
-10068.5
1946.51
-8473.91
3023.43
-6432.67
-6458.17
-4107.53
-10215.6
-2701.32
-10522.5
-3241.29
-3966.35
-5407.99
5791.51
-7568.23
8970.02
-8447.35
9266.42
-6779.12
3530.82
-4079.56
-5432.58
-2053.36
-9411.41
-602.293
-7867.11
905.31
-4069.61
1583.96
771.768
1868.82
2054.14
2395.44
-966.434
-838.119
-7209.68
24155.5
-9523.54
4260.37
-5438.3
-1061.81
-4191.34
-7705.13
-2384.03
-12022.9
-1275.85
-11630.6
-1897.59
-3344.62
-3154.15
7048.07
-4840.07
10655.9
-5370.27
9796.62
-3577.18
1737.73
-1702.3
-7307.46
-563.715
-10550
-142.247
-8288.58
-318.029
-3893.83
411.617
42.1213
1059
1406.75
1082.16
-989.589
-1789.67
-4441.25
24368
-8186.93
8006.05
-2572.24
-6676.51
-1849.74
-8427.63
-1675.89
-12196.8
-1048.67
-12257.9
-1490.03
-2903.26
-1562.66
7120.7
-2218.6
11311.9
-2433.35
10011.4
-907.619
211.998
148.882
-8363.96
371.377
-10772.5
-189.737
-7727.47
-817.902
-3265.66
-245.709
-530.072
725.706
435.338
910.522
-1174.4
-2000.15
-7865.87
30657.2
-11279.8
11420
-1156.85
-16799.5
1457.48
-11042
-735.225
-10004.1
-1437.2
-11555.9
-1719.1
-2621.37
-863.081
6264.67
-282.393
10731.2
255.139
9473.83
1140.88
-673.75
1462.47
-8685.55
812.445
-10122.5
-461.384
-6453.64
-1060.24
-2666.81
-627.347
-962.963
187.539
-379.547
465.112
-1451.98
-2278.09
-2702.67
27073.3
-6844.99
15562.3
-1755.78
-21888.7
3616.75
-16414.5
184.659
-6571.97
-2041.24
-9329.99
-2519.36
-2143.25
-1186.28
4931.59
471.073
9073.84
2026.56
7918.35
2592.93
-1240.13
2137.05
-8229.68
609.375
-8594.78
-873.148
-4971.11
-1044.37
-2495.58
-507.569
-1499.76
132.239
-1019.35
271.975
-1591.71
-2429.8
-4900
37134.2
-10873.4
21535.7
1255.86
-34018
595.511
-15754.1
-1003.54
-4972.93
-2999.38
-7334.14
-3379.39
-1763.25
-1584.13
3136.33
437.874
7051.83
2270.12
6086.11
3047.05
-2017.06
1838.9
-7021.53
-187.477
-6568.4
-1182.66
-3975.93
-944.468
-2733.78
-465.047
-1979.19
42.0087
-1526.41
122.976
-1672.68
-2478.75
-45277.6
17265.7
2681
-2175.2
-1097.32
-3319.39
-6398.7
-6235.54
-2131.61
1870.18
2587.05
682.047
-546.291
-605.346
-411.428
-232.329
-8.38851
84.2805
22.148
-637.159
113.694
-1068.27
176.605
-1027.86
230.153
-1003.36
279.385
-1002.25
320.209
-1001.59
340.691
-995.71
342.113
-996.165
337.587
-998.628
328.514
-1000.12
316.02
-1001.84
300.326
-1003.44
281.802
-1005.16
260.718
-1006.89
237.283
-1008.17
211.611
-1008.44
187.462
-1015.52
174.035
-1064.71
142.608
-1073.68
-581.007
28.6647
-665.823
26.8029
-1066.41
18.6925
-1019.75
17.5012
-1002.17
19.0815
-1003.83
21.0235
-1003.53
31.4045
-1006.09
40.6278
-1005.39
47.8094
-1005.81
53.7278
-1006.04
58.5946
-1006.7
62.4259
-1007.27
65.2153
-1007.94
67.0416
-1008.71
67.8038
-1008.94
67.7347
-1008.37
69.977
-1017.76
74.4447
-1069.18
55.4341
-1054.67
-525.573
16.6187
-682.44
21.4891
-1071.28
24.7054
-1022.96
28.2673
-1005.73
31.5591
-1007.13
34.6737
-1006.65
35.5216
-1006.94
37.0085
-1006.87
38.6209
-1007.42
40.1238
-1007.54
41.3856
-1007.97
42.4236
-1008.31
43.1865
-1008.71
43.7538
-1009.28
43.9767
-1009.16
44.2665
-1008.66
45.7354
-1019.23
49.3606
-1072.81
37.1226
-1042.43
-488.451
12.8241
-695.265
11.918
-1070.38
9.25947
-1020.3
8.34895
-1004.82
7.79024
-1006.57
7.48009
-1006.34
7.80069
-1007.26
8.17235
-1007.25
8.60553
-1007.85
9.15232
-1008.09
9.78753
-1008.6
10.4932
-1009.01
11.2427
-1009.46
12.0332
-1010.07
12.796
-1009.92
13.6959
-1009.56
15.2175
-1020.75
17.4749
-1075.06
10.9895
-1035.95
-477.461
11.1043
-706.369
8.59884
-1067.87
5.55448
-1017.26
3.15876
-1002.42
0.781119
-1004.19
-1.4096
-1004.15
-3.66815
-1005
-5.72423
-1005.19
-7.6844
-1005.89
-9.50335
-1006.27
-11.2127
-1006.89
-12.8084
-1007.42
-14.2721
-1007.99
-15.6258
-1008.72
-16.7921
-1008.75
-17.7977
-1008.56
-19.7261
-1018.82
-22.4835
-1072.31
-20.0306
-1038.4
-497.492
10.0142
-716.384
6.42024
-1064.28
2.4295
-1013.27
-1.0099
-998.984
-4.53028
-1000.67
-7.92699
-1000.75
-11.3257
-1001.6
-14.6687
-1001.85
-18.0145
-1002.55
-21.327
-1002.96
-24.6195
-1003.6
-27.903
-1004.13
-31.1516
-1004.74
-34.4102
-1005.46
-37.4738
-1005.69
-40.4963
-1005.54
-46.5581
-1012.76
-56.9575
-1061.91
-46.146
-1049.21
-543.638
10.5575
-726.941
6.61307
-1060.33
2.51437
-1009.17
-1.15636
-995.313
-4.97038
-996.855
-8.74808
-996.972
-12.6201
-997.73
-16.5062
-997.961
-20.4594
-998.594
-24.4549
-998.961
-28.5078
-999.545
-32.6292
-1000.01
-36.8001
-1000.57
-41.0739
-1001.18
-45.2176
-1001.55
-49.2627
-1001.49
-57.0989
-1004.93
-73.6632
-1045.34
-61.5915
-1061.28
-605.229
12.6151
-739.557
8.73085
-1056.45
4.67422
-1005.11
1.36875
-992.009
-2.09468
-993.392
-5.56408
-993.504
-9.13979
-994.155
-12.7656
-994.336
-16.4867
-994.874
-20.2813
-995.167
-24.1662
-995.661
-28.1497
-996.03
-32.2189
-996.505
-36.4295
-996.974
-40.6138
-997.363
-44.6297
-997.475
-51.2166
-998.339
-69.1281
-1027.43
-63.9154
-1066.5
-669.145
15.3627
-754.92
11.4726
-1052.56
7.5185
-1001.16
4.75759
-989.248
1.86951
-990.504
-1.03531
-990.599
-4.03131
-991.159
-7.06553
-991.302
-10.1804
-991.759
-13.3522
-991.996
-16.5995
-992.414
-19.9235
-992.707
-23.3166
-993.112
-26.8206
-993.47
-30.348
-993.836
-33.7521
-994.071
-38.117
-993.974
-52.6149
-1012.93
-55.5929
-1063.52
-724.738
17.7501
-772.671
13.6228
-1048.43
9.80238
-997.34
7.5405
-986.987
5.18269
-988.147
2.80942
-988.227
0.370474
-988.721
-2.084
-988.848
-4.59431
-989.249
-7.13304
-989.458
-9.71961
-989.828
-12.3482
-990.079
-15.0146
-990.445
-17.7439
-990.741
-20.49
-991.09
-23.1984
-991.363
-26.0308
-991.142
-35.5313
-1003.43
-42.9244
-1056.13
-767.662
19.2748
-791.946
14.6841
-1043.84
11.0645
-993.721
9.16568
-985.088
7.18179
-986.163
5.18708
-986.232
3.14584
-986.68
1.10602
-986.809
-0.970474
-987.173
-3.05442
-987.374
-5.16544
-987.717
-7.29375
-987.95
-9.43623
-988.303
-11.6107
-988.567
-13.7805
-988.92
-15.9479
-989.196
-18.0395
-989.05
-23.9031
-997.57
-31.913
-1048.12
-799.575
19.9708
-811.917
14.8087
-1038.68
11.4535
-990.366
9.79529
-983.43
8.04714
-984.415
6.29379
-984.479
4.50378
-984.89
2.72272
-985.027
0.913966
-985.365
-0.892038
-985.568
-2.71654
-985.892
-4.5465
-986.121
-6.38077
-986.469
-8.23492
-986.713
-10.0718
-987.084
-11.9199
-987.348
-13.661
-987.309
-17.6909
-993.54
-25.0016
-1040.81
-824.577
20.1421
-832.059
14.3808
-1032.92
11.3201
-987.305
9.81637
-981.926
8.21463
-982.814
6.61223
-982.877
4.97771
-983.255
3.35422
-983.404
1.70574
-983.716
0.0634233
-983.926
-1.5962
-984.233
-3.25656
-984.46
-4.9213
-984.804
-6.60175
-985.033
-8.2625
-985.423
-9.94878
-985.662
-11.514
-985.744
-14.712
-990.342
-21.5954
-1033.92
-846.172
20.077
-852.136
13.7148
-1026.56
10.9515
-984.542
9.5535
-980.528
8.05228
-981.312
6.55413
-981.378
5.02517
-981.726
3.50757
-981.887
1.96522
-982.174
0.429422
-982.39
-1.12522
-982.678
-2.67824
-982.907
-4.24089
-983.242
-5.81514
-983.458
-7.37513
-983.863
-8.96852
-984.068
-10.4386
-984.274
-13.2075
-987.574
-20.1766
-1026.95
-866.349
19.9546
-872.091
12.9822
-1019.58
10.5091
-982.069
9.19192
-979.211
7.77097
-979.892
6.35626
-979.964
4.90989
-980.28
3.47465
-980.451
2.01489
-980.714
0.560262
-980.935
-0.913852
-981.204
-2.38485
-981.436
-3.87175
-981.755
-5.36333
-981.967
-6.85116
-982.375
-8.37137
-982.548
-9.77413
-982.871
-12.2493
-985.099
-19.6078
-1019.6
-885.956
19.8666
-891.957
12.2647
-1011.98
10.0811
-979.885
8.83853
-977.969
7.49315
-978.546
6.1571
-978.628
4.78451
-978.907
3.42079
-979.088
2.03229
-979.326
0.644354
-979.547
-0.762863
-979.797
-2.16759
-980.032
-3.5938
-980.329
-5.01507
-980.546
-6.447
-980.943
-7.89922
-981.096
-9.24673
-981.524
-11.4648
-982.88
-19.3249
-1011.74
-905.281
19.8763
-911.834
11.6171
-1003.72
9.74735
-978.016
8.6038
-976.825
7.35186
-977.294
6.1132
-977.389
4.82874
-977.623
3.5451
-977.804
2.23421
-978.015
0.913354
-978.227
-0.429752
-978.454
-1.77862
-978.683
-3.15701
-978.95
-4.52747
-979.175
-5.93238
-979.538
-7.33628
-979.692
-8.67062
-980.19
-10.6752
-980.876
-19.046
-1003.36
-924.327
20.0794
-931.913
11.1027
-994.746
9.59038
-976.503
8.60534
-975.84
7.48365
-976.173
6.37186
-976.277
5.20309
-976.454
4.01776
-976.619
2.79983
-976.797
1.55838
-976.985
0.289683
-977.185
-0.996851
-977.396
-2.31819
-977.629
-3.63943
-977.854
-5.02052
-978.157
-6.37965
-978.333
-7.75929
-978.81
-9.59895
-979.036
-18.4216
-994.542
-942.749
20.7995
-952.713
11.0695
-985.016
9.96462
-975.398
9.25154
-975.127
8.35717
-975.278
7.43188
-975.352
6.42362
-975.446
5.35218
-975.547
4.21303
-975.658
3.00886
-975.781
1.74156
-975.918
0.416959
-976.072
-0.967317
-976.245
-2.38491
-976.436
-3.87416
-976.668
-5.32791
-976.879
-6.87843
-977.26
-8.53098
-977.384
-17.5628
-985.51
-960.312
22.2874
12.271
11.8726
11.7457
11.4674
11.1155
10.6696
10.1224
9.46455
8.68352
7.76548
6.69383
5.44892
4.01251
2.34438
0.465226
-1.79434
-4.17804
-14.6882
-669.251
1644.25
-1085.81
1391.55
-1511.56
1400.74
-1853.82
1317.26
-2157.77
1278.95
-2412.19
1229.43
-2625.02
1187.82
-2795.78
1145.75
-2926.38
1105.6
-3017.67
1066.29
-3070.43
1027.75
-3083.24
987.813
-3050.01
941.762
-2957.48
882.475
-2785.03
802.543
-2507.75
697.715
-2103.2
570.451
-1555.86
427.654
-852.81
271.95
122.19
-220.317
1864.56
-490.458
1661.69
-776.097
1686.38
-1022.67
1563.83
-1261.15
1517.41
-1469.11
1437.38
-1655.78
1374.5
-1816.59
1306.56
-1954.54
1243.54
-2069.66
1181.41
-2161.69
1119.79
-2224.73
1050.85
-2244.61
961.641
-2195.68
833.538
-2037.17
644.035
-1720.05
380.594
-1262.53
112.921
-798.82
-36.0573
-350.191
-176.687
-228.002
-161.928
2026.48
-354.242
1854
-506.217
1838.35
-615.962
1673.57
-715.445
1616.89
-781.992
1503.93
-832.988
1425.49
-861.615
1335.18
-872.591
1254.51
-864.736
1173.55
-839.124
1094.17
-796.204
1007.93
-737.232
902.662
-663.156
759.457
-573.98
554.849
-469.831
276.433
-375.015
18.0892
-293.793
-117.295
-210.467
-260.027
-438.469
35.1939
1991.29
-12.4436
1901.64
-13.3905
1839.29
4.34941
1655.83
27.0985
1594.14
66.99
1464.03
115.267
1377.21
176.607
1273.84
250.135
1180.98
336.718
1086.97
435.436
995.447
540.997
902.363
640.888
802.767
711.931
688.412
715.005
551.771
601.946
389.488
384.447
235.58
196.893
70.2483
52.294
-115.44
-386.175
118.872
1872.42
117.129
1903.38
164.41
1792.01
219.016
1601.23
280.352
1532.8
344.999
1399.39
415.63
1306.57
490.416
1199.05
569.669
1101.72
650.806
1005.83
732.551
913.696
810.766
824.146
878.251
735.277
922.353
644.308
924.703
549.415
863.321
450.865
741.993
356.904
554.29
257.946
297.524
141.317
-88.651
96.0292
1776.38
128.088
1871.31
182.071
1738.02
240.664
1542.62
302.717
1470.74
371.319
1330.77
442.5
1235.38
519.907
1121.63
599.893
1021.73
683.819
921.887
769.783
827.731
856.484
737.434
939.558
652.205
1009.44
574.417
1047.64
511.225
1025.53
472.969
917.569
464.87
698.321
477.199
380.507
459.141
291.857
29.638
1746.72
75.6541
1825.27
116.421
1697.24
139.362
1519.65
159.784
1450.3
168.841
1321.68
170.486
1233.73
177.902
1114.18
201.901
997.727
253.851
869.905
339.845
741.736
465.51
611.746
624.869
492.853
796.991
402.285
943.271
364.955
1007.74
408.499
933.577
539.046
700.658
710.13
355.928
803.888
647.784
-127.326
1874.03
-183.899
1881.82
-264.07
1777.39
-384.476
1640.03
-512.585
1578.41
-671.118
1480.19
-839.873
1402.48
-1003.36
1277.64
-1139.34
1133.71
-1237.81
968.349
-1293.63
797.562
-1301.83
619.934
-1258.95
449.986
-1163.71
307.032
-1016.51
217.773
-810.761
202.751
-541.167
269.467
-247.651
416.631
-40.6383
596.896
607.146
-101.619
1975.62
-262.005
2042.16
-394.573
1909.93
-540.709
1786.11
-693.461
1731.14
-859.463
1646.14
-1034.15
1577.15
-1212.83
1456.28
-1389.21
1310.08
-1558.72
1137.83
-1723.36
962.2
-1882.39
778.949
-2025.01
592.613
-2123.79
405.799
-2133.01
226.994
-2000.62
70.3705
-1702.11
-29.0425
-1210.58
-74.8919
-546.396
-67.2688
60.7503
160.149
1815.45
14.3031
2187.98
-92.113
2016.34
-155.823
1849.8
-198.658
1773.97
-232.121
1679.58
-259.841
1604.87
-296.088
1492.51
-346.899
1360.9
-413.05
1203.96
-491.087
1040.24
-580.877
868.724
-680.55
692.296
-783.195
508.439
-872.334
316.145
-928.831
126.874
-941.528
-16.3344
-842.381
-174.027
-544.516
-365.119
-483.766
382.538
1432.91
398.936
2171.57
355.382
2059.89
371.67
1833.5
437.699
1707.93
520.986
1596.28
619.228
1506.62
709.874
1401.85
782.446
1288.32
825.497
1160.9
839.149
1026.59
820.417
887.448
766.932
745.779
674.276
601.089
538.181
452.238
369.228
295.82
221.431
131.461
118.069
-70.6659
11.8063
-258.857
-471.959
342.386
1090.54
440.656
2073.32
445.365
2055.2
477.952
1800.94
551.002
1634.9
636.321
1510.99
729.262
1413.7
817.601
1313.53
894.524
1211.41
950.974
1104.48
983.344
994.227
989.128
881.684
967.198
767.717
916.11
652.19
834.044
534.312
719.177
410.695
572.589
278.058
383.162
118.769
199.122
-74.8066
-272.838
169.776
920.773
236.66
2006.44
268.493
2023.37
305.872
1763.57
356.699
1584.08
409.575
1458.12
461.715
1361.56
510.017
1265.24
551.375
1170.05
581.657
1074.21
597.518
978.367
596.968
882.246
579.062
785.621
543.655
687.605
490.747
587.217
420.667
480.777
334.06
364.662
227.218
225.604
106.84
45.5626
-165.998
36.4321
884.357
59.1735
1983.72
96.3657
1986.18
132.795
1727.15
165.035
1551.85
192.962
1430.22
217.393
1337.15
239.808
1242.85
258.501
1151.37
272.372
1060.36
279.161
971.587
277.79
883.637
267.197
796.218
247.403
707.415
218.199
616.427
180.583
518.402
134.837
410.412
83.1245
277.324
31.5463
97.1494
-134.451
-4.49166
888.857
5.47507
1973.76
30.7732
1960.89
56.117
1701.82
73.6551
1534.32
86.1346
1417.75
95.8283
1327.46
105.516
1233.18
113.753
1143.14
120.946
1053.18
125.451
967.085
127.085
882.016
124.582
798.724
117.941
714.066
106.157
628.215
89.9334
534.631
68.1724
432.176
43.4179
302.083
16.9185
123.656
-117.533
14.0936
874.775
31.9213
1955.94
41.3756
1951.44
53.6995
1689.51
62.5997
1525.43
68.0297
1412.33
71.5362
1323.96
75.4232
1229.3
78.7989
1139.78
82.6083
1049.38
85.8688
963.835
88.9349
878.96
90.7718
796.898
91.2699
713.577
89.0873
630.408
83.9846
539.742
73.6969
442.473
57.4821
318.312
33.3553
147.806
-84.1771
48.2783
826.497
78.2925
1925.92
77.7023
1952.03
78.4217
1688.79
83.346
1520.5
88.2157
1407.46
92.5737
1319.6
96.3321
1225.54
99.5867
1136.52
102.718
1046.25
105.683
960.872
108.531
876.113
110.895
794.536
112.134
712.34
111.258
631.287
106.569
544.433
96.0065
453.037
74.7143
339.608
41.9559
180.57
-42.2211
81.6874
744.812
135.91
1871.7
142.551
1945.4
150.031
1681.31
169.572
1500.96
189.498
1387.54
204.95
1304.15
216.019
1214.48
224.119
1128.43
229.457
1040.91
232.736
957.596
233.479
875.372
231.675
796.343
226.095
717.921
215.974
641.412
198.849
561.562
172.988
478.9
132.705
379.892
68.4613
244.821
26.2398
133.308
611.5
195.586
1809.42
179.327
1961.65
136.776
1723.85
121.152
1516.59
129.889
1378.8
155.924
1278.12
183.981
1186.41
210.721
1101.68
233.462
1018.17
252.024
939.034
264.61
862.782
270.294
790.658
266.939
721.274
253.407
654.941
227.103
587.865
187.296
518.7
130.501
436.681
50.9777
324.327
77.2162
79.7161
353.231
574.279
705.364
802.628
889.326
940.382
977.358
1000.69
1009.62
1004.55
984.335
948.24
894.602
822.373
729.299
613.671
470.411
283.896
)
;

boundaryField
{
    outletWall
    {
        type            calculated;
        value           nonuniform List<scalar> 
60
(
-3949.38
-2826.8
-2368.78
-2303.46
-1718.06
92.671
1399.4
-1029.65
-3212.88
-2891.47
133.133
1989.86
1457.74
-1747.69
-7285.43
-6269.18
-10796.9
-22780.1
-45769.3
80341.4
11367.1
-5160.88
6286.62
1576.63
4228.8
3585.66
4760.3
5638.76
7292.33
9419.47
9947.52
8381.74
6688.09
5631.83
4100.77
4385.02
1259.38
5872
-5962.65
12854.6
-3435.79
-2337.65
-1765.35
-1750.35
-2158.28
-2927.69
-3916.88
-5340.06
-5116.53
-2733.94
2084.32
2947.9
2973.17
1316.07
-5112.07
-6050.81
-10897.9
-19433.3
-41007.5
71044.6
)
;
    }
    fineWalls
    {
        type            calculated;
        value           uniform 0;
    }
    fineFrontAndBack
    {
        type            calculated;
        value           nonuniform List<scalar> 
960
(
-5.06026e-16
-7.27324e-16
6.28737e-15
4.59617e-15
-1.24689e-14
-4.35106e-14
-6.80913e-15
-1.55985e-13
2.1053e-13
2.1598e-13
3.54242e-13
-3.81064e-13
-3.64212e-13
-3.32812e-13
-4.31896e-12
-1.16789e-12
-1.17288e-12
-5.56097e-12
-8.26669e-13
-1.34235e-12
-4.92614e-14
-4.74398e-13
-5.6443e-13
-6.17407e-13
-6.39294e-13
-8.20647e-13
-1.32458e-11
-9.53264e-13
-9.78096e-13
-9.94599e-13
-9.88772e-13
-1.003e-12
-1.01552e-12
-9.8969e-13
-9.80208e-13
-9.79542e-13
-9.55798e-13
-9.65874e-13
-8.85945e-13
-1.1147e-12
-2.44275e-11
-3.53357e-12
-3.64084e-12
-4.42384e-12
-1.28466e-11
8.9249e-13
-2.24077e-12
-3.14194e-12
-2.9486e-11
-5.16782e-12
-2.70031e-12
-1.35757e-11
-2.17235e-12
-2.48702e-12
-2.79893e-12
-7.43707e-12
-8.21262e-13
-5.05949e-13
-6.6137e-14
1.05218e-11
8.92535e-13
6.64379e-13
7.38795e-13
7.08465e-13
6.96232e-13
6.7204e-13
6.36386e-13
5.93294e-13
5.43112e-13
4.85082e-13
4.24244e-13
3.62449e-13
3.06348e-13
1.6509e-12
1.56924e-13
6.95937e-14
3.67111e-14
-1.49903e-14
-7.79757e-14
-2.05977e-13
-7.8659e-13
-1.04387e-12
-6.33809e-12
-1.68265e-12
-1.79018e-12
-7.91685e-12
-1.2924e-12
-1.40342e-12
-5.29188e-12
-8.21919e-13
-1.2009e-12
-4.25454e-12
5.52303e-14
1.0455e-13
1.12865e-13
8.71289e-13
2.0163e-13
2.43185e-13
7.40741e-13
-2.29521e-14
-2.29501e-09
3.73324e-10
2.71097e-10
6.79347e-12
-2.64996e-13
1.13199e-13
7.758e-15
-5.38174e-13
-9.82697e-13
-3.40831e-13
-5.92391e-13
-1.16218e-13
3.02384e-14
-2.65727e-13
-3.67719e-13
2.21472e-15
1.49737e-14
-2.82885e-15
2.1144e-14
-1.84018e-10
1.09069e-10
1.45837e-10
8.09413e-12
2.19354e-12
-2.2197e-13
-3.42804e-14
-1.60933e-13
6.81037e-13
4.44692e-12
1.95248e-12
-3.40768e-13
-1.82273e-13
-5.07432e-13
-1.01538e-13
-2.30865e-13
-4.92023e-14
1.15787e-14
-7.13218e-14
-8.50054e-10
2.27868e-10
-8.61331e-12
1.70334e-11
7.85385e-12
-1.24626e-12
-6.60329e-13
1.67115e-13
4.49054e-12
1.51395e-11
1.16888e-11
2.22196e-12
-8.46607e-13
-4.77792e-13
7.58162e-13
1.48437e-13
-7.59418e-14
-1.40811e-15
2.79968e-13
-6.63812e-10
2.39755e-10
-4.23534e-11
2.8765e-11
7.56841e-12
-4.94499e-13
-1.00973e-12
1.84946e-12
1.52242e-11
3.53856e-11
3.13493e-11
1.14263e-11
1.07708e-12
1.66146e-12
1.6512e-12
1.47214e-12
3.50099e-13
-1.44469e-13
9.74671e-13
-8.26026e-10
2.75064e-10
-2.70333e-11
4.16558e-11
1.16949e-11
5.292e-12
1.19538e-12
8.73564e-12
3.48024e-11
5.82823e-11
5.09901e-11
2.25975e-11
6.09706e-12
4.44234e-12
1.84517e-13
1.38125e-12
8.89508e-13
4.76269e-14
2.80118e-12
-7.66761e-10
2.79015e-10
-1.69613e-11
5.187e-11
2.11798e-11
1.57925e-11
7.42953e-12
2.45446e-11
5.63365e-11
6.61982e-11
5.36405e-11
3.34912e-11
1.20527e-11
2.24329e-12
-4.38034e-12
-2.04013e-12
1.48768e-13
-1.98835e-13
4.18786e-12
-8.02719e-10
3.00293e-10
-2.03927e-11
5.39448e-11
2.74195e-11
2.58198e-11
1.82073e-11
4.59646e-11
7.0931e-11
6.27453e-11
4.56939e-11
3.69884e-11
1.55449e-11
-1.82776e-13
-3.83035e-12
-4.35285e-12
-9.53209e-13
-2.32101e-13
-1.20301e-12
-7.40619e-10
2.91509e-10
-2.42274e-11
4.36692e-11
1.83931e-11
2.41872e-11
2.8284e-11
6.38726e-11
7.70479e-11
5.62078e-11
3.19279e-11
2.72968e-11
1.39657e-11
3.4166e-12
9.46625e-13
-3.45171e-12
-3.01599e-12
1.36931e-12
7.17728e-12
-7.15491e-10
2.79906e-10
-2.16705e-11
3.8334e-11
5.44984e-12
1.89397e-11
4.1349e-11
7.35732e-11
7.489e-11
5.45391e-11
2.29103e-11
1.12389e-11
1.05614e-11
6.0835e-12
5.47419e-13
-9.98126e-13
-1.22464e-12
-6.34696e-13
-2.40069e-12
-6.83913e-10
2.03699e-10
-1.48992e-11
5.10406e-11
2.82015e-11
2.57359e-11
3.27564e-11
5.41981e-11
5.68835e-11
6.2621e-11
5.56301e-11
3.01368e-11
-4.56049e-13
-2.42363e-11
-3.08878e-11
-1.97678e-11
-1.18105e-11
-1.06486e-11
-1.31805e-11
-6.63041e-10
4.22513e-11
-1.08992e-10
-5.72071e-11
-3.99083e-11
-1.95525e-11
-1.75499e-11
-2.02467e-11
-2.04802e-13
2.79146e-12
-9.20756e-12
-3.51996e-11
-6.40538e-11
-7.21821e-11
-6.6047e-11
-5.9022e-11
-5.12258e-11
-4.58365e-11
-4.2017e-11
-5.58209e-10
-5.33247e-12
-8.3245e-11
-1.3754e-11
-5.8014e-12
-1.11849e-11
-3.00465e-11
-4.78786e-11
-4.26162e-11
-3.73083e-11
-4.40341e-11
-4.74857e-11
-3.72435e-11
-2.93568e-11
-3.42188e-11
-4.0219e-11
-4.21531e-11
-4.04867e-11
-3.53429e-11
-4.49009e-10
-3.45426e-11
-7.60191e-11
-2.95657e-11
-2.81744e-11
-2.53373e-11
-2.74534e-11
-5.53434e-11
-6.68422e-11
-5.94816e-11
-5.07315e-11
-4.11337e-11
-3.53972e-11
-2.23102e-11
-6.82779e-12
-1.58716e-12
-1.72762e-11
-2.13517e-11
-2.99198e-11
-3.58022e-10
-5.65061e-11
-8.09592e-11
-4.8047e-11
-3.94265e-11
-2.58786e-11
-1.81557e-11
-4.87353e-11
-7.4294e-11
-7.28079e-11
-5.85913e-11
-5.3056e-11
-4.43339e-11
-1.89159e-11
-2.82708e-12
2.52871e-12
-4.03627e-12
-3.87973e-12
1.51434e-12
-2.68288e-10
-7.23615e-11
-8.27783e-11
-4.72511e-11
-2.94014e-11
-1.39627e-11
-6.57436e-12
-3.23162e-11
-6.728e-11
-7.9843e-11
-7.02686e-11
-6.26837e-11
-3.73829e-11
-1.08025e-11
-1.20085e-13
9.76758e-13
4.75533e-13
5.78117e-13
3.05467e-12
-2.00907e-10
-8.13032e-11
-7.27187e-11
-3.06835e-11
-1.27539e-11
-3.48506e-12
-5.33053e-13
-1.59801e-11
-4.92473e-11
-7.67322e-11
-7.88741e-11
-5.94633e-11
-2.53242e-11
-4.51347e-12
6.19454e-13
5.14655e-13
1.64319e-12
2.58849e-13
4.20461e-13
-1.42413e-10
-6.95371e-11
-5.26323e-11
-1.50521e-11
-2.56597e-12
9.04371e-13
9.93433e-13
-5.98349e-12
-2.82346e-11
-5.97231e-11
-7.73097e-11
-4.23345e-11
-1.3561e-11
-2.42157e-13
3.877e-13
-1.24121e-13
1.67665e-13
5.96962e-15
-2.22727e-14
-3.45939e-11
-7.32764e-11
-3.93311e-11
-8.44057e-12
-8.3613e-13
9.53166e-13
5.6015e-13
-1.86561e-12
-1.25051e-11
-3.472e-11
-5.06625e-11
-2.10687e-11
-3.41762e-12
8.27556e-13
-5.60398e-14
-2.71599e-14
1.2829e-14
3.35155e-16
-1.54943e-14
-2.43242e-10
3.04409e-12
-7.49096e-11
-4.14637e-12
-8.65422e-13
8.22374e-14
1.62536e-13
-3.97084e-13
-4.335e-12
-1.53419e-11
-2.23017e-11
-6.13136e-12
3.9208e-13
1.04154e-13
-6.00782e-14
1.58678e-14
-2.03071e-15
-9.88618e-16
1.1008e-14
9.41738e-10
-1.74273e-10
-1.14093e-10
-2.26343e-12
-1.57363e-13
-7.43679e-14
2.65732e-13
6.64202e-13
-5.83321e-13
-4.62449e-12
-5.19236e-12
-3.40123e-13
2.21962e-13
-5.19353e-14
1.04471e-14
-8.25507e-16
-5.49875e-16
2.33299e-16
-1.69495e-15
5.06026e-16
7.27324e-16
-6.28737e-15
-4.59617e-15
1.24689e-14
4.35106e-14
6.80913e-15
1.55985e-13
-2.1053e-13
-2.1598e-13
-3.54242e-13
3.81064e-13
3.64212e-13
3.32812e-13
4.31896e-12
1.16789e-12
1.17288e-12
5.56097e-12
8.26669e-13
1.34235e-12
4.92614e-14
4.74398e-13
5.6443e-13
6.17407e-13
6.39294e-13
8.20647e-13
1.32458e-11
9.53264e-13
9.78096e-13
9.94599e-13
9.88772e-13
1.003e-12
1.01552e-12
9.8969e-13
9.80208e-13
9.79542e-13
9.55798e-13
9.65874e-13
8.85945e-13
1.1147e-12
2.44275e-11
3.53357e-12
3.64084e-12
4.42384e-12
1.28466e-11
-8.9249e-13
2.24077e-12
3.14194e-12
2.9486e-11
5.16782e-12
2.70031e-12
1.35757e-11
2.17235e-12
2.48702e-12
2.79893e-12
7.43707e-12
8.21262e-13
5.05949e-13
6.6137e-14
-1.05218e-11
-8.92535e-13
-6.64379e-13
-7.38795e-13
-7.08465e-13
-6.96232e-13
-6.7204e-13
-6.36386e-13
-5.93294e-13
-5.43112e-13
-4.85082e-13
-4.24244e-13
-3.62449e-13
-3.06348e-13
-1.6509e-12
-1.56924e-13
-6.95937e-14
-3.67111e-14
1.49903e-14
7.79757e-14
2.05977e-13
7.8659e-13
1.04387e-12
6.33809e-12
1.68265e-12
1.79018e-12
7.91685e-12
1.2924e-12
1.40342e-12
5.29188e-12
8.21919e-13
1.2009e-12
4.25454e-12
-5.52303e-14
-1.0455e-13
-1.12865e-13
-8.71289e-13
-2.0163e-13
-2.43185e-13
-7.40741e-13
2.29521e-14
2.29501e-09
-3.73324e-10
-2.71097e-10
-6.79347e-12
2.64996e-13
-1.13199e-13
-7.758e-15
5.38174e-13
9.82697e-13
3.40831e-13
5.92391e-13
1.16218e-13
-3.02384e-14
2.65727e-13
3.67719e-13
-2.21472e-15
-1.49737e-14
2.82885e-15
-2.1144e-14
1.84018e-10
-1.09069e-10
-1.45837e-10
-8.09413e-12
-2.19354e-12
2.2197e-13
3.42804e-14
1.60933e-13
-6.81037e-13
-4.44692e-12
-1.95248e-12
3.40768e-13
1.82273e-13
5.07432e-13
1.01538e-13
2.30865e-13
4.92023e-14
-1.15787e-14
7.13218e-14
8.50054e-10
-2.27868e-10
8.61331e-12
-1.70334e-11
-7.85385e-12
1.24626e-12
6.60329e-13
-1.67115e-13
-4.49054e-12
-1.51395e-11
-1.16888e-11
-2.22196e-12
8.46607e-13
4.77792e-13
-7.58162e-13
-1.48437e-13
7.59418e-14
1.40811e-15
-2.79968e-13
6.63812e-10
-2.39755e-10
4.23534e-11
-2.8765e-11
-7.56841e-12
4.94499e-13
1.00973e-12
-1.84946e-12
-1.52242e-11
-3.53856e-11
-3.13493e-11
-1.14263e-11
-1.07708e-12
-1.66146e-12
-1.6512e-12
-1.47214e-12
-3.50099e-13
1.44469e-13
-9.74671e-13
8.26026e-10
-2.75064e-10
2.70333e-11
-4.16558e-11
-1.16949e-11
-5.292e-12
-1.19538e-12
-8.73564e-12
-3.48024e-11
-5.82823e-11
-5.09901e-11
-2.25975e-11
-6.09706e-12
-4.44234e-12
-1.84517e-13
-1.38125e-12
-8.89508e-13
-4.76269e-14
-2.80118e-12
7.66761e-10
-2.79015e-10
1.69613e-11
-5.187e-11
-2.11798e-11
-1.57925e-11
-7.42953e-12
-2.45446e-11
-5.63365e-11
-6.61982e-11
-5.36405e-11
-3.34912e-11
-1.20527e-11
-2.24329e-12
4.38034e-12
2.04013e-12
-1.48768e-13
1.98835e-13
-4.18786e-12
8.02719e-10
-3.00293e-10
2.03927e-11
-5.39448e-11
-2.74195e-11
-2.58198e-11
-1.82073e-11
-4.59646e-11
-7.0931e-11
-6.27453e-11
-4.56939e-11
-3.69884e-11
-1.55449e-11
1.82776e-13
3.83035e-12
4.35285e-12
9.53209e-13
2.32101e-13
1.20301e-12
7.40619e-10
-2.91509e-10
2.42274e-11
-4.36692e-11
-1.83931e-11
-2.41872e-11
-2.8284e-11
-6.38726e-11
-7.70479e-11
-5.62078e-11
-3.19279e-11
-2.72968e-11
-1.39657e-11
-3.4166e-12
-9.46625e-13
3.45171e-12
3.01599e-12
-1.36931e-12
-7.17728e-12
7.15491e-10
-2.79906e-10
2.16705e-11
-3.8334e-11
-5.44984e-12
-1.89397e-11
-4.1349e-11
-7.35732e-11
-7.489e-11
-5.45391e-11
-2.29103e-11
-1.12389e-11
-1.05614e-11
-6.0835e-12
-5.47419e-13
9.98126e-13
1.22464e-12
6.34696e-13
2.40069e-12
6.83913e-10
-2.03699e-10
1.48992e-11
-5.10406e-11
-2.82015e-11
-2.57359e-11
-3.27564e-11
-5.41981e-11
-5.68835e-11
-6.2621e-11
-5.56301e-11
-3.01368e-11
4.56049e-13
2.42363e-11
3.08878e-11
1.97678e-11
1.18105e-11
1.06486e-11
1.31805e-11
6.63041e-10
-4.22513e-11
1.08992e-10
5.72071e-11
3.99083e-11
1.95525e-11
1.75499e-11
2.02467e-11
2.04802e-13
-2.79146e-12
9.20756e-12
3.51996e-11
6.40538e-11
7.21821e-11
6.6047e-11
5.9022e-11
5.12258e-11
4.58365e-11
4.2017e-11
5.58209e-10
5.33247e-12
8.3245e-11
1.3754e-11
5.8014e-12
1.11849e-11
3.00465e-11
4.78786e-11
4.26162e-11
3.73083e-11
4.40341e-11
4.74857e-11
3.72435e-11
2.93568e-11
3.42188e-11
4.0219e-11
4.21531e-11
4.04867e-11
3.53429e-11
4.49009e-10
3.45426e-11
7.60191e-11
2.95657e-11
2.81744e-11
2.53373e-11
2.74534e-11
5.53434e-11
6.68422e-11
5.94816e-11
5.07315e-11
4.11337e-11
3.53972e-11
2.23102e-11
6.82779e-12
1.58716e-12
1.72762e-11
2.13517e-11
2.99198e-11
3.58022e-10
5.65061e-11
8.09592e-11
4.8047e-11
3.94265e-11
2.58786e-11
1.81557e-11
4.87353e-11
7.4294e-11
7.28079e-11
5.85913e-11
5.3056e-11
4.43339e-11
1.89159e-11
2.82708e-12
-2.52871e-12
4.03627e-12
3.87973e-12
-1.51434e-12
2.68288e-10
7.23615e-11
8.27783e-11
4.72511e-11
2.94014e-11
1.39627e-11
6.57436e-12
3.23162e-11
6.728e-11
7.9843e-11
7.02686e-11
6.26837e-11
3.73829e-11
1.08025e-11
1.20085e-13
-9.76758e-13
-4.75533e-13
-5.78117e-13
-3.05467e-12
2.00907e-10
8.13032e-11
7.27187e-11
3.06835e-11
1.27539e-11
3.48506e-12
5.33053e-13
1.59801e-11
4.92473e-11
7.67322e-11
7.88741e-11
5.94633e-11
2.53242e-11
4.51347e-12
-6.19454e-13
-5.14655e-13
-1.64319e-12
-2.58849e-13
-4.20461e-13
1.42413e-10
6.95371e-11
5.26323e-11
1.50521e-11
2.56597e-12
-9.04371e-13
-9.93433e-13
5.98349e-12
2.82346e-11
5.97231e-11
7.73097e-11
4.23345e-11
1.3561e-11
2.42157e-13
-3.877e-13
1.24121e-13
-1.67665e-13
-5.96962e-15
2.22727e-14
3.45939e-11
7.32764e-11
3.93311e-11
8.44057e-12
8.3613e-13
-9.53166e-13
-5.6015e-13
1.86561e-12
1.25051e-11
3.472e-11
5.06625e-11
2.10687e-11
3.41762e-12
-8.27556e-13
5.60398e-14
2.71599e-14
-1.2829e-14
-3.35155e-16
1.54943e-14
2.43242e-10
-3.04409e-12
7.49096e-11
4.14637e-12
8.65422e-13
-8.22374e-14
-1.62536e-13
3.97084e-13
4.335e-12
1.53419e-11
2.23017e-11
6.13136e-12
-3.9208e-13
-1.04154e-13
6.00782e-14
-1.58678e-14
2.03071e-15
9.88618e-16
-1.1008e-14
-9.41738e-10
1.74273e-10
1.14093e-10
2.26343e-12
1.57363e-13
7.43679e-14
-2.65732e-13
-6.64202e-13
5.83321e-13
4.62449e-12
5.19236e-12
3.40123e-13
-2.21962e-13
5.19353e-14
-1.04471e-14
8.25507e-16
5.49875e-16
-2.33299e-16
1.69495e-15
)
;
    }
    fineplugLeft
    {
        type            cyclicAMI;
        value           nonuniform List<scalar> 
20
(
-723.615
-1105.11
-1078.14
-1039.67
-1034.12
-1031.61
-1027.97
-1023.68
-1019.13
-1014.33
-1009.19
-1003.15
-994.745
-975.23
-960.769
-953.023
-949.814
-964.948
-976.73
-615.013
)
;
    }
    fineplugRight
    {
        type            cyclicAMI;
        value           nonuniform List<scalar> 
20
(
-361.112
-510.812
-579.922
-634.305
-680.936
-727.152
-774.907
-826.74
-882.986
-944.097
-1009.22
-1078.35
-1149.43
-1227.05
-1292.09
-1419.31
-1592.76
-1740.6
-1535.89
-531.757
)
;
    }
    inletOutletLeft
    {
        type            cyclicAMI;
        value           nonuniform List<scalar> 
20
(
723.615
1105.11
1078.14
1039.67
1034.12
1031.61
1027.97
1023.68
1019.13
1014.33
1009.19
1003.15
994.745
975.23
960.769
953.023
949.814
964.948
976.73
615.013
)
;
    }
    inletLeft
    {
        type            calculated;
        value           uniform -975;
    }
    inletWallsLeft
    {
        type            calculated;
        value           uniform 0;
    }
    inletFacesLeft
    {
        type            calculated;
        value           nonuniform List<scalar> 
800
(
-8.18466e-15
4.57664e-13
4.01594e-13
3.54602e-13
3.86096e-13
5.16143e-13
4.04826e-13
3.66819e-13
3.65839e-13
3.66089e-13
3.44697e-13
3.66127e-13
3.80538e-13
3.62698e-13
3.73367e-13
3.78123e-13
3.61727e-13
3.50823e-13
3.33683e-13
5.78447e-13
-2.09774e-15
3.33946e-13
2.87538e-13
2.49399e-13
3.18898e-13
4.65195e-13
2.87041e-13
2.62153e-13
2.81354e-13
2.89794e-13
2.6113e-13
2.80177e-13
2.77744e-13
2.63638e-13
2.83566e-13
2.99047e-13
2.83326e-13
2.72716e-13
2.78724e-13
4.80373e-13
-2.04207e-16
9.85365e-14
9.01135e-14
6.18069e-14
8.39511e-14
2.72647e-13
1.67205e-13
1.22746e-13
1.52523e-13
1.52109e-13
1.39804e-13
1.50341e-13
1.3808e-13
1.28696e-13
1.3749e-13
1.54919e-13
1.39521e-13
1.47292e-13
1.40449e-13
2.65497e-13
1.40699e-16
-3.26002e-14
-3.01301e-14
-2.32559e-14
-3.07136e-14
1.12712e-13
1.12612e-13
9.82616e-14
1.00947e-13
1.03607e-13
1.19394e-13
1.05583e-13
9.49517e-14
9.02273e-14
1.1097e-13
1.15837e-13
9.88734e-14
9.47191e-14
9.32303e-14
2.03649e-13
-5.20707e-17
7.4307e-15
6.68618e-15
5.72637e-15
6.955e-15
-4.30531e-14
-3.52351e-14
-2.98296e-14
-3.57809e-14
-3.52323e-14
-3.20798e-14
-3.54708e-14
-3.29981e-14
-3.08486e-14
-3.28611e-14
-3.57633e-14
-3.26947e-14
-3.37511e-14
-3.27201e-14
-6.22027e-14
1.64098e-17
-1.79976e-15
-1.53346e-15
-1.41631e-15
-1.50676e-15
1.04107e-14
8.44943e-15
7.04558e-15
8.38735e-15
8.07648e-15
6.93201e-15
8.70972e-15
8.03169e-15
7.557e-15
7.85643e-15
8.41322e-15
7.86223e-15
8.26129e-15
8.21427e-15
1.41094e-14
-4.61191e-18
4.448e-16
3.68053e-16
3.40104e-16
3.34329e-16
-2.37349e-15
-2.01755e-15
-1.78127e-15
-1.95759e-15
-1.8669e-15
-1.684e-15
-1.98907e-15
-1.96087e-15
-1.82234e-15
-1.88638e-15
-1.98454e-15
-1.86445e-15
-1.9661e-15
-2.0165e-15
-2.95082e-15
1.15527e-18
-1.08306e-16
-9.05244e-17
-7.95236e-17
-7.84987e-17
5.40458e-16
4.69453e-16
4.48166e-16
4.7343e-16
4.50267e-16
4.22093e-16
4.50938e-16
4.83241e-16
4.44626e-16
4.47014e-16
4.65766e-16
4.38118e-16
4.68733e-16
4.9009e-16
6.05231e-16
-2.48975e-19
2.5902e-17
2.22637e-17
1.85098e-17
1.90549e-17
-1.25339e-16
-1.08344e-16
-1.09817e-16
-1.14908e-16
-1.09758e-16
-1.05376e-16
-1.06124e-16
-1.17132e-16
-1.09765e-16
-1.07415e-16
-1.09494e-16
-1.04247e-16
-1.1206e-16
-1.18124e-16
-1.28439e-16
4.05191e-20
-6.13175e-18
-5.38607e-18
-4.35827e-18
-4.59027e-18
2.97423e-17
2.53738e-17
2.6375e-17
2.75195e-17
2.64987e-17
2.60579e-17
2.57519e-17
2.76801e-17
2.68734e-17
2.61539e-17
2.59455e-17
2.52295e-17
2.67136e-17
2.82819e-17
2.83419e-17
-1.97776e-21
1.44419e-18
1.27167e-18
1.04622e-18
1.08004e-18
-7.18719e-18
-6.04727e-18
-6.26284e-18
-6.51887e-18
-6.33489e-18
-6.38225e-18
-6.28353e-18
-6.41825e-18
-6.43421e-18
-6.34238e-18
-6.17399e-18
-6.12768e-18
-6.32814e-18
-6.73618e-18
-6.405e-18
-1.94349e-21
-3.39031e-19
-2.92991e-19
-2.54946e-19
-2.4688e-19
1.74561e-18
1.44614e-18
1.47705e-18
1.53358e-18
1.5032e-18
1.54796e-18
1.51572e-18
1.47816e-18
1.50684e-18
1.51535e-18
1.46036e-18
1.4713e-18
1.48958e-18
1.59482e-18
1.45483e-18
1.08239e-21
7.93508e-20
6.62706e-20
6.23087e-20
5.45943e-20
-4.20508e-19
-3.42652e-19
-3.45999e-19
-3.58083e-19
-3.53117e-19
-3.70878e-19
-3.59932e-19
-3.41643e-19
-3.47986e-19
-3.56555e-19
-3.41207e-19
-3.46827e-19
-3.48717e-19
-3.74426e-19
-3.27195e-19
-3.87599e-22
-1.84907e-20
-1.48506e-20
-1.5106e-20
-1.16081e-20
9.9733e-20
8.01765e-20
8.04015e-20
8.28948e-20
8.18091e-20
8.74673e-20
8.43702e-20
7.95223e-20
7.99605e-20
8.30307e-20
7.8859e-20
8.04406e-20
8.12282e-20
8.70086e-20
7.23596e-20
1.13378e-22
4.27729e-21
3.32568e-21
3.6156e-21
2.35774e-21
-2.32759e-20
-1.85921e-20
-1.85417e-20
-1.90764e-20
-1.86932e-20
-2.02765e-20
-1.95953e-20
-1.85854e-20
-1.83909e-20
-1.92367e-20
-1.81344e-20
-1.84963e-20
-1.88391e-20
-2.00277e-20
-1.5757e-20
-2.90629e-23
-9.81352e-22
-7.49861e-22
-8.56689e-22
-4.56691e-22
5.36973e-21
4.30002e-21
4.2578e-21
4.39096e-21
4.23597e-21
4.63606e-21
4.52342e-21
4.34353e-21
4.24728e-21
4.45031e-21
4.17714e-21
4.25517e-21
4.36122e-21
4.58817e-21
3.4035e-21
6.76828e-24
2.24655e-22
1.71694e-22
2.02763e-22
8.53837e-23
-1.23431e-21
-9.99093e-22
-9.79788e-22
-1.01793e-21
-9.61721e-22
-1.0551e-21
-1.04255e-21
-1.01572e-21
-9.88088e-22
-1.03182e-21
-9.70169e-22
-9.87951e-22
-1.01337e-21
-1.05515e-21
-7.36725e-22
-1.47106e-24
-5.19875e-23
-4.03219e-23
-4.84651e-23
-1.60332e-23
2.85113e-22
2.346e-22
2.27559e-22
2.38693e-22
2.21238e-22
2.41856e-22
2.41425e-22
2.38932e-22
2.32475e-22
2.40865e-22
2.28379e-22
2.32849e-22
2.3795e-22
2.45913e-22
1.6146e-22
3.10166e-25
1.25467e-23
9.96776e-24
1.2001e-23
3.27287e-24
-6.78342e-23
-5.68639e-23
-5.46419e-23
-5.76989e-23
-5.29281e-23
-5.73824e-23
-5.75379e-23
-5.79813e-23
-5.65176e-23
-5.79296e-23
-5.56126e-23
-5.67799e-23
-5.77507e-23
-5.94108e-23
-3.65037e-23
-5.1108e-26
-2.59645e-24
-2.116e-24
-2.51696e-24
-6.36437e-25
1.38436e-23
1.18108e-23
1.1271e-23
1.18916e-23
1.09628e-23
1.17233e-23
1.17798e-23
1.2083e-23
1.17924e-23
1.19704e-23
1.16007e-23
1.18515e-23
1.20181e-23
1.23615e-23
7.08077e-24
8.18466e-15
-4.57664e-13
-4.01594e-13
-3.54602e-13
-3.86096e-13
-5.16143e-13
-4.04826e-13
-3.66819e-13
-3.65839e-13
-3.66089e-13
-3.44697e-13
-3.66127e-13
-3.80538e-13
-3.62698e-13
-3.73367e-13
-3.78123e-13
-3.61727e-13
-3.50823e-13
-3.33683e-13
-5.78447e-13
2.09774e-15
-3.33946e-13
-2.87538e-13
-2.49399e-13
-3.18898e-13
-4.65195e-13
-2.87041e-13
-2.62153e-13
-2.81354e-13
-2.89794e-13
-2.6113e-13
-2.80177e-13
-2.77744e-13
-2.63638e-13
-2.83566e-13
-2.99047e-13
-2.83326e-13
-2.72716e-13
-2.78724e-13
-4.80373e-13
2.04207e-16
-9.85365e-14
-9.01135e-14
-6.18069e-14
-8.39511e-14
-2.72647e-13
-1.67205e-13
-1.22746e-13
-1.52523e-13
-1.52109e-13
-1.39804e-13
-1.50341e-13
-1.3808e-13
-1.28696e-13
-1.3749e-13
-1.54919e-13
-1.39521e-13
-1.47292e-13
-1.40449e-13
-2.65497e-13
-1.40699e-16
3.26002e-14
3.01301e-14
2.32559e-14
3.07136e-14
-1.12712e-13
-1.12612e-13
-9.82616e-14
-1.00947e-13
-1.03607e-13
-1.19394e-13
-1.05583e-13
-9.49517e-14
-9.02273e-14
-1.1097e-13
-1.15837e-13
-9.88734e-14
-9.47191e-14
-9.32303e-14
-2.03649e-13
5.20707e-17
-7.4307e-15
-6.68618e-15
-5.72637e-15
-6.955e-15
4.30531e-14
3.52351e-14
2.98296e-14
3.57809e-14
3.52323e-14
3.20798e-14
3.54708e-14
3.29981e-14
3.08486e-14
3.28611e-14
3.57633e-14
3.26947e-14
3.37511e-14
3.27201e-14
6.22027e-14
-1.64098e-17
1.79976e-15
1.53346e-15
1.41631e-15
1.50676e-15
-1.04107e-14
-8.44943e-15
-7.04558e-15
-8.38735e-15
-8.07648e-15
-6.93201e-15
-8.70972e-15
-8.03169e-15
-7.557e-15
-7.85643e-15
-8.41322e-15
-7.86223e-15
-8.26129e-15
-8.21427e-15
-1.41094e-14
4.61191e-18
-4.448e-16
-3.68053e-16
-3.40104e-16
-3.34329e-16
2.37349e-15
2.01755e-15
1.78127e-15
1.95759e-15
1.8669e-15
1.684e-15
1.98907e-15
1.96087e-15
1.82234e-15
1.88638e-15
1.98454e-15
1.86445e-15
1.9661e-15
2.0165e-15
2.95082e-15
-1.15527e-18
1.08306e-16
9.05244e-17
7.95236e-17
7.84987e-17
-5.40458e-16
-4.69453e-16
-4.48166e-16
-4.7343e-16
-4.50267e-16
-4.22093e-16
-4.50938e-16
-4.83241e-16
-4.44626e-16
-4.47014e-16
-4.65766e-16
-4.38118e-16
-4.68733e-16
-4.9009e-16
-6.05231e-16
2.48975e-19
-2.5902e-17
-2.22637e-17
-1.85098e-17
-1.90549e-17
1.25339e-16
1.08344e-16
1.09817e-16
1.14908e-16
1.09758e-16
1.05376e-16
1.06124e-16
1.17132e-16
1.09765e-16
1.07415e-16
1.09494e-16
1.04247e-16
1.1206e-16
1.18124e-16
1.28439e-16
-4.05191e-20
6.13175e-18
5.38607e-18
4.35827e-18
4.59027e-18
-2.97423e-17
-2.53738e-17
-2.6375e-17
-2.75195e-17
-2.64987e-17
-2.60579e-17
-2.57519e-17
-2.76801e-17
-2.68734e-17
-2.61539e-17
-2.59455e-17
-2.52295e-17
-2.67136e-17
-2.82819e-17
-2.83419e-17
1.97776e-21
-1.44419e-18
-1.27167e-18
-1.04622e-18
-1.08004e-18
7.18719e-18
6.04727e-18
6.26284e-18
6.51887e-18
6.33489e-18
6.38225e-18
6.28353e-18
6.41825e-18
6.43421e-18
6.34238e-18
6.17399e-18
6.12768e-18
6.32814e-18
6.73618e-18
6.405e-18
1.94349e-21
3.39031e-19
2.92991e-19
2.54946e-19
2.4688e-19
-1.74561e-18
-1.44614e-18
-1.47705e-18
-1.53358e-18
-1.5032e-18
-1.54796e-18
-1.51572e-18
-1.47816e-18
-1.50684e-18
-1.51535e-18
-1.46036e-18
-1.4713e-18
-1.48958e-18
-1.59482e-18
-1.45483e-18
-1.08239e-21
-7.93508e-20
-6.62706e-20
-6.23087e-20
-5.45943e-20
4.20508e-19
3.42652e-19
3.45999e-19
3.58083e-19
3.53117e-19
3.70878e-19
3.59932e-19
3.41643e-19
3.47986e-19
3.56555e-19
3.41207e-19
3.46827e-19
3.48717e-19
3.74426e-19
3.27195e-19
3.87599e-22
1.84907e-20
1.48506e-20
1.5106e-20
1.16081e-20
-9.9733e-20
-8.01765e-20
-8.04015e-20
-8.28948e-20
-8.18091e-20
-8.74673e-20
-8.43702e-20
-7.95223e-20
-7.99605e-20
-8.30307e-20
-7.8859e-20
-8.04406e-20
-8.12282e-20
-8.70086e-20
-7.23596e-20
-1.13378e-22
-4.27729e-21
-3.32568e-21
-3.6156e-21
-2.35774e-21
2.32759e-20
1.85921e-20
1.85417e-20
1.90764e-20
1.86932e-20
2.02765e-20
1.95953e-20
1.85854e-20
1.83909e-20
1.92367e-20
1.81344e-20
1.84963e-20
1.88391e-20
2.00277e-20
1.5757e-20
2.90629e-23
9.81352e-22
7.49861e-22
8.56689e-22
4.56691e-22
-5.36973e-21
-4.30002e-21
-4.2578e-21
-4.39096e-21
-4.23597e-21
-4.63606e-21
-4.52342e-21
-4.34353e-21
-4.24728e-21
-4.45031e-21
-4.17714e-21
-4.25517e-21
-4.36122e-21
-4.58817e-21
-3.4035e-21
-6.76828e-24
-2.24655e-22
-1.71694e-22
-2.02763e-22
-8.53837e-23
1.23431e-21
9.99093e-22
9.79788e-22
1.01793e-21
9.61721e-22
1.0551e-21
1.04255e-21
1.01572e-21
9.88088e-22
1.03182e-21
9.70169e-22
9.87951e-22
1.01337e-21
1.05515e-21
7.36725e-22
1.47106e-24
5.19875e-23
4.03219e-23
4.84651e-23
1.60332e-23
-2.85113e-22
-2.346e-22
-2.27559e-22
-2.38693e-22
-2.21238e-22
-2.41856e-22
-2.41425e-22
-2.38932e-22
-2.32475e-22
-2.40865e-22
-2.28379e-22
-2.32849e-22
-2.3795e-22
-2.45913e-22
-1.6146e-22
-3.10166e-25
-1.25467e-23
-9.96776e-24
-1.2001e-23
-3.27287e-24
6.78342e-23
5.68639e-23
5.46419e-23
5.76989e-23
5.29281e-23
5.73824e-23
5.75379e-23
5.79813e-23
5.65176e-23
5.79296e-23
5.56126e-23
5.67799e-23
5.77507e-23
5.94108e-23
3.65037e-23
5.1108e-26
2.59645e-24
2.116e-24
2.51696e-24
6.36437e-25
-1.38436e-23
-1.18108e-23
-1.1271e-23
-1.18916e-23
-1.09628e-23
-1.17233e-23
-1.17798e-23
-1.2083e-23
-1.17924e-23
-1.19704e-23
-1.16007e-23
-1.18515e-23
-1.20181e-23
-1.23615e-23
-7.08077e-24
)
;
    }
    inletOutletRight
    {
        type            cyclicAMI;
        value           nonuniform List<scalar> 
20
(
361.112
510.812
579.922
634.305
680.936
727.152
774.907
826.74
882.986
944.097
1009.22
1078.35
1149.43
1227.05
1292.09
1419.31
1592.76
1740.6
1535.89
531.757
)
;
    }
    inletRight
    {
        type            calculated;
        value           uniform -975;
    }
    inletWallsRight
    {
        type            calculated;
        value           uniform 0;
    }
    inletFacesRight
    {
        type            calculated;
        value           nonuniform List<scalar> 
800
(
-6.79255e-25
-2.46407e-24
-9.308e-25
3.81437e-24
1.01752e-23
1.21226e-23
2.75959e-24
-8.53404e-24
2.90843e-23
2.06553e-22
5.70999e-22
1.02292e-21
1.43469e-21
2.06746e-21
3.6759e-21
6.45188e-21
8.56493e-21
7.07436e-21
1.94944e-21
-1.67319e-21
-5.64541e-25
8.42011e-24
1.56769e-23
2.04906e-23
1.01024e-23
-1.94896e-23
-4.71614e-23
-4.19249e-23
4.09279e-23
1.85717e-22
2.88269e-22
2.83161e-22
-2.76058e-22
-4.38354e-21
-1.96745e-20
-5.22572e-20
-8.63502e-20
-7.17207e-20
2.90975e-20
1.20144e-19
2.56252e-25
-2.25921e-23
-2.39715e-23
-2.8508e-23
-1.60774e-23
7.76619e-23
1.66938e-22
2.30559e-22
3.51922e-22
5.02328e-22
2.97031e-22
-8.35289e-22
-3.45229e-21
-1.00697e-20
-2.88301e-20
-6.54269e-20
-8.98249e-20
-3.53786e-20
1.41188e-19
3.41304e-19
-7.44187e-24
9.25272e-23
1.20771e-22
1.38302e-22
1.7814e-22
-1.07919e-22
-5.03842e-22
-7.70293e-22
-8.23309e-22
-7.40969e-22
-9.21484e-22
-1.82587e-21
-3.38375e-21
-5.40452e-21
-9.13206e-21
-1.5566e-20
-1.91823e-20
-1.44895e-20
4.80197e-20
4.89072e-19
2.24211e-23
-3.88465e-22
-4.77014e-22
-5.5943e-22
-5.78736e-22
8.50335e-22
2.53582e-21
3.49067e-21
3.80509e-21
3.97336e-21
4.43835e-21
4.70476e-21
3.18318e-21
-3.7146e-22
-2.2233e-21
8.26523e-21
5.41923e-20
1.68202e-19
2.73419e-19
2.0731e-18
-9.44518e-23
1.73258e-21
2.12535e-21
2.48795e-21
2.27191e-21
-4.98659e-21
-1.21602e-20
-1.53988e-20
-1.61818e-20
-1.60997e-20
-1.41698e-20
-9.363e-21
-1.77694e-20
-8.39071e-20
-2.51686e-19
-5.62468e-19
-1.04739e-18
-1.3362e-18
5.59046e-19
6.92335e-18
3.73041e-22
-7.66649e-21
-9.26949e-21
-1.07303e-20
-8.48515e-21
2.73616e-20
5.64511e-20
6.64402e-20
6.99126e-20
6.80053e-20
2.96766e-20
-3.27281e-20
1.82165e-19
1.2985e-18
3.60668e-18
6.37527e-18
6.68741e-18
-1.7173e-18
-2.30393e-17
-4.24054e-17
-1.56657e-21
3.2503e-20
4.00821e-20
4.54815e-20
2.99166e-20
-1.19943e-19
-2.31341e-19
-2.73559e-19
-2.99045e-19
-2.65921e-19
2.96892e-20
1.40147e-19
-3.25902e-18
-1.4903e-17
-2.85187e-17
-2.09395e-17
1.71952e-17
6.72697e-17
1.64718e-16
3.08627e-16
1.11158e-20
-1.25774e-19
-1.57132e-19
-1.61886e-19
-2.03615e-19
3.49043e-19
8.11009e-19
9.86048e-19
1.04399e-18
1.20078e-18
1.63595e-18
1.10434e-18
-4.98473e-18
-1.18068e-17
3.25908e-17
1.96064e-16
2.91566e-16
-4.09856e-16
-2.34751e-15
-2.58889e-15
-4.68172e-20
4.66832e-19
6.17985e-19
5.17268e-19
1.00271e-18
-1.10572e-18
-2.88499e-18
-3.53283e-18
-3.78626e-18
-4.07648e-18
-4.34784e-18
-5.03228e-18
-8.54225e-18
-1.35396e-17
2.25812e-17
2.10089e-16
3.09697e-16
-1.7617e-15
-1.04749e-14
-2.14842e-14
1.68951e-19
-1.8874e-18
-2.33986e-18
-2.06513e-18
-3.78417e-18
5.01362e-18
1.17791e-17
1.37194e-17
1.4386e-17
1.56088e-17
1.72011e-17
1.91675e-17
2.09278e-17
2.22428e-17
2.73826e-17
4.31688e-17
8.4846e-17
-3.89519e-16
3.31462e-15
-1.8859e-15
-4.84829e-19
8.10053e-18
8.57288e-18
7.92024e-18
1.35021e-17
-2.91161e-17
-4.96197e-17
-5.04407e-17
-5.23895e-17
-5.85493e-17
-6.45011e-17
-7.2349e-17
-8.12758e-17
-8.95784e-17
-1.00283e-16
-1.1841e-16
-8.14325e-17
-5.31721e-16
-3.07742e-15
9.47837e-14
9.69924e-19
-3.34646e-17
-3.03121e-17
-2.99402e-17
-4.29195e-17
1.44326e-16
1.83605e-16
1.72267e-16
1.88237e-16
2.11907e-16
2.25841e-16
2.56978e-16
2.97631e-16
3.32639e-16
3.69419e-16
4.02547e-16
5.15057e-16
9.35843e-16
-1.72934e-14
3.29802e-13
-1.61348e-18
1.27729e-16
1.06072e-16
1.09948e-16
1.36692e-16
-6.0945e-16
-6.35944e-16
-6.0686e-16
-6.93013e-16
-7.60834e-16
-7.92321e-16
-9.21376e-16
-1.08365e-15
-1.22978e-15
-1.32225e-15
-1.4282e-15
-1.75531e-15
-1.80725e-15
-2.60383e-14
6.25794e-13
4.65264e-18
-4.61296e-16
-3.68643e-16
-3.95808e-16
-4.91759e-16
2.46284e-15
2.23289e-15
2.28701e-15
2.5895e-15
2.81519e-15
2.93868e-15
3.36791e-15
3.91844e-15
4.62782e-15
4.86265e-15
5.22014e-15
6.47137e-15
8.41803e-15
-1.51469e-15
7.67088e-13
-1.5786e-17
1.69751e-15
1.33184e-15
1.47405e-15
1.90286e-15
-1.03817e-14
-8.2565e-15
-9.03649e-15
-9.99556e-15
-1.03621e-14
-1.13449e-14
-1.22039e-14
-1.41784e-14
-1.81843e-14
-1.90032e-14
-1.97713e-14
-2.51994e-14
-3.39643e-14
-9.7805e-14
7.72613e-13
2.90647e-17
-6.95125e-15
-5.51662e-15
-5.97669e-15
-7.13905e-15
3.44333e-14
2.36558e-14
2.57492e-14
3.1992e-14
2.71512e-14
3.58089e-14
3.23837e-14
4.23387e-14
5.86871e-14
6.31642e-14
5.66401e-14
8.71824e-14
1.27222e-13
1.47764e-13
6.31594e-13
1.48374e-16
2.07103e-14
1.64549e-14
1.72597e-14
1.6799e-14
6.74561e-14
3.82723e-14
3.50967e-14
3.82413e-14
3.86019e-14
4.30161e-14
4.50558e-14
5.48096e-14
7.39102e-14
7.752e-14
7.62737e-14
9.5155e-14
1.35639e-13
1.67476e-13
1.95229e-13
-3.36998e-15
7.68429e-14
5.65878e-14
5.94994e-14
6.89823e-14
1.21435e-13
8.45338e-14
7.54306e-14
8.77536e-14
9.76475e-14
1.04104e-13
1.18873e-13
1.35841e-13
1.55234e-13
1.72724e-13
1.83806e-13
2.15813e-13
2.62498e-13
3.17847e-13
7.90136e-13
-2.09094e-15
1.18916e-13
1.09603e-13
1.04516e-13
1.09952e-13
1.5141e-13
1.54219e-13
1.51442e-13
1.61882e-13
1.75356e-13
1.87304e-13
2.03818e-13
2.22168e-13
2.41795e-13
2.64774e-13
2.85607e-13
3.18967e-13
3.61126e-13
3.9102e-13
7.30702e-13
6.79255e-25
2.46407e-24
9.308e-25
-3.81437e-24
-1.01752e-23
-1.21226e-23
-2.75959e-24
8.53404e-24
-2.90843e-23
-2.06553e-22
-5.70999e-22
-1.02292e-21
-1.43469e-21
-2.06746e-21
-3.6759e-21
-6.45188e-21
-8.56493e-21
-7.07436e-21
-1.94944e-21
1.67319e-21
5.64541e-25
-8.42011e-24
-1.56769e-23
-2.04906e-23
-1.01024e-23
1.94896e-23
4.71614e-23
4.19249e-23
-4.09279e-23
-1.85717e-22
-2.88269e-22
-2.83161e-22
2.76058e-22
4.38354e-21
1.96745e-20
5.22572e-20
8.63502e-20
7.17207e-20
-2.90975e-20
-1.20144e-19
-2.56252e-25
2.25921e-23
2.39715e-23
2.8508e-23
1.60774e-23
-7.76619e-23
-1.66938e-22
-2.30559e-22
-3.51922e-22
-5.02328e-22
-2.97031e-22
8.35289e-22
3.45229e-21
1.00697e-20
2.88301e-20
6.54269e-20
8.98249e-20
3.53786e-20
-1.41188e-19
-3.41304e-19
7.44187e-24
-9.25272e-23
-1.20771e-22
-1.38302e-22
-1.7814e-22
1.07919e-22
5.03842e-22
7.70293e-22
8.23309e-22
7.40969e-22
9.21484e-22
1.82587e-21
3.38375e-21
5.40452e-21
9.13206e-21
1.5566e-20
1.91823e-20
1.44895e-20
-4.80197e-20
-4.89072e-19
-2.24211e-23
3.88465e-22
4.77014e-22
5.5943e-22
5.78736e-22
-8.50335e-22
-2.53582e-21
-3.49067e-21
-3.80509e-21
-3.97336e-21
-4.43835e-21
-4.70476e-21
-3.18318e-21
3.7146e-22
2.2233e-21
-8.26523e-21
-5.41923e-20
-1.68202e-19
-2.73419e-19
-2.0731e-18
9.44518e-23
-1.73258e-21
-2.12535e-21
-2.48795e-21
-2.27191e-21
4.98659e-21
1.21602e-20
1.53988e-20
1.61818e-20
1.60997e-20
1.41698e-20
9.363e-21
1.77694e-20
8.39071e-20
2.51686e-19
5.62468e-19
1.04739e-18
1.3362e-18
-5.59046e-19
-6.92335e-18
-3.73041e-22
7.66649e-21
9.26949e-21
1.07303e-20
8.48515e-21
-2.73616e-20
-5.64511e-20
-6.64402e-20
-6.99126e-20
-6.80053e-20
-2.96766e-20
3.27281e-20
-1.82165e-19
-1.2985e-18
-3.60668e-18
-6.37527e-18
-6.68741e-18
1.7173e-18
2.30393e-17
4.24054e-17
1.56657e-21
-3.2503e-20
-4.00821e-20
-4.54815e-20
-2.99166e-20
1.19943e-19
2.31341e-19
2.73559e-19
2.99045e-19
2.65921e-19
-2.96892e-20
-1.40147e-19
3.25902e-18
1.4903e-17
2.85187e-17
2.09395e-17
-1.71952e-17
-6.72697e-17
-1.64718e-16
-3.08627e-16
-1.11158e-20
1.25774e-19
1.57132e-19
1.61886e-19
2.03615e-19
-3.49043e-19
-8.11009e-19
-9.86048e-19
-1.04399e-18
-1.20078e-18
-1.63595e-18
-1.10434e-18
4.98473e-18
1.18068e-17
-3.25908e-17
-1.96064e-16
-2.91566e-16
4.09856e-16
2.34751e-15
2.58889e-15
4.68172e-20
-4.66832e-19
-6.17985e-19
-5.17268e-19
-1.00271e-18
1.10572e-18
2.88499e-18
3.53283e-18
3.78626e-18
4.07648e-18
4.34784e-18
5.03228e-18
8.54225e-18
1.35396e-17
-2.25812e-17
-2.10089e-16
-3.09697e-16
1.7617e-15
1.04749e-14
2.14842e-14
-1.68951e-19
1.8874e-18
2.33986e-18
2.06513e-18
3.78417e-18
-5.01362e-18
-1.17791e-17
-1.37194e-17
-1.4386e-17
-1.56088e-17
-1.72011e-17
-1.91675e-17
-2.09278e-17
-2.22428e-17
-2.73826e-17
-4.31688e-17
-8.4846e-17
3.89519e-16
-3.31462e-15
1.8859e-15
4.84829e-19
-8.10053e-18
-8.57288e-18
-7.92024e-18
-1.35021e-17
2.91161e-17
4.96197e-17
5.04407e-17
5.23895e-17
5.85493e-17
6.45011e-17
7.2349e-17
8.12758e-17
8.95784e-17
1.00283e-16
1.1841e-16
8.14325e-17
5.31721e-16
3.07742e-15
-9.47837e-14
-9.69924e-19
3.34646e-17
3.03121e-17
2.99402e-17
4.29195e-17
-1.44326e-16
-1.83605e-16
-1.72267e-16
-1.88237e-16
-2.11907e-16
-2.25841e-16
-2.56978e-16
-2.97631e-16
-3.32639e-16
-3.69419e-16
-4.02547e-16
-5.15057e-16
-9.35843e-16
1.72934e-14
-3.29802e-13
1.61348e-18
-1.27729e-16
-1.06072e-16
-1.09948e-16
-1.36692e-16
6.0945e-16
6.35944e-16
6.0686e-16
6.93013e-16
7.60834e-16
7.92321e-16
9.21376e-16
1.08365e-15
1.22978e-15
1.32225e-15
1.4282e-15
1.75531e-15
1.80725e-15
2.60383e-14
-6.25794e-13
-4.65264e-18
4.61296e-16
3.68643e-16
3.95808e-16
4.91759e-16
-2.46284e-15
-2.23289e-15
-2.28701e-15
-2.5895e-15
-2.81519e-15
-2.93868e-15
-3.36791e-15
-3.91844e-15
-4.62782e-15
-4.86265e-15
-5.22014e-15
-6.47137e-15
-8.41803e-15
1.51469e-15
-7.67088e-13
1.5786e-17
-1.69751e-15
-1.33184e-15
-1.47405e-15
-1.90286e-15
1.03817e-14
8.2565e-15
9.03649e-15
9.99556e-15
1.03621e-14
1.13449e-14
1.22039e-14
1.41784e-14
1.81843e-14
1.90032e-14
1.97713e-14
2.51994e-14
3.39643e-14
9.7805e-14
-7.72613e-13
-2.90647e-17
6.95125e-15
5.51662e-15
5.97669e-15
7.13905e-15
-3.44333e-14
-2.36558e-14
-2.57492e-14
-3.1992e-14
-2.71512e-14
-3.58089e-14
-3.23837e-14
-4.23387e-14
-5.86871e-14
-6.31642e-14
-5.66401e-14
-8.71824e-14
-1.27222e-13
-1.47764e-13
-6.31594e-13
-1.48374e-16
-2.07103e-14
-1.64549e-14
-1.72597e-14
-1.6799e-14
-6.74561e-14
-3.82723e-14
-3.50967e-14
-3.82413e-14
-3.86019e-14
-4.30161e-14
-4.50558e-14
-5.48096e-14
-7.39102e-14
-7.752e-14
-7.62737e-14
-9.5155e-14
-1.35639e-13
-1.67476e-13
-1.95229e-13
3.36998e-15
-7.68429e-14
-5.65878e-14
-5.94994e-14
-6.89823e-14
-1.21435e-13
-8.45338e-14
-7.54306e-14
-8.77536e-14
-9.76475e-14
-1.04104e-13
-1.18873e-13
-1.35841e-13
-1.55234e-13
-1.72724e-13
-1.83806e-13
-2.15813e-13
-2.62498e-13
-3.17847e-13
-7.90136e-13
2.09094e-15
-1.18916e-13
-1.09603e-13
-1.04516e-13
-1.09952e-13
-1.5141e-13
-1.54219e-13
-1.51442e-13
-1.61882e-13
-1.75356e-13
-1.87304e-13
-2.03818e-13
-2.22168e-13
-2.41795e-13
-2.64774e-13
-2.85607e-13
-3.18967e-13
-3.61126e-13
-3.9102e-13
-7.30702e-13
)
;
    }
}


// ************************************************************************* //
