0.05	102
0.1	39
0.15	38
0.2	18
0.25	8
0.3	24
0.35	17
0.4	26
0.45	20
0.5	19
0.55	32
0.6	22
0.65	24
0.7	26
0.75	42
0.8	41
0.85	30
0.9	35
0.95	36
1	23
1.05	38
1.1	29
1.15	42
1.2	39
1.25	28
1.3	38
1.35	32
1.4	33
1.45	27
1.5	26
1.55	21
1.6	26
1.65	18
1.7	32
1.75	15
1.8	18
1.85	16
1.9	17
1.95	14
2	18
2.05	23
2.1	18
2.15	12
2.2	14
2.25	13
2.3	14
2.35	14
2.4	14
2.45	14
2.5	12
2.55	12
2.6	12
2.65	12
2.7	12
2.75	12
2.8	11
2.85	11
2.9	10
2.95	10
3	11
3.05	9
3.1	11
3.15	13
3.2	13
3.25	13
3.3	11
3.35	11
3.4	9
3.45	11
3.5	11
3.55	13
3.6	11
3.65	13
3.7	11
3.75	13
3.8	11
3.85	13
3.9	13
3.95	13
4	13
4.05	15
4.1	15
4.15	15
4.2	15
4.25	15
4.3	13
4.35	15
4.4	13
4.45	15
4.5	13
4.55	13
4.6	13
4.65	13
4.7	13
4.75	13
4.8	13
4.85	13
4.9	11
4.95	12
5	11
5.05	13
5.1	13
5.15	13
5.2	13
5.25	13
5.3	11
5.35	11
5.4	11
5.45	11
5.5	11
5.55	11
5.6	10
5.65	11
5.7	11
5.75	12
5.8	14
5.85	14
5.9	12
5.95	12
6	10
6.05	10
6.1	10
6.15	12
6.2	14
6.25	14
6.3	16
6.35	16
6.4	14
6.45	12
6.5	12
6.55	10
6.6	10
6.65	10
6.7	10
6.75	10
6.8	12
6.85	12
6.9	12
6.95	13
7	14
7.05	12
7.1	11
7.15	13
7.2	14
7.25	11
7.3	8
7.35	9
7.4	13
7.45	13
7.5	13
7.55	10
7.6	11
7.65	15
7.7	16
7.75	16
7.8	14
7.85	12
7.9	10
7.95	11
8	11
8.05	11
8.1	11
8.15	12
8.2	10
8.25	10
8.3	10
8.35	10
8.4	12
8.45	16
8.5	17
8.55	17
8.6	15
8.65	13
8.7	10
8.75	16
8.8	20
8.85	20
8.9	20
8.95	14
9	11
9.05	11
9.1	11
9.15	11
9.2	12
9.25	12
9.3	16
9.35	21
9.4	21
9.45	22
9.5	20
9.55	14
9.6	10
9.65	15
9.7	17
9.75	17
9.8	17
9.85	14
9.9	20
9.95	22
10	24
10.05	24
10.1	20
10.15	12
10.2	16
10.25	20
10.3	22
10.35	24
10.4	24
10.45	20
10.5	15
10.55	13
10.6	13
10.65	21
10.7	27
10.75	29
10.8	29
10.85	28
10.9	28
10.95	27
11	19
11.05	14
11.1	19
11.15	17
11.2	14
11.25	15
11.3	17
11.35	19
11.4	19
11.45	21
11.5	19
11.55	15
11.6	12
11.65	19
11.7	17
11.75	13
11.8	12
11.85	16
11.9	16
11.95	14
12	14
12.05	15
12.1	23
12.15	23
12.2	25
12.25	23
12.3	23
12.35	19
12.4	19
12.45	21
12.5	21
12.55	19
12.6	18
12.65	20
12.7	25
12.75	26
12.8	24
12.85	24
12.9	24
12.95	22
13	21
13.05	23
13.1	22
13.15	20
13.2	18
13.25	20
13.3	20
13.35	18
13.4	18
13.45	20
13.5	19
13.55	17
13.6	17
13.65	16
13.7	17
13.75	19
13.8	23
13.85	26
13.9	26
13.95	24
14	25
14.05	21
14.1	19
14.15	17
14.2	17
14.25	17
14.3	17
14.35	17
14.4	17
14.45	19
14.5	18
14.55	16
14.6	14
14.65	12
14.7	12
14.75	12
14.8	11
14.85	10
14.9	10
14.95	11
15	17
15.05	17
15.1	19
15.15	17
15.2	15
15.25	10
15.3	14
15.35	14
15.4	16
15.45	16
15.5	16
15.55	14
15.6	14
15.65	10
15.7	14
15.75	18
15.8	24
15.85	26
15.9	30
15.95	28
16	26
16.05	26
16.1	24
16.15	18
16.2	16
16.25	18
16.3	18
16.35	19
16.4	19
16.45	19
16.5	19
16.55	19
16.6	19
16.65	17
16.7	11
16.75	12
16.8	14
16.85	12
16.9	11
16.95	15
17	18
17.05	16
17.1	14
17.15	20
17.2	22
17.25	22
17.3	22
17.35	20
17.4	21
17.45	17
17.5	19
17.55	18
17.6	19
17.65	22
17.7	23
17.75	24
17.8	24
17.85	23
17.9	20
17.95	18
18	16
18.05	19
18.1	17
18.15	17
18.2	16
18.25	20
18.3	22
18.35	22
18.4	24
18.45	22
18.5	22
18.55	22
18.6	21
18.65	18
18.7	19
18.75	19
18.8	25
18.85	31
18.9	34
18.95	34
19	32
19.05	27
19.1	27
19.15	23
19.2	17
19.25	17
19.3	17
19.35	17
19.4	19
19.45	19
19.5	19
19.55	17
19.6	13
19.65	14
19.7	13
19.75	15
19.8	15
19.85	13
19.9	11
19.95	18
20	23
20.05	21
20.1	19
20.15	17
20.2	13
20.25	12
20.3	14
20.35	14
20.4	16
20.45	16
20.5	16
20.55	14
20.6	12
20.65	10
20.7	13
20.75	16
20.8	20
20.85	24
20.9	24
20.95	24
21	24
21.05	22
21.1	20
21.15	16
21.2	15
21.25	16
21.3	16
21.35	17
21.4	15
21.45	15
21.5	15
21.55	17
21.6	17
21.65	13
21.7	10
21.75	10
21.8	12
21.85	10
21.9	9
21.95	11
22	14
22.05	12
22.1	13
22.15	18
22.2	20
22.25	20
22.3	18
22.35	16
22.4	16
22.45	14
22.5	15
22.55	15
22.6	16
22.65	19
22.7	20
22.75	21
22.8	20
22.85	20
22.9	16
22.95	14
23	15
23.05	17
23.1	15
23.15	14
23.2	14
23.25	18
23.3	20
23.35	22
23.4	22
23.45	24
23.5	24
23.55	24
23.6	21
23.65	19
23.7	19
23.75	25
23.8	29
23.85	34
23.9	36
23.95	36
24	32
24.05	29
24.1	25
24.15	21
24.2	17
24.25	17
24.3	17
24.35	17
24.4	19
24.45	19
24.5	17
24.55	15
24.6	15
24.65	14
24.7	15
24.75	15
24.8	13
24.85	13
24.9	13
24.95	20
25	24
25.05	21
25.1	19
25.15	17
25.2	13
25.25	12
25.3	16
25.35	16
25.4	18
25.45	18
25.5	18
25.55	16
25.6	14
25.65	11
25.7	14
25.75	18
25.8	20
25.85	24
25.9	24
25.95	24
26	24
26.05	24
26.1	20
26.15	16
26.2	17
26.25	17
26.3	18
26.35	17
26.4	17
26.45	17
26.5	17
26.55	19
26.6	19
26.65	15
26.7	11
26.75	12
26.8	12
26.85	12
26.9	11
26.95	15
27	16
27.05	14
27.1	16
27.15	20
27.2	22
27.25	22
27.3	20
27.35	18
27.4	18
27.45	17
27.5	17
27.55	19
27.6	20
27.65	23
27.7	23
27.75	24
27.8	24
27.85	22
27.9	18
27.95	16
28	17
28.05	17
28.1	16
28.15	15
28.2	18
28.25	20
28.3	20
28.35	22
28.4	24
28.45	24
28.5	22
28.55	22
28.6	19
28.65	18
28.7	17
28.75	23
28.8	29
28.85	33
28.9	33
28.95	34
29	29
29.05	27
29.1	23
29.15	17
29.2	17
29.25	17
29.3	17
29.35	17
29.4	19
29.45	17
29.5	17
29.55	15
29.6	15
29.65	12
29.7	12
29.75	13
29.8	10
29.85	11
29.9	15
29.95	19
30	21
