/*--------------------------------*- C++ -*----------------------------------*\
| =========                 |                                                 |
| \\      /  F ield         | OpenFOAM: The Open Source CFD Toolbox           |
|  \\    /   O peration     | Version:  4.1                                   |
|   \\  /    A nd           | Web:      www.OpenFOAM.org                      |
|    \\/     M anipulation  |                                                 |
\*---------------------------------------------------------------------------*/
FoamFile
{
    version     2.0;
    format      ascii;
    class       surfaceScalarField;
    location    "1";
    object      phi;
}
// * * * * * * * * * * * * * * * * * * * * * * * * * * * * * * * * * * * * * //

dimensions      [0 3 -1 0 0 0 0];

internalField   nonuniform List<scalar> 
2360
(
63372.2
68481.2
-5108.98
68481.2
68481.2
72234.3
-3753.11
72234.3
72234.3
72234.3
77811.2
-5576.92
77811.3
77811.2
84354.9
-6543.61
84354.8
84354.9
92124.4
-7769.62
92124.6
92124.3
90054.4
2069.85
90054.1
90054.1
96717.4
104515
113102
122337
131789
140932
-1864.99
151689
7124.67
16129.7
25141.1
34168.1
43226.4
52293.8
61439.7
70493.1
79778.5
88737.1
98271.8
108166
120361
-8065.78
128426
-8065.99
-8065.93
-8065.97
-7566.39
-499.462
-7566.3
-7566.16
-7566.14
2713.08
-10278.9
2713.75
2714.01
9341.48
-6627.44
9341.55
9341.63
9341.65
7971.93
1369.8
7971.94
7971.98
7971.97
-120346
128318
-108151
-98249.3
-88719.2
-79762
-70473.9
-61418.2
-52272.4
-43208.2
-34153.9
-25128.7
-16119.5
-7116.37
1868.21
-140935
151693
-131798
-122351
-113123
-104535
-96723.7
-90039.4
-90039.4
-90039.4
-92227
2187.61
-92227
-92227
-84463.6
-7763.42
-84463.6
-84463.6
-77885.3
-6578.21
-77885.3
-77885.3
-72293.8
-5591.5
-72293.8
-72293.8
-72293.8
-68537.2
-3756.58
-68537.2
-68537.2
-63424.8
-5112.39
-609.815
-1664.5
-660.919
-3115.91
-758.513
-4283.52
-896.949
-5552.55
-1080.81
-6992.23
-1315.39
-8680.26
-1609.55
-10695.5
-1974.58
-13123.5
-2424.48
-16064.6
-2974.16
-19636.7
-3633.65
-23985
-4392.03
-29294.6
-5163.5
-35759
-5548.45
-43562.2
-4258.74
-53363.9
1678.6
-62503.5
9743.1
-42623.4
11278.3
55169.6
93020.1
-1033.86
-1630.11
-1130.67
-3019.1
-1304.94
-4109.25
-1546.97
-5310.52
-1864.38
-6674.82
-2266.28
-8278.36
-2767.41
-10194.3
-3386.67
-12504.3
-4147.55
-15303.7
-5075.98
-18708.2
-6195.03
-22865.9
-7514.16
-27975.4
-8957.93
-34315.2
-9874.92
-42645.2
-7532.54
-55706.3
3197.64
-73233.7
16253.4
-55679.1
14689.9
56733.2
103953
-1310.92
-1576.31
-1444.69
-2885.33
-1674.47
-3879.47
-1989.12
-4995.88
-2398.22
-6265.72
-2913.54
-7763.04
-3553.71
-9554.16
-4342.78
-11715.2
-5310.93
-14335.6
-6492.76
-17526.4
-7929.36
-21429.3
-9690.39
-26214.4
-11840.2
-32165.4
-13646.1
-40839.3
-11211.3
-58141.1
802.224
-85247.2
16513.9
-71390.8
16856.7
56390.4
115219
-1590.92
-1495.6
-1773.46
-2702.79
-2068.51
-3584.42
-2465.71
-4598.67
-2977.35
-5754.08
-3618.74
-7121.65
-4413.3
-8759.6
-5391.48
-10737
-6591.75
-13135.3
-8059.67
-16058.5
-9862.39
-19626.6
-12179
-23897.8
-15385.9
-28958.5
-19055.8
-37169.4
-19648.4
-57548.4
-14271.6
-90624
595.193
-86257.6
11874.6
45111
120515
-1864.49
-1381.66
-2103.89
-2463.4
-2470.08
-3218.23
-2955.26
-4113.49
-3574.75
-5134.59
-4348.01
-6348.38
-5303.71
-7803.91
-6479.25
-9561.48
-7921.85
-11692.7
-9685.47
-14294.9
-11850.4
-17461.7
-14710.6
-21037.6
-19201.1
-24468
-26452.7
-29917.8
-36836.1
-47165.1
-50886.4
-76573.7
-49715.2
-87428.7
-11123.1
6518.87
101628
-2140.83
-1227.04
-2446.91
-2157.33
-2891.98
-2773.16
-3473.07
-3532.4
-4208.93
-4398.73
-5123.99
-5433.33
-6252.66
-6675.23
-7639.89
-8174.25
-9341.84
-9990.76
-11415.8
-12220.9
-13922.7
-14954.8
-17232.6
-17727.6
-23216.4
-18484.2
-36492.5
-16641.7
-64150.7
-19506.9
-108596
-32128.4
-132966
-63058.5
-72813.6
-53633.6
31002.4
-2432.58
-1021.81
-2818.29
-1771.62
-3352.27
-2239.17
-4040.71
-2843.95
-4906.06
-3533.39
-5978.7
-4360.68
-7299.47
-5354.46
-8920.84
-6552.88
-10906.9
-8004.7
-13319
-9808.82
-16201.4
-12072.3
-19966.8
-13962.3
-27336.2
-11114.8
-45669.9
1691.99
-84787.9
19611.1
-145020
28103.7
-185249
-22829.3
-172395
-66488
10300
-2755.95
-753.683
-3237.5
-1290.08
-3872.94
-1603.73
-4684.4
-2032.49
-5697.78
-2520.01
-6950.78
-3107.68
-8491.32
-3813.92
-10378.7
-4665.5
-12683.5
-5699.9
-15491.5
-7000.84
-18914
-8649.76
-23033.2
-9843.14
-27742.9
-6405.11
-34055.1
8004.18
-45043.2
30599.2
-56123.8
39184.3
-56089.6
-22863.4
-84179.9
-38397.8
54437.8
-3120.51
-411.975
-3713
-697.586
-4461.88
-854.843
-5412.57
-1081.8
-6593.58
-1339
-8051.16
-1650.11
-9841.05
-2024.03
-12030.8
-2475.75
-14701.8
-3028.91
-17971.8
-3730.88
-22024.5
-4597.01
-26769.1
-5098.51
-30323
-2851.22
-28502
6183.19
-19377.6
21474.8
-4733.15
24539.8
-13622.1
-13974.5
-29470.7
-22549.1
26336.9
-3471.7
0.049307
-4169.39
0.0991534
-5024.37
0.141327
-6106.38
0.209433
-7445.69
0.30674
-9096.24
0.449405
-11120.9
0.655044
-13597.6
0.93815
-16627.8
1.25929
-20360
1.3802
-24957.8
0.789952
-30056
-0.364248
-32907.9
0.661253
-26727
2.3524
-5191.1
-61.1533
19687.4
-338.734
5923.34
-210.389
-16930.4
304.598
2779.05
-3471.65
412.057
-4169.3
697.753
-5024.24
855.085
-6106.19
1082.16
-7445.42
1339.53
-9095.85
1650.88
-11120.4
2025.17
-13596.8
2477.38
-16626.7
3031.15
-20358.8
3733.48
-24957.1
4599.09
-30057.7
5100.26
-32916.6
2859.56
-26750.3
-6163.93
-5268.89
-21542.6
19524.1
-25131.7
5785.73
13528
-17125.9
23216.3
-24625.9
-3120.45
753.745
-3712.9
1290.21
-4461.74
1603.92
-5412.35
2032.77
-6593.25
2520.43
-8050.66
3108.3
-9840.32
3814.82
-12029.7
4666.8
-14700.3
5701.69
-17969.8
7002.98
-22022.8
8652.08
-26771.3
9848.74
-30337.3
6425.59
-28532
-7969.24
-19462.9
-30611.7
-5183.81
-39410.8
-14082.4
22426.6
-29436.4
38570.3
-54561.9
-2755.88
1021.85
-3237.39
1771.71
-3872.78
2239.31
-4684.16
2844.16
-5697.43
3533.69
-6950.26
4361.14
-8490.57
5355.13
-10377.6
6553.86
-12682
8006.08
-15489.6
9810.57
-18912.2
12074.7
-23032.9
13969.4
-27745.2
11137.9
-34060.4
-1654.06
-45110.5
-19561.6
-56483.3
-28038
-56762.2
22705.5
-84457.1
66265.1
-10592.6
-2432.5
1227.07
-2818.17
2157.38
-3352.1
2773.25
-4040.47
3532.53
-4905.71
4398.93
-5978.2
5433.63
-7298.76
6675.68
-8919.82
8174.93
-10905.5
9991.77
-13317.3
12222.4
-16199.9
14957.2
-19964.6
17734.1
-27329.8
18503.1
-45669.9
16686.1
-84850.6
19619.1
-145247
32358.8
-185679
63137.5
-172633
53218.4
-31536.8
-2140.76
1381.67
-2446.8
2463.42
-2891.82
3218.27
-3472.85
4113.56
-4208.62
5134.7
-5123.54
6348.54
-6252.01
7804.16
-7638.97
9561.89
-9340.57
11693.4
-11414.2
14296
-13920.9
17464
-17230.1
21043.3
-23209.8
24482.8
-36477.2
29953.5
-64117.2
47259.1
-108511
76752.8
-132776
87402.8
-72528.8
-7029.29
-101996
-1864.42
1495.59
-2103.79
2702.78
-2469.94
3584.42
-2955.06
4598.68
-3574.46
5754.1
-4347.61
7121.69
-5303.13
8759.68
-6478.44
10737.2
-7920.68
13135.6
-9683.84
16059.2
-11848.1
19628.3
-14706.8
23902
-19192.8
28968.8
-26431.9
37192.6
-36774.5
57601.7
-50720.6
90698.9
-49363
86045.1
-10904.7
-45487.6
-120670
-1590.86
1576.29
-1773.37
2885.29
-2068.39
3879.44
-2465.54
4995.84
-2977.11
6265.67
-3618.4
7762.98
-4412.81
9554.09
-5390.77
11715.1
-6590.72
14335.6
-8058.1
17526.5
-9859.85
21430
-12174.4
26216.5
-15376.1
32170.6
-19033.7
40850.1
-19591.3
58159.3
-14141.8
85249.5
754.55
71148.7
11918
-56651.1
-115296
-1310.87
1630.08
-1444.62
3019.05
-1674.37
4109.19
-1988.97
5310.44
-2398.02
6674.72
-2913.26
8278.22
-3553.3
10194.1
-4342.18
12504
-5310.03
15303.4
-6491.35
18707.9
-7926.93
22865.6
-9685.77
27975.4
-11830.6
34315.5
-13626
42645.5
-11168
55701.2
880.156
73201.4
16581.4
55447.5
16870.4
-56940.1
-104002
-1033.81
1664.45
-1130.61
3115.84
-1304.85
4283.44
-1546.85
5552.44
-1864.21
6992.08
-2266.04
8680.05
-2767.08
10695.2
-3386.17
13123.1
-4146.8
16064
-5074.77
19635.8
-6192.93
23983.8
-7510.23
29292.7
-8950.08
35755.3
-9859.07
43554.5
-7502.26
53344.4
3246.63
62452.5
16282.7
42411.4
14679
-55336.4
-93076.3
-609.783
-660.878
-758.458
-896.874
-1080.7
-1315.24
-1609.33
-1974.26
-2423.99
-2973.38
-3632.32
-4389.62
-5158.93
-5539.56
-4242.35
1707.1
9771.78
11283.7
1350.19
-8013.83
2608.64
-9056.26
2925.53
-8904.5
2485.61
-8796.02
1868.6
-8835.19
1590.07
-8865.12
1611.79
-8913.08
1585.42
-8964.25
1532.26
-8953.17
1484.74
-8964.13
1435.85
-8978.83
1382.24
-9004.94
1297.13
-8982.78
1212.53
-9061.72
1072.01
-8913.25
969.036
-9182.92
793.739
-8783.24
707.422
-9448.48
-163.328
-9023
-12358.4
-32.7269
-7981.58
240.303
-9329.76
570.507
-9235.15
837.883
-9063.86
1094.19
-9091.91
1277.86
-9049.23
1418.02
-9053.63
1464.54
-9011.19
1509.58
-8998.58
1541.67
-8996.6
1553.05
-8990.54
1549.84
-9002.07
1536.83
-8970.05
1528.71
-9053.9
1518.15
-8902.94
1511.78
-9176.79
1497.14
-8768.76
1465.04
-9416.53
629.098
-8187.19
-11729.3
468.541
-8450.56
580.676
-9442.33
565.735
-9220.62
452.793
-8951.38
418.812
-9058.35
353.265
-8984.14
312.135
-9012.91
311.399
-9010.9
326.422
-9013.99
343.792
-9014.39
365.215
-9012.31
386.13
-9023.36
412.522
-8996.74
430.498
-9072.2
461.903
-8934.63
473.986
-9189.12
517.549
-8812.51
528.66
-9427.83
638.786
-8297.48
-11090.5
589.666
-9040.42
685.84
-9538.7
702.446
-9237.43
647.346
-8896.48
637.487
-9048.68
611.836
-8958.7
606.935
-9008.21
586.073
-8990.24
569.619
-8997.72
554.857
-8999.83
544.284
-9001.91
532.294
-9011.55
528.236
-8992.86
507.796
-9051.92
511.162
-8938.16
466.361
-9144.46
486.421
-8832.71
395.292
-9336.83
528.426
-8430.74
-10562.1
579.653
-9620.47
719.246
-9678.7
765.665
-9284.25
730.569
-8861.82
742.777
-9061.28
729.648
-8946
726.109
-9005.05
717.91
-8982.46
710.452
-8990.62
700.28
-8990.03
689.454
-8991.4
674.071
-8996.51
664.24
-8983.3
638.899
-9026.87
641.465
-8940.96
596.843
-9100.06
626.168
-8862.19
550.157
-9260.97
601.251
-8481.98
-9960.87
600.735
-10221.2
768.314
-9846.29
809.937
-9325.87
751.372
-8803.26
743.26
-9053.17
712.761
-8915.51
696.43
-8988.72
674.55
-8960.58
655.844
-8971.92
636.784
-8970.98
619.625
-8974.25
600.083
-8976.98
587.571
-8970.79
561.554
-9000.86
560.246
-8939.66
518.19
-9058.01
538.011
-8882.02
466.947
-9189.92
529.137
-8544.18
-9431.74
633.698
-10855
850.393
-10063.1
902.676
-9378.26
839.737
-8740.44
822.706
-9036.24
788.157
-8881.07
763.622
-8964.27
735.497
-8932.56
709.414
-8945.92
683.261
-8944.92
659.037
-8950.09
632.851
-8950.87
614.282
-8952.28
583.161
-8969.8
578.197
-8934.75
533.274
-9013.13
552.452
-8901.23
480.862
-9118.36
537.576
-8600.92
-8894.16
679.815
-11534.6
971.287
-10354.3
1036.62
-9443.39
957.003
-8660.58
918.554
-8997.59
871.209
-8833.49
831.262
-8924.14
790.95
-8892.03
752.769
-8907.56
716.31
-8908.26
682.966
-8916.6
649.427
-8917.16
624.976
-8927.72
590.008
-8934.68
581.784
-8926.44
535.594
-8966.83
551.711
-8917.32
480.12
-9046.73
532.188
-8652.95
-8361.97
747.313
-12282.1
1156.91
-10764.2
1251.05
-9537.76
1151.73
-8561.52
1084.87
-8930.94
1021.61
-8770.49
961.849
-8864.57
905.473
-8835.9
851.028
-8853.29
799.926
-8857.38
753.134
-8869.95
707.792
-8872
673.032
-8893.06
629.791
-8891.59
612.546
-8909.27
558.102
-8912.5
561.189
-8920.42
478.911
-8964.47
518.072
-8692.13
-7843.9
851.689
-13133.7
1424.19
-11336.6
1558.85
-9672.3
1430.7
-8433.26
1330.44
-8830.56
1244.05
-8684
1158.33
-8778.73
1078.38
-8755.84
999.714
-8774.52
925.266
-8782.83
855.209
-8799.8
787.634
-8804.33
729.879
-8835.22
665.962
-8827.59
621.95
-8865.18
544.391
-8834.87
509.413
-8885.39
403.844
-8858.85
422.289
-8710.52
-7421.61
1030.92
-14164.7
1725.28
-12031
1888.57
-9835.59
1731.41
-8276.11
1625.87
-8725.02
1519.87
-8578
1415.27
-8674.12
1311.44
-8652
1205.57
-8668.63
1100.55
-8677.79
995.778
-8695
890.604
-8699.14
788.004
-8732.58
679.86
-8719.43
576.388
-8761.66
451.31
-8709.76
338.959
-8772.99
195.863
-8715.71
177.198
-8691.81
-7244.41
1295.12
-15459.5
1761.46
-12497
1903.05
-9976.79
1781.21
-8153.85
1783.96
-8727.4
1708.72
-8502.35
1639.26
-8604.3
1548.65
-8561
1444.36
-8564
1327.77
-8560.83
1198.64
-8565.57
1058.67
-8558.83
905.491
-8579.13
742.995
-8556.64
564.234
-8582.65
382.414
-8527.7
177.718
-8568.13
-11.0394
-8526.79
-119.453
-8583.22
-7363.86
1389.77
-16849.2
942.969
-12050
1112.2
-10145.9
1247.87
-8289.35
1534.75
-9014.12
1619.01
-8586.45
1701.4
-8686.55
1720.51
-8579.96
1697.74
-8541.09
1633.93
-8496.87
1533.05
-8464.55
1401.05
-8426.7
1235.94
-8413.88
1050.03
-8370.6
833.656
-8366.13
619.183
-8313.11
368.192
-8317.01
133.799
-8292.29
-96.009
-8353.29
-7459.87
640.398
-17489.3
-623.55
-10785.7
-195.312
-10573.7
443.196
-8927.41
1026.04
-9596.59
1404
-8964.01
1721.1
-9003.31
1939.67
-8798.16
2073.41
-8674.52
2126.89
-8550.01
2109.75
-8447.13
2033.91
-8350.56
1905.25
-8284.97
1734.62
-8199.69
1528.01
-8159.28
1294.57
-8079.46
1038.3
-8060.56
741.943
-7995.77
528.222
-8139.39
-6931.64
-869.975
-16619.1
-1183.21
-10472.2
-414.022
-11342.6
634.495
-9975.62
1309.08
-10270.9
1939.86
-9594.52
2406.5
-9469.71
2772.25
-9163.66
3018.51
-8920.56
3154.67
-8685.93
3191.24
-8483.5
3143.05
-8302.15
3022.52
-8164.25
2833.38
-8010.35
2594.08
-7919.8
2279.33
-7764.54
1940.52
-7721.61
1504.59
-7559.71
1303.98
-7938.64
-5627.66
-1280.74
-15338.1
208.824
-11961.5
1272.05
-12405.6
2455.13
-11158.4
3197.9
-11013.5
3935.77
-10332.1
4454.47
-9988.24
4859.04
-9568
5129.33
-9190.7
5274.88
-8831.26
5300.58
-8509.06
5216.11
-8217.48
5026.35
-7974.38
4731.03
-7714.84
4332.21
-7520.87
3809.32
-7241.5
3193.36
-7105.62
2471.2
-6837.5
1819.68
-7287.04
-3807.98
-33.1267
-15304.9
1750.22
-13744.7
3014.91
-13670.2
4151.66
-12295.1
5074.62
-11936.3
5897.43
-11154.8
6554.27
-10645
7085.35
-10099
7500.56
-9605.79
7801.23
-9131.84
7979.85
-8687.56
8027.17
-8264.71
7920.7
-7867.79
7651.42
-7445.48
7179.01
-7048.33
6517.16
-6579.57
5626.98
-6215.32
4620.17
-5830.59
3008.51
-5675.2
-799.468
358.279
-15663.1
507.233
-13893.6
908.127
-14071
1366.53
-12753.4
1832.78
-12402.5
2331.98
-11654
2833.95
-11146.9
3333.66
-10598.6
3833.07
-10105.2
4319.59
-9618.31
4773.05
-9140.98
5166.53
-8658.14
5457.53
-8158.76
5630.53
-7618.43
5631.67
-7049.44
5495.82
-6443.68
5191.13
-5910.6
4768.87
-5408.3
2858.72
-3764.98
2059.25
-1041.67
-14621.4
-2610.93
-12324.3
-4133.68
-12548.2
-5179.68
-11707.4
-6160.08
-11422.1
-6854.94
-10959.1
-7380.59
-10621.2
-7714.37
-10264.8
-7882.81
-9936.69
-7894.5
-9606.59
-7763.72
-9271.74
-7504.86
-8916.98
-7134.21
-8529.38
-6651.68
-8100.94
-6073.21
-7627.88
-5392.84
-7124.03
-4634.24
-6669.18
-3820.34
-6222.18
-2986.29
-4598.98
-927.034
-5521.4
-8745.7
-12193.9
-14801.3
-17123.4
-18982.5
-20503.7
-21668.5
-22505.2
-23011.7
-23183.5
-23000.4
-22429.8
-21430.8
-19958.6
-17982.7
-15551.8
-12674
-8172.97
-5520.06
14620.2
-8742.65
12322.7
-12189.8
12547.3
-14796.8
11707.1
-17119
11422.3
-18978.7
10959.8
-20501.1
10622.5
-21668.2
10267.2
-22508.1
9939.92
-23018.5
9610.46
-23194.8
9276.4
-23017.5
8922.72
-22453.7
8536.23
-21461.8
8108.17
-19996.1
7634.37
-18025.8
7129.74
-15600
6674.26
-12719.1
6219.16
-8193.87
4574.81
906.13
-1040.7
15661
-2609.23
13891.4
-4131.5
14069.7
-5177.41
12753.1
-6158.21
12403.2
-6853.43
11655.1
-7380.39
11149.6
-7715.98
10602.9
-7886.41
10110.5
-7900.29
9624.46
-7771.97
9148.19
-7515.58
8666.45
-7147.3
8168.05
-6667.33
7628.31
-6091.52
7058.67
-5414.15
6452.47
-4659.05
5919.23
-3848.31
5408.5
-3003.92
3730.56
-2097.79
355.671
15305.5
502.069
13745.1
899.664
13672.2
1353.81
12299.1
1814.56
11942.6
2307.19
11162.6
2801.39
10655.5
3295.74
10108.7
3793.15
9613.17
4279.79
9137.97
4735.1
8693
5132.76
8268.92
5430.77
7870.14
5612.89
7446.3
5624.13
7047.53
5498.9
6577.8
5206.24
6211.95
4786.89
5827.91
2864.09
5653.5
766.306
-35.984
15341.5
1747.64
11961.6
3007.37
12412.6
4139.44
11167.1
5058.42
11023.7
5875.28
10345.8
6526.19
10004.6
7053.6
9581.36
7468.68
9198.15
7771.35
8835.36
7953.33
8511.08
8005.38
8216.93
7904.97
7970.61
7642.99
7708.33
7178.07
7512.52
6523.89
7232.03
5641.18
7094.72
4641.2
6827.94
3025.1
7269.7
3791.41
-1279.66
16621.4
216.142
10466
1275.35
11353.5
2457.15
9985.51
3202.78
10278.2
3941.15
9607.61
4462.88
9483.06
4869.47
9174.92
5141.43
8926.32
5288.03
8688.89
5314.34
8484.88
5229.6
8301.8
5038.39
8161.92
4740.82
8006.02
4338.66
7914.79
3812.86
7757.94
3191.47
7716.18
2467.66
7551.83
1809.47
7927.98
5600.88
-865.232
17486.6
-1170.83
10771.6
-384.555
10567.3
656.833
8944.16
1336.66
9598.41
1971.39
8972.92
2444.08
9010.4
2813.18
8805.85
3059.84
8679.69
3194.34
8554.42
3227.82
8451.43
3174.87
8354.78
3047.66
8289.17
2850.62
8203.08
2602.64
8162.8
2280.85
8079.75
1932.62
8064.45
1491.76
7992.72
1286.59
8133.2
6887.47
642.817
16843.9
-602.256
12016.7
-165.405
10130.5
470.857
8308
1054.71
9014.64
1435.84
8591.88
1755.31
8691.01
1974.87
8586.37
2106.9
8547.72
2157.03
8504.37
2135.42
8473.1
2053.91
8436.35
1918.34
8424.79
1739.82
8381.67
1526.03
8376.64
1287.9
8317.93
1026.47
8325.91
728.25
8290.98
519.104
8342.38
7406.57
1391.59
15452.2
944
12464.3
1112.22
9962.26
1260.77
8159.39
1544.95
8730.42
1630.37
8506.4
1712.2
8609.14
1731.19
8567.34
1707.2
8571.68
1641.76
8569.77
1539.01
8575.82
1404.96
8570.36
1237.66
8592.09
1049.11
8570.18
831.367
8594.38
616.974
8532.3
366.891
8576.01
133.696
8524.19
-89.672
8565.76
7316.9
1294.05
14158.3
1755.42
12003.1
1892.91
9824.92
1774.64
8277.84
1775.88
8729.34
1701.25
8581.21
1631.53
8679
1541.52
8657.52
1437.92
8675.42
1322.39
8685.46
1194.76
8703.56
1056.82
8708.44
906.302
8742.7
746.66
8729.95
571.182
8769.94
391.781
8711.8
190.706
8777.13
2.65703
8712.28
-107.298
8675.76
7209.6
1028.51
13129.8
1713.64
11317.9
1873.18
9665.36
1716.96
8434.03
1611.86
8834.42
1506.68
8686.37
1402.86
8782.8
1300.38
8759.98
1196.32
8779.47
1093.61
8788.15
991.722
8805.44
890.027
8810.12
791.637
8841.08
688.148
8833.43
588.839
8869.25
465.646
8834.99
356.418
8886.36
213.05
8855.65
188.655
8700.16
7398.26
848.889
12280.9
1412.18
10754.6
1544.22
9533.35
1416.89
8561.4
1318.18
8933.16
1233.04
8771.54
1148.95
8866.92
1070.84
8838.13
994.381
8855.95
922.417
8860.14
855.177
8872.7
790.666
8874.66
736.337
8895.43
676.06
8893.72
634.957
8910.37
558.219
8911.74
525.031
8919.55
418.994
8961.69
432.451
8686.71
7830.71
746.057
11534.7
1151.11
10349.4
1242.95
9441.32
1144.4
8659.74
1079.38
8997.99
1017.6
8833.11
959.81
8924.54
905.414
8892.32
853.122
8908.08
804.23
8908.85
759.644
8917.15
716.466
8917.67
683.769
8928.01
642.493
8934.86
626.586
8926.17
572.16
8966.06
575.66
8915.99
492.332
9044.96
526.617
8652.36
8357.32
677.42
10857.2
967.032
10059.7
1031.61
9376.71
953.515
8737.78
917.138
9034.33
871.596
8878.61
833.723
8962.37
795.335
8930.66
759.048
8944.33
724.345
8943.5
692.568
8948.88
660.382
8949.82
637.007
8951.34
602.84
8968.99
595.046
8933.92
548.471
9012.61
564.448
8899.97
491.655
9117.72
538.908
8605.07
8896.23
629.746
10227.3
845.824
9843.46
898.673
9323.67
838.445
8797.8
823.498
9049.09
790.886
8911.01
767.953
8985.12
741.232
8957.19
716.198
8969.19
690.925
8968.59
667.238
8972.42
641.49
8975.4
623.059
8969.64
592.015
8999.89
587.038
8938.78
541.764
9057.77
561.104
8880.55
489.212
9189.53
541.568
8552.64
9437.8
594.971
9632.2
761.237
9677.05
803.553
9281.21
747.863
8853.33
741.142
9055.67
711.954
8940.05
696.152
9000.78
674.584
8978.6
655.721
8987.92
636.414
8987.76
618.791
8989.92
598.921
8995.14
586.097
8982.36
560.12
9025.76
559.242
8939.56
517.832
9099.09
539.26
8859.05
470.211
9258.51
529.163
8493.62
9966.96
571.723
9060.34
706.621
9541.99
752.789
9234.89
720.057
8885.9
733.08
9042.51
720.457
8952.5
716.727
9004.38
708.339
8986.83
700.511
8995.63
690.209
8997.91
679.353
9000.67
664.386
9009.97
655.245
8991.41
630.983
9049.91
635.009
8935.46
592.38
9141.63
624.724
8826.67
552.045
9331.16
600.256
8445.38
10567.2
582.943
8477.27
672.55
9452.27
687.199
9220.12
632.709
8940.27
623.028
9052.06
597.436
8977.97
592.732
9008.96
572.232
9007.21
556.26
9011.48
542.166
9011.89
532.421
9010.31
521.468
9020.83
518.692
8994.08
500.313
9068.21
506.54
8929.13
464.885
9183.22
488.191
8803.28
400.002
9419.26
529.977
8315.33
11097.2
467.545
8009.69
576.441
9343.33
559.084
9237.44
444.048
9055.26
409.138
9086.94
343.635
9043.43
303.235
9049.32
303.072
9007.33
318.921
8995.6
336.897
8993.88
359.031
8988.14
380.555
8999.27
407.794
8966.81
426.907
9049.06
458.997
8897.01
471.96
9170.23
516.204
8759.01
528.265
9407.18
639.281
8204.29
11736.5
-28.7021
8038.35
242.24
9072.35
570.534
8909.1
834.745
8791.01
1090.01
8831.64
1274.06
8859.34
1416.12
8907.23
1463.78
8959.63
1510.02
8949.33
1543.36
8960.5
1556.64
8974.83
1555.08
9000.8
1544.06
8977.81
1534.28
9058.82
1519.15
8912.13
1509.48
9179.88
1490.81
8777.68
1455.81
9442.17
624.2
9035.9
12360.7
1354.1
2615.1
2936.23
2499.03
1884.27
1605.78
1624.2
1599.28
1545.21
1496.47
1446.02
1392.52
1306.09
1219.1
1075.52
967.273
787.769
699.827
-166.411
)
;

boundaryField
{
    outletWall
    {
        type            calculated;
        value           nonuniform List<scalar> 
60
(
-63424.8
-86854.2
-56704.8
34558.9
56566.1
52074.2
43947.1
36530.5
30052.9
24644.5
20186.4
16514.5
13488.6
10989.6
8914.84
7176.09
5690.99
4381.12
3167.01
1679.56
594.728
999.434
1257.08
1510.16
1750.5
1986.16
2227.29
2487.77
2778.76
3059.64
3059.68
2778.8
2487.82
2227.35
1986.21
1750.56
1510.21
1257.13
999.471
594.753
-63372.2
-86901.5
-56848.4
34346.7
56503
52047.2
43935.1
36524.6
30050
24642.7
20185.2
16513.8
13488.1
10989.3
8914.59
7175.91
5690.86
4381.02
3166.94
1679.51
)
;
    }
    fineWalls
    {
        type            calculated;
        value           uniform 0;
    }
    fineFrontAndBack
    {
        type            calculated;
        value           nonuniform List<scalar> 
960
(
-2.9515e-14
4.04741e-13
-6.47817e-14
-3.08377e-13
-2.18889e-12
-1.14315e-12
7.42826e-13
-1.50115e-12
-1.93507e-11
7.02536e-12
2.28656e-11
2.00864e-10
-4.73412e-12
-4.20998e-11
-3.00494e-10
-7.92298e-11
-8.91064e-11
-4.87498e-10
-4.3664e-11
-1.90479e-11
-2.59499e-12
-2.21359e-11
-2.30018e-11
-1.79152e-11
-1.38162e-11
-1.72153e-11
-8.39568e-11
-3.36829e-11
-3.80473e-11
-3.97496e-11
-3.37546e-11
-3.2964e-11
-3.46955e-11
-3.29515e-11
-3.09245e-11
-2.4437e-11
-2.04258e-11
-2.6763e-11
-1.81701e-11
4.5363e-11
7.83509e-10
3.99411e-11
8.42385e-12
5.19616e-12
1.1043e-10
-3.36991e-12
-1.18652e-12
3.10476e-11
4.35184e-10
1.26592e-11
-3.17813e-11
-8.19522e-11
-2.45857e-12
1.69877e-13
4.99268e-13
9.08049e-12
6.5152e-13
-1.44515e-11
-4.51934e-11
-7.60893e-10
-3.7095e-11
1.68353e-11
2.93605e-11
2.36304e-11
2.61671e-11
2.89058e-11
2.88564e-11
3.01214e-11
3.39759e-11
4.10266e-11
4.36524e-11
3.66325e-11
3.36711e-11
8.20556e-11
1.72285e-11
1.35241e-11
1.91617e-11
2.44048e-11
2.29964e-11
6.446e-14
-2.0702e-11
-3.28589e-11
-3.46866e-10
-5.78934e-11
-4.47471e-11
-1.50953e-10
-3.40255e-11
-3.63669e-11
-2.08411e-10
-3.97118e-11
-2.64639e-11
-2.94853e-12
1.39622e-12
7.26515e-13
2.51718e-12
2.60727e-11
5.30747e-12
4.20277e-12
2.68717e-12
-8.52868e-13
2.72386e-17
5.53357e-17
-1.11758e-16
-9.81101e-16
-2.66681e-15
-3.3454e-15
-1.16432e-15
1.75604e-16
-4.23231e-15
-1.21376e-14
-1.76122e-14
-1.62882e-14
-2.15917e-14
-3.3424e-14
-3.69397e-14
-6.2632e-14
-9.92694e-14
-2.3357e-14
-1.52553e-12
1.09239e-16
4.26208e-16
5.04674e-16
-1.65719e-15
-8.05341e-15
-1.30699e-14
-5.61855e-15
4.88501e-15
-5.95694e-15
-3.23664e-14
-5.58873e-14
-4.68384e-14
-5.40427e-14
-1.07377e-13
-1.39767e-13
-3.13243e-13
-5.5373e-13
-2.28595e-15
-6.75798e-12
1.34341e-16
1.43495e-15
4.58489e-15
6.76832e-15
-1.66635e-16
-1.3645e-14
-7.31682e-15
2.26024e-14
3.32027e-14
1.6106e-14
-1.42957e-14
1.26796e-14
2.84259e-14
-7.63004e-14
-2.44573e-13
-9.11236e-13
-1.62361e-12
-3.07256e-12
6.12462e-12
-8.03595e-16
2.69098e-15
2.01113e-14
5.74312e-14
8.71499e-14
6.03673e-14
1.2545e-14
7.20177e-14
2.48082e-13
4.1692e-13
4.71489e-13
5.25827e-13
6.63629e-13
4.98951e-13
-2.41554e-13
-2.41399e-12
-4.07284e-12
-2.30937e-12
2.94275e-11
-5.79193e-15
-1.28053e-15
5.38089e-14
2.05095e-13
3.79e-13
3.39086e-13
8.18833e-14
1.51172e-13
8.45808e-13
1.64945e-12
2.02916e-12
2.12139e-12
2.60864e-12
2.29351e-12
-9.06504e-14
-6.27072e-12
-1.15911e-11
3.32254e-11
8.45384e-11
-1.88495e-14
-3.27276e-14
4.71828e-14
3.51967e-13
7.85258e-13
8.01401e-13
1.7668e-13
4.16851e-14
1.42787e-12
3.19787e-12
4.16535e-12
4.37612e-12
5.5356e-12
5.16941e-12
2.22245e-14
-1.42825e-11
-4.8414e-11
-8.10458e-11
-1.0217e-10
-3.04556e-14
-1.60028e-13
-3.49617e-13
-3.64915e-13
8.14384e-14
5.78354e-13
2.05557e-14
-1.37108e-12
-1.26664e-12
-1.72965e-13
9.24024e-13
1.44044e-12
3.9588e-12
6.44697e-12
-6.84063e-13
-2.98339e-11
-1.15688e-10
-2.72125e-10
-3.56643e-10
1.06448e-14
-5.60933e-13
-2.12317e-12
-4.33748e-12
-5.18452e-12
-3.21893e-12
-1.90278e-12
-7.21468e-12
-1.62714e-11
-2.29578e-11
-2.55254e-11
-2.53208e-11
-1.79108e-11
-6.26778e-13
3.04553e-12
7.71611e-12
2.72454e-12
-2.29236e-10
-1.02763e-09
1.63169e-13
-1.49894e-12
-6.30383e-12
-1.37013e-11
-1.85986e-11
-1.63413e-11
-1.23126e-11
-2.13029e-11
-5.3701e-11
-8.25325e-11
-1.0298e-10
-1.09603e-10
-8.40474e-11
-2.59472e-11
1.03408e-11
3.39108e-12
1.55933e-11
-1.99715e-11
-2.92188e-10
2.53068e-13
-2.34454e-12
-9.16008e-12
-1.95467e-11
-2.94058e-11
-3.70839e-11
-3.75576e-11
-3.64963e-11
-9.36684e-11
-1.52072e-10
-2.13757e-10
-2.4345e-10
-2.10694e-10
-2.22097e-10
-1.28553e-10
3.06024e-11
3.96655e-11
5.13645e-12
-2.93872e-12
-2.88522e-13
2.5949e-12
1.03819e-11
2.28608e-11
3.50515e-11
4.17494e-11
2.90477e-11
-1.33918e-11
-1.23281e-11
-1.96809e-11
-2.33253e-11
-2.36043e-11
-1.63289e-11
-4.33476e-12
8.88727e-13
-2.31058e-12
-2.6065e-12
-2.32624e-11
8.93158e-11
-1.75919e-13
1.61285e-12
6.83907e-12
1.51073e-11
2.09541e-11
1.78262e-11
6.99249e-12
-1.53758e-12
4.42134e-12
6.71913e-12
9.11749e-12
1.02728e-11
9.05215e-12
4.99671e-12
-4.10929e-13
-9.84084e-12
-2.65598e-11
1.85592e-11
3.6263e-10
-9.94875e-15
6.01009e-13
2.27203e-12
4.66985e-12
5.63391e-12
3.2502e-12
-3.26082e-14
8.51282e-13
3.68255e-12
5.77217e-12
7.00424e-12
7.39184e-12
6.60906e-12
3.33608e-12
-1.28133e-12
-1.46877e-11
-2.56979e-11
1.97652e-10
9.95998e-10
3.33966e-14
1.71568e-13
3.68716e-13
3.66913e-13
-1.65159e-13
-8.57989e-13
-5.95109e-13
6.67219e-13
1.31396e-12
2.11902e-12
2.47227e-12
2.52206e-12
1.72037e-12
-1.2575e-12
3.45527e-14
2.43005e-11
1.02273e-10
2.49574e-10
3.2662e-10
2.04143e-14
3.50516e-14
-5.29034e-14
-3.89293e-13
-8.86293e-13
-9.73842e-13
-3.18859e-13
2.73746e-13
2.33759e-13
3.69713e-13
4.05547e-13
3.77738e-13
-1.46085e-13
-1.22928e-12
2.77248e-12
2.54362e-11
6.62227e-11
5.11132e-11
-1.58279e-10
6.24097e-15
1.28146e-15
-5.84673e-14
-2.23577e-13
-4.20123e-13
-3.96202e-13
-9.8066e-14
7.01183e-14
-2.05636e-14
-5.73235e-14
-8.62741e-14
-1.02587e-13
-3.11374e-13
-6.09252e-13
8.59981e-13
9.023e-12
3.08719e-11
7.15829e-11
7.77525e-11
8.58664e-16
-2.94976e-15
-2.18169e-14
-6.24474e-14
-9.61476e-14
-6.93144e-14
-4.1576e-15
4.77818e-15
-2.89817e-14
-6.29681e-14
-8.29311e-14
-8.65483e-14
-1.36193e-13
-1.94323e-13
-1.08208e-14
1.41936e-12
8.04832e-12
7.62146e-12
-1.25371e-11
-1.47995e-16
-1.56463e-15
-4.98019e-15
-7.3704e-15
6.18103e-17
1.53815e-14
1.38546e-14
-5.2949e-15
-1.02237e-14
-2.17496e-14
-2.77409e-14
-2.78105e-14
-3.02952e-14
-3.23046e-14
-1.3095e-13
-4.58429e-13
-5.49069e-14
1.8917e-12
-1.0576e-11
-1.18573e-16
-4.62919e-16
-5.46415e-16
1.80737e-15
8.81684e-15
1.4733e-14
8.108e-15
-2.92455e-15
-1.96355e-15
-3.67862e-15
-4.00406e-15
-3.72738e-15
-1.22354e-16
4.0396e-15
-7.63098e-14
-4.29481e-13
-9.96863e-13
-1.84689e-13
3.24998e-12
-2.93644e-17
-5.90538e-17
1.24494e-16
1.07519e-15
2.93707e-15
3.79328e-15
1.59056e-15
-6.04955e-16
-1.87747e-19
3.53523e-16
8.8153e-16
9.80254e-16
2.44919e-15
4.06719e-15
-2.13867e-14
-1.33759e-13
-3.65713e-13
1.69578e-13
-9.56858e-13
2.9515e-14
-4.04741e-13
6.47817e-14
3.08377e-13
2.18889e-12
1.14315e-12
-7.42826e-13
1.50115e-12
1.93507e-11
-7.02536e-12
-2.28656e-11
-2.00864e-10
4.73412e-12
4.20998e-11
3.00494e-10
7.92298e-11
8.91064e-11
4.87498e-10
4.3664e-11
1.90479e-11
2.59499e-12
2.21359e-11
2.30018e-11
1.79152e-11
1.38162e-11
1.72153e-11
8.39568e-11
3.36829e-11
3.80473e-11
3.97496e-11
3.37546e-11
3.2964e-11
3.46955e-11
3.29515e-11
3.09245e-11
2.4437e-11
2.04258e-11
2.6763e-11
1.81701e-11
-4.5363e-11
-7.83509e-10
-3.99411e-11
-8.42385e-12
-5.19616e-12
-1.1043e-10
3.36991e-12
1.18652e-12
-3.10476e-11
-4.35184e-10
-1.26592e-11
3.17813e-11
8.19522e-11
2.45857e-12
-1.69877e-13
-4.99268e-13
-9.08049e-12
-6.5152e-13
1.44515e-11
4.51934e-11
7.60893e-10
3.7095e-11
-1.68353e-11
-2.93605e-11
-2.36304e-11
-2.61671e-11
-2.89058e-11
-2.88564e-11
-3.01214e-11
-3.39759e-11
-4.10266e-11
-4.36524e-11
-3.66325e-11
-3.36711e-11
-8.20556e-11
-1.72285e-11
-1.35241e-11
-1.91617e-11
-2.44048e-11
-2.29964e-11
-6.446e-14
2.0702e-11
3.28589e-11
3.46866e-10
5.78934e-11
4.47471e-11
1.50953e-10
3.40255e-11
3.63669e-11
2.08411e-10
3.97118e-11
2.64639e-11
2.94853e-12
-1.39622e-12
-7.26515e-13
-2.51718e-12
-2.60727e-11
-5.30747e-12
-4.20277e-12
-2.68717e-12
8.52868e-13
-2.72386e-17
-5.53357e-17
1.11758e-16
9.81101e-16
2.66681e-15
3.3454e-15
1.16432e-15
-1.75604e-16
4.23231e-15
1.21376e-14
1.76122e-14
1.62882e-14
2.15917e-14
3.3424e-14
3.69397e-14
6.2632e-14
9.92694e-14
2.3357e-14
1.52553e-12
-1.09239e-16
-4.26208e-16
-5.04674e-16
1.65719e-15
8.05341e-15
1.30699e-14
5.61855e-15
-4.88501e-15
5.95694e-15
3.23664e-14
5.58873e-14
4.68384e-14
5.40427e-14
1.07377e-13
1.39767e-13
3.13243e-13
5.5373e-13
2.28595e-15
6.75798e-12
-1.34341e-16
-1.43495e-15
-4.58489e-15
-6.76832e-15
1.66635e-16
1.3645e-14
7.31682e-15
-2.26024e-14
-3.32027e-14
-1.6106e-14
1.42957e-14
-1.26796e-14
-2.84259e-14
7.63004e-14
2.44573e-13
9.11236e-13
1.62361e-12
3.07256e-12
-6.12462e-12
8.03595e-16
-2.69098e-15
-2.01113e-14
-5.74312e-14
-8.71499e-14
-6.03673e-14
-1.2545e-14
-7.20177e-14
-2.48082e-13
-4.1692e-13
-4.71489e-13
-5.25827e-13
-6.63629e-13
-4.98951e-13
2.41554e-13
2.41399e-12
4.07284e-12
2.30937e-12
-2.94275e-11
5.79193e-15
1.28053e-15
-5.38089e-14
-2.05095e-13
-3.79e-13
-3.39086e-13
-8.18833e-14
-1.51172e-13
-8.45808e-13
-1.64945e-12
-2.02916e-12
-2.12139e-12
-2.60864e-12
-2.29351e-12
9.06504e-14
6.27072e-12
1.15911e-11
-3.32254e-11
-8.45384e-11
1.88495e-14
3.27276e-14
-4.71828e-14
-3.51967e-13
-7.85258e-13
-8.01401e-13
-1.7668e-13
-4.16851e-14
-1.42787e-12
-3.19787e-12
-4.16535e-12
-4.37612e-12
-5.5356e-12
-5.16941e-12
-2.22245e-14
1.42825e-11
4.8414e-11
8.10458e-11
1.0217e-10
3.04556e-14
1.60028e-13
3.49617e-13
3.64915e-13
-8.14384e-14
-5.78354e-13
-2.05557e-14
1.37108e-12
1.26664e-12
1.72965e-13
-9.24024e-13
-1.44044e-12
-3.9588e-12
-6.44697e-12
6.84063e-13
2.98339e-11
1.15688e-10
2.72125e-10
3.56643e-10
-1.06448e-14
5.60933e-13
2.12317e-12
4.33748e-12
5.18452e-12
3.21893e-12
1.90278e-12
7.21468e-12
1.62714e-11
2.29578e-11
2.55254e-11
2.53208e-11
1.79108e-11
6.26778e-13
-3.04553e-12
-7.71611e-12
-2.72454e-12
2.29236e-10
1.02763e-09
-1.63169e-13
1.49894e-12
6.30383e-12
1.37013e-11
1.85986e-11
1.63413e-11
1.23126e-11
2.13029e-11
5.3701e-11
8.25325e-11
1.0298e-10
1.09603e-10
8.40474e-11
2.59472e-11
-1.03408e-11
-3.39108e-12
-1.55933e-11
1.99715e-11
2.92188e-10
-2.53068e-13
2.34454e-12
9.16008e-12
1.95467e-11
2.94058e-11
3.70839e-11
3.75576e-11
3.64963e-11
9.36684e-11
1.52072e-10
2.13757e-10
2.4345e-10
2.10694e-10
2.22097e-10
1.28553e-10
-3.06024e-11
-3.96655e-11
-5.13645e-12
2.93872e-12
2.88522e-13
-2.5949e-12
-1.03819e-11
-2.28608e-11
-3.50515e-11
-4.17494e-11
-2.90477e-11
1.33918e-11
1.23281e-11
1.96809e-11
2.33253e-11
2.36043e-11
1.63289e-11
4.33476e-12
-8.88727e-13
2.31058e-12
2.6065e-12
2.32624e-11
-8.93158e-11
1.75919e-13
-1.61285e-12
-6.83907e-12
-1.51073e-11
-2.09541e-11
-1.78262e-11
-6.99249e-12
1.53758e-12
-4.42134e-12
-6.71913e-12
-9.11749e-12
-1.02728e-11
-9.05215e-12
-4.99671e-12
4.10929e-13
9.84084e-12
2.65598e-11
-1.85592e-11
-3.6263e-10
9.94875e-15
-6.01009e-13
-2.27203e-12
-4.66985e-12
-5.63391e-12
-3.2502e-12
3.26082e-14
-8.51282e-13
-3.68255e-12
-5.77217e-12
-7.00424e-12
-7.39184e-12
-6.60906e-12
-3.33608e-12
1.28133e-12
1.46877e-11
2.56979e-11
-1.97652e-10
-9.95998e-10
-3.33966e-14
-1.71568e-13
-3.68716e-13
-3.66913e-13
1.65159e-13
8.57989e-13
5.95109e-13
-6.67219e-13
-1.31396e-12
-2.11902e-12
-2.47227e-12
-2.52206e-12
-1.72037e-12
1.2575e-12
-3.45527e-14
-2.43005e-11
-1.02273e-10
-2.49574e-10
-3.2662e-10
-2.04143e-14
-3.50516e-14
5.29034e-14
3.89293e-13
8.86293e-13
9.73842e-13
3.18859e-13
-2.73746e-13
-2.33759e-13
-3.69713e-13
-4.05547e-13
-3.77738e-13
1.46085e-13
1.22928e-12
-2.77248e-12
-2.54362e-11
-6.62227e-11
-5.11132e-11
1.58279e-10
-6.24097e-15
-1.28146e-15
5.84673e-14
2.23577e-13
4.20123e-13
3.96202e-13
9.8066e-14
-7.01183e-14
2.05636e-14
5.73235e-14
8.62741e-14
1.02587e-13
3.11374e-13
6.09252e-13
-8.59981e-13
-9.023e-12
-3.08719e-11
-7.15829e-11
-7.77525e-11
-8.58664e-16
2.94976e-15
2.18169e-14
6.24474e-14
9.61476e-14
6.93144e-14
4.1576e-15
-4.77818e-15
2.89817e-14
6.29681e-14
8.29311e-14
8.65483e-14
1.36193e-13
1.94323e-13
1.08208e-14
-1.41936e-12
-8.04832e-12
-7.62146e-12
1.25371e-11
1.47995e-16
1.56463e-15
4.98019e-15
7.3704e-15
-6.18103e-17
-1.53815e-14
-1.38546e-14
5.2949e-15
1.02237e-14
2.17496e-14
2.77409e-14
2.78105e-14
3.02952e-14
3.23046e-14
1.3095e-13
4.58429e-13
5.49069e-14
-1.8917e-12
1.0576e-11
1.18573e-16
4.62919e-16
5.46415e-16
-1.80737e-15
-8.81684e-15
-1.4733e-14
-8.108e-15
2.92455e-15
1.96355e-15
3.67862e-15
4.00406e-15
3.72738e-15
1.22354e-16
-4.0396e-15
7.63098e-14
4.29481e-13
9.96863e-13
1.84689e-13
-3.24998e-12
2.93644e-17
5.90538e-17
-1.24494e-16
-1.07519e-15
-2.93707e-15
-3.79328e-15
-1.59056e-15
6.04955e-16
1.87747e-19
-3.53523e-16
-8.8153e-16
-9.80254e-16
-2.44919e-15
-4.06719e-15
2.13867e-14
1.33759e-13
3.65713e-13
-1.69578e-13
9.56858e-13
)
;
    }
    fineplugLeft
    {
        type            cyclicAMI;
        value           nonuniform List<scalar> 
20
(
-12195.1
-9894.03
-9535.11
-8958.94
-9285.96
-9054.07
-9146.37
-9068.17
-9058.6
-9027.96
-9011.76
-9006.58
-8990.77
-8891.6
-9143.63
-9452.35
-9235.83
-8587.71
-7797.79
-6663.72
)
;
    }
    fineplugRight
    {
        type            cyclicAMI;
        value           nonuniform List<scalar> 
20
(
-12194.3
-9902.19
-9530.17
-8957.26
-9288.17
-9055.79
-9145.86
-9064.32
-9054.36
-9025.35
-9009.31
-9003.48
-8984.62
-8888.89
-9137.89
-9446.47
-9228.25
-8588.03
-7811.4
-6684.32
)
;
    }
    inletOutletLeft
    {
        type            cyclicAMI;
        value           nonuniform List<scalar> 
20
(
12195.1
9894.03
9535.11
8958.94
9285.96
9054.07
9146.37
9068.17
9058.6
9027.96
9011.76
9006.58
8990.77
8891.6
9143.63
9452.35
9235.83
8587.71
7797.79
6663.72
)
;
    }
    inletLeft
    {
        type            calculated;
        value           uniform -9100;
    }
    inletWallsLeft
    {
        type            calculated;
        value           uniform 0;
    }
    inletFacesLeft
    {
        type            calculated;
        value           nonuniform List<scalar> 
800
(
4.02922e-12
2.18642e-11
1.86645e-11
1.7347e-11
1.76923e-11
3.16774e-11
2.66609e-11
1.78635e-11
1.91313e-11
2.15069e-11
1.85136e-11
1.9801e-11
2.19713e-11
2.08231e-11
1.97586e-11
1.56566e-11
1.45341e-11
1.82614e-11
6.16809e-12
-4.07339e-11
1.07973e-12
6.08105e-12
4.2173e-12
4.87143e-12
4.28527e-12
2.13727e-11
2.14482e-11
1.28989e-11
1.377e-11
1.65589e-11
1.35927e-11
1.45659e-11
1.62332e-11
1.4858e-11
1.41648e-11
1.13518e-11
9.96452e-12
1.36886e-11
1.75814e-11
-2.13181e-11
-5.71091e-13
-2.79739e-12
-2.47284e-12
-2.3264e-12
-2.85514e-12
3.72544e-12
4.47335e-12
2.71627e-12
3.58802e-12
4.44045e-12
3.44867e-12
4.11913e-12
4.5541e-12
3.76435e-12
3.68673e-12
3.12794e-12
3.15631e-12
3.92439e-12
6.19192e-12
-4.79612e-12
3.46125e-14
-6.0733e-13
-4.72791e-13
-4.94767e-13
-3.13235e-13
-2.33591e-12
-2.30705e-12
-9.01548e-13
-1.32528e-12
-1.7317e-12
-1.07219e-12
-1.36652e-12
-1.5784e-12
-1.43786e-12
-1.22567e-12
-7.74075e-13
-5.76525e-13
-1.29047e-12
-1.96474e-12
3.61019e-12
2.42942e-14
5.73796e-13
5.10594e-13
4.92596e-13
5.58647e-13
-8.42775e-13
-1.14657e-12
-8.24147e-13
-1.01131e-12
-1.14117e-12
-9.26393e-13
-1.09311e-12
-1.18675e-12
-1.02067e-12
-1.00132e-12
-8.19584e-13
-8.46391e-13
-1.05658e-12
-1.06455e-12
1.94388e-12
-8.16554e-15
-1.65055e-13
-1.52337e-13
-1.45213e-13
-1.87943e-13
7.1455e-13
8.10523e-13
5.0483e-13
6.51251e-13
7.39584e-13
5.61079e-13
6.82602e-13
7.41912e-13
6.53616e-13
6.32302e-13
4.81138e-13
4.67166e-13
6.65897e-13
6.87774e-13
-1.45734e-12
1.46942e-15
2.85405e-14
2.69942e-14
2.56364e-14
3.67079e-14
-2.08093e-13
-2.24553e-13
-1.36021e-13
-1.78389e-13
-2.01273e-13
-1.49504e-13
-1.847e-13
-2.00362e-13
-1.79278e-13
-1.73747e-13
-1.2811e-13
-1.21091e-13
-1.82331e-13
-1.84869e-13
4.26985e-13
-1.83701e-16
-3.4459e-15
-3.3258e-15
-3.15918e-15
-4.96234e-15
3.67881e-14
3.8669e-14
2.31739e-14
3.0786e-14
3.45244e-14
2.52514e-14
3.16866e-14
3.4332e-14
3.11255e-14
3.02874e-14
2.17946e-14
2.0219e-14
3.16648e-14
3.13833e-14
-7.76993e-14
1.73246e-17
3.09633e-16
3.04061e-16
2.89497e-16
4.99925e-16
-4.53319e-15
-4.70795e-15
-2.80757e-15
-3.76987e-15
-4.21487e-15
-3.04032e-15
-3.87767e-15
-4.2034e-15
-3.85844e-15
-3.77193e-15
-2.65699e-15
-2.42611e-15
-3.93002e-15
-3.81769e-15
1.00104e-14
-1.28386e-18
-2.13966e-17
-2.13202e-17
-2.03668e-17
-3.89661e-17
4.13802e-16
4.29476e-16
2.55819e-16
3.4656e-16
3.87769e-16
2.76203e-16
3.58403e-16
3.89523e-16
3.62124e-16
3.55945e-16
2.45935e-16
2.21745e-16
3.70785e-16
3.5347e-16
-9.7032e-16
7.45336e-20
1.16939e-18
1.17327e-18
1.11904e-18
2.39473e-18
-2.88509e-17
-3.02287e-17
-1.80651e-17
-2.46376e-17
-2.77175e-17
-1.95493e-17
-2.5845e-17
-2.82672e-17
-2.66712e-17
-2.64358e-17
-1.79582e-17
-1.61023e-17
-2.78102e-17
-2.59842e-17
7.33257e-17
-3.50582e-21
-5.15576e-20
-5.16637e-20
-4.89223e-20
-1.17074e-19
1.57074e-18
1.66821e-18
1.00409e-18
1.3751e-18
1.56208e-18
1.09566e-18
1.47738e-18
1.63532e-18
1.57297e-18
1.5808e-18
1.06015e-18
9.54974e-19
1.70807e-18
1.54745e-18
-4.37359e-18
1.34671e-22
1.93631e-21
1.9057e-21
1.76603e-21
4.60427e-21
-6.87159e-20
-7.31806e-20
-4.42615e-20
-6.05734e-20
-6.94978e-20
-4.86369e-20
-6.66829e-20
-7.50698e-20
-7.39256e-20
-7.56829e-20
-5.04948e-20
-4.58693e-20
-8.50166e-20
-7.50238e-20
2.06892e-19
-4.49371e-24
-6.46206e-23
-6.04201e-23
-5.45482e-23
-1.48338e-22
2.48239e-21
2.58444e-21
1.55228e-21
2.10114e-21
2.4195e-21
1.6891e-21
2.33071e-21
2.67012e-21
2.69431e-21
2.81089e-21
1.88826e-21
1.71729e-21
3.2842e-21
2.96688e-21
-7.98362e-21
1.41726e-25
1.67844e-24
1.46424e-24
1.32161e-24
3.86758e-24
-7.13205e-23
-7.20157e-23
-4.26157e-23
-5.60577e-23
-6.43675e-23
-4.48883e-23
-6.1433e-23
-7.15548e-23
-7.39769e-23
-7.8663e-23
-5.40408e-23
-4.89915e-23
-9.64534e-23
-9.08012e-23
2.46597e-22
-3.72587e-27
-3.26037e-26
-2.932e-26
-2.45698e-26
-7.63712e-26
1.48043e-24
1.48203e-24
8.70439e-25
1.08576e-24
1.23835e-24
8.68636e-25
1.15831e-24
1.37181e-24
1.4555e-24
1.5859e-24
1.13629e-24
1.03715e-24
2.10563e-24
2.16031e-24
-6.02753e-24
6.91797e-29
4.9281e-28
4.34629e-28
3.43594e-28
1.11246e-27
-2.25581e-26
-2.24577e-26
-1.31025e-26
-1.51736e-26
-1.69132e-26
-1.18591e-26
-1.50415e-26
-1.784e-26
-1.91892e-26
-2.12782e-26
-1.5972e-26
-1.47528e-26
-3.03692e-26
-3.70872e-26
1.12762e-25
-9.70246e-31
-6.44311e-30
-5.71872e-30
-4.43597e-30
-1.44481e-29
3.49761e-28
3.3285e-28
1.88561e-28
2.09456e-28
2.24322e-28
1.52199e-28
1.84215e-28
2.12301e-28
2.24136e-28
2.4474e-28
1.84077e-28
1.67531e-28
3.35345e-28
4.77356e-28
7.0908e-28
1.10399e-32
6.35866e-32
5.33564e-32
4.12878e-32
-1.18557e-31
-3.6845e-30
-3.12151e-30
-1.74335e-30
-1.94566e-30
-1.95995e-30
-1.33568e-30
-1.65095e-30
-1.86928e-30
-1.97356e-30
-2.09439e-30
-1.55047e-30
-1.48934e-30
-4.96201e-30
-7.74829e-29
-9.30378e-28
-1.01946e-34
-3.42115e-34
-2.37512e-34
6.97955e-35
2.67168e-33
1.77605e-32
1.30808e-32
7.24073e-33
7.8044e-33
7.24147e-33
5.02226e-33
6.14472e-33
6.73209e-33
7.00087e-33
7.13241e-33
5.59148e-33
8.53218e-33
4.14344e-32
2.91542e-31
1.09413e-30
-4.02922e-12
-2.18642e-11
-1.86645e-11
-1.7347e-11
-1.76923e-11
-3.16774e-11
-2.66609e-11
-1.78635e-11
-1.91313e-11
-2.15069e-11
-1.85136e-11
-1.9801e-11
-2.19713e-11
-2.08231e-11
-1.97586e-11
-1.56566e-11
-1.45341e-11
-1.82614e-11
-6.16809e-12
4.07339e-11
-1.07973e-12
-6.08105e-12
-4.2173e-12
-4.87143e-12
-4.28527e-12
-2.13727e-11
-2.14482e-11
-1.28989e-11
-1.377e-11
-1.65589e-11
-1.35927e-11
-1.45659e-11
-1.62332e-11
-1.4858e-11
-1.41648e-11
-1.13518e-11
-9.96452e-12
-1.36886e-11
-1.75814e-11
2.13181e-11
5.71091e-13
2.79739e-12
2.47284e-12
2.3264e-12
2.85514e-12
-3.72544e-12
-4.47335e-12
-2.71627e-12
-3.58802e-12
-4.44045e-12
-3.44867e-12
-4.11913e-12
-4.5541e-12
-3.76435e-12
-3.68673e-12
-3.12794e-12
-3.15631e-12
-3.92439e-12
-6.19192e-12
4.79612e-12
-3.46125e-14
6.0733e-13
4.72791e-13
4.94767e-13
3.13235e-13
2.33591e-12
2.30705e-12
9.01548e-13
1.32528e-12
1.7317e-12
1.07219e-12
1.36652e-12
1.5784e-12
1.43786e-12
1.22567e-12
7.74075e-13
5.76525e-13
1.29047e-12
1.96474e-12
-3.61019e-12
-2.42942e-14
-5.73796e-13
-5.10594e-13
-4.92596e-13
-5.58647e-13
8.42775e-13
1.14657e-12
8.24147e-13
1.01131e-12
1.14117e-12
9.26393e-13
1.09311e-12
1.18675e-12
1.02067e-12
1.00132e-12
8.19584e-13
8.46391e-13
1.05658e-12
1.06455e-12
-1.94388e-12
8.16554e-15
1.65055e-13
1.52337e-13
1.45213e-13
1.87943e-13
-7.1455e-13
-8.10523e-13
-5.0483e-13
-6.51251e-13
-7.39584e-13
-5.61079e-13
-6.82602e-13
-7.41912e-13
-6.53616e-13
-6.32302e-13
-4.81138e-13
-4.67166e-13
-6.65897e-13
-6.87774e-13
1.45734e-12
-1.46942e-15
-2.85405e-14
-2.69942e-14
-2.56364e-14
-3.67079e-14
2.08093e-13
2.24553e-13
1.36021e-13
1.78389e-13
2.01273e-13
1.49504e-13
1.847e-13
2.00362e-13
1.79278e-13
1.73747e-13
1.2811e-13
1.21091e-13
1.82331e-13
1.84869e-13
-4.26985e-13
1.83701e-16
3.4459e-15
3.3258e-15
3.15918e-15
4.96234e-15
-3.67881e-14
-3.8669e-14
-2.31739e-14
-3.0786e-14
-3.45244e-14
-2.52514e-14
-3.16866e-14
-3.4332e-14
-3.11255e-14
-3.02874e-14
-2.17946e-14
-2.0219e-14
-3.16648e-14
-3.13833e-14
7.76993e-14
-1.73246e-17
-3.09633e-16
-3.04061e-16
-2.89497e-16
-4.99925e-16
4.53319e-15
4.70795e-15
2.80757e-15
3.76987e-15
4.21487e-15
3.04032e-15
3.87767e-15
4.2034e-15
3.85844e-15
3.77193e-15
2.65699e-15
2.42611e-15
3.93002e-15
3.81769e-15
-1.00104e-14
1.28386e-18
2.13966e-17
2.13202e-17
2.03668e-17
3.89661e-17
-4.13802e-16
-4.29476e-16
-2.55819e-16
-3.4656e-16
-3.87769e-16
-2.76203e-16
-3.58403e-16
-3.89523e-16
-3.62124e-16
-3.55945e-16
-2.45935e-16
-2.21745e-16
-3.70785e-16
-3.5347e-16
9.7032e-16
-7.45336e-20
-1.16939e-18
-1.17327e-18
-1.11904e-18
-2.39473e-18
2.88509e-17
3.02287e-17
1.80651e-17
2.46376e-17
2.77175e-17
1.95493e-17
2.5845e-17
2.82672e-17
2.66712e-17
2.64358e-17
1.79582e-17
1.61023e-17
2.78102e-17
2.59842e-17
-7.33257e-17
3.50582e-21
5.15576e-20
5.16637e-20
4.89223e-20
1.17074e-19
-1.57074e-18
-1.66821e-18
-1.00409e-18
-1.3751e-18
-1.56208e-18
-1.09566e-18
-1.47738e-18
-1.63532e-18
-1.57297e-18
-1.5808e-18
-1.06015e-18
-9.54974e-19
-1.70807e-18
-1.54745e-18
4.37359e-18
-1.34671e-22
-1.93631e-21
-1.9057e-21
-1.76603e-21
-4.60427e-21
6.87159e-20
7.31806e-20
4.42615e-20
6.05734e-20
6.94978e-20
4.86369e-20
6.66829e-20
7.50698e-20
7.39256e-20
7.56829e-20
5.04948e-20
4.58693e-20
8.50166e-20
7.50238e-20
-2.06892e-19
4.49371e-24
6.46206e-23
6.04201e-23
5.45482e-23
1.48338e-22
-2.48239e-21
-2.58444e-21
-1.55228e-21
-2.10114e-21
-2.4195e-21
-1.6891e-21
-2.33071e-21
-2.67012e-21
-2.69431e-21
-2.81089e-21
-1.88826e-21
-1.71729e-21
-3.2842e-21
-2.96688e-21
7.98362e-21
-1.41726e-25
-1.67844e-24
-1.46424e-24
-1.32161e-24
-3.86758e-24
7.13205e-23
7.20157e-23
4.26157e-23
5.60577e-23
6.43675e-23
4.48883e-23
6.1433e-23
7.15548e-23
7.39769e-23
7.8663e-23
5.40408e-23
4.89915e-23
9.64534e-23
9.08012e-23
-2.46597e-22
3.72587e-27
3.26037e-26
2.932e-26
2.45698e-26
7.63712e-26
-1.48043e-24
-1.48203e-24
-8.70439e-25
-1.08576e-24
-1.23835e-24
-8.68636e-25
-1.15831e-24
-1.37181e-24
-1.4555e-24
-1.5859e-24
-1.13629e-24
-1.03715e-24
-2.10563e-24
-2.16031e-24
6.02753e-24
-6.91797e-29
-4.9281e-28
-4.34629e-28
-3.43594e-28
-1.11246e-27
2.25581e-26
2.24577e-26
1.31025e-26
1.51736e-26
1.69132e-26
1.18591e-26
1.50415e-26
1.784e-26
1.91892e-26
2.12782e-26
1.5972e-26
1.47528e-26
3.03692e-26
3.70872e-26
-1.12762e-25
9.70246e-31
6.44311e-30
5.71872e-30
4.43597e-30
1.44481e-29
-3.49761e-28
-3.3285e-28
-1.88561e-28
-2.09456e-28
-2.24322e-28
-1.52199e-28
-1.84215e-28
-2.12301e-28
-2.24136e-28
-2.4474e-28
-1.84077e-28
-1.67531e-28
-3.35345e-28
-4.77356e-28
-7.0908e-28
-1.10399e-32
-6.35866e-32
-5.33564e-32
-4.12878e-32
1.18557e-31
3.6845e-30
3.12151e-30
1.74335e-30
1.94566e-30
1.95995e-30
1.33568e-30
1.65095e-30
1.86928e-30
1.97356e-30
2.09439e-30
1.55047e-30
1.48934e-30
4.96201e-30
7.74829e-29
9.30378e-28
1.01946e-34
3.42115e-34
2.37512e-34
-6.97955e-35
-2.67168e-33
-1.77605e-32
-1.30808e-32
-7.24073e-33
-7.8044e-33
-7.24147e-33
-5.02226e-33
-6.14472e-33
-6.73209e-33
-7.00087e-33
-7.13241e-33
-5.59148e-33
-8.53218e-33
-4.14344e-32
-2.91542e-31
-1.09413e-30
)
;
    }
    inletOutletRight
    {
        type            cyclicAMI;
        value           nonuniform List<scalar> 
20
(
12194.3
9902.19
9530.17
8957.26
9288.17
9055.79
9145.86
9064.32
9054.36
9025.35
9009.31
9003.48
8984.62
8888.89
9137.89
9446.47
9228.25
8588.03
7811.4
6684.32
)
;
    }
    inletRight
    {
        type            calculated;
        value           uniform -9100;
    }
    inletWallsRight
    {
        type            calculated;
        value           uniform 0;
    }
    inletFacesRight
    {
        type            calculated;
        value           nonuniform List<scalar> 
800
(
-1.02184e-34
-3.43139e-34
-2.39078e-34
7.02687e-35
2.67913e-33
1.77973e-32
1.3068e-32
7.24582e-33
7.8698e-33
7.67736e-33
7.16203e-33
6.86394e-33
6.83133e-33
7.04565e-33
7.64281e-33
8.74007e-33
1.20456e-32
3.30198e-32
2.01313e-31
7.42573e-31
1.10949e-32
6.39136e-32
5.38386e-32
4.13548e-32
-1.1921e-31
-3.69121e-30
-3.10951e-30
-1.74056e-30
-1.94985e-30
-2.00529e-30
-1.92371e-30
-1.87862e-30
-1.89671e-30
-1.96936e-30
-2.13694e-30
-2.38282e-30
-2.78119e-30
-4.73392e-30
-5.3506e-29
-6.37113e-28
-9.78415e-31
-6.48616e-30
-5.77888e-30
-4.44555e-30
-1.44297e-29
3.50315e-28
3.30374e-28
1.87876e-28
2.0965e-28
2.2322e-28
2.16995e-28
2.12868e-28
2.15341e-28
2.23234e-28
2.41392e-28
2.68121e-28
3.13963e-28
3.90531e-28
3.17655e-28
5.19496e-28
7.00055e-29
4.96683e-28
4.39214e-28
3.43952e-28
1.11015e-27
-2.25355e-26
-2.21423e-26
-1.30054e-26
-1.51311e-26
-1.67588e-26
-1.68042e-26
-1.70535e-26
-1.78138e-26
-1.90031e-26
-2.09573e-26
-2.36609e-26
-2.76372e-26
-3.44929e-26
-2.39973e-26
7.58354e-26
-3.78093e-27
-3.29118e-26
-2.95855e-26
-2.45583e-26
-7.61698e-26
1.47598e-24
1.45066e-24
8.62599e-25
1.08047e-24
1.22543e-24
1.24071e-24
1.27685e-24
1.34487e-24
1.43627e-24
1.56595e-24
1.73221e-24
1.93402e-24
2.32032e-24
1.35329e-24
-4.02003e-24
1.443e-25
1.6914e-24
1.44898e-24
1.31347e-24
3.86006e-24
-7.11236e-23
-7.01183e-23
-4.23268e-23
-5.58337e-23
-6.38056e-23
-6.4213e-23
-6.60029e-23
-6.90971e-23
-7.28853e-23
-7.79842e-23
-8.37409e-23
-8.97908e-23
-1.03787e-22
-5.60144e-23
1.63362e-22
-4.59671e-24
-6.2496e-23
-5.4093e-23
-5.04067e-23
-1.48241e-22
2.48255e-21
2.50836e-21
1.54947e-21
2.09913e-21
2.40606e-21
2.39663e-21
2.45083e-21
2.54509e-21
2.65134e-21
2.79913e-21
2.93581e-21
3.06813e-21
3.46931e-21
1.82735e-21
-5.26047e-21
1.38595e-22
1.95832e-21
1.90591e-21
1.76221e-21
4.60866e-21
-6.89455e-20
-7.07891e-20
-4.44441e-20
-6.06907e-20
-6.92806e-20
-6.79135e-20
-6.87774e-20
-7.06349e-20
-7.25909e-20
-7.57052e-20
-7.7824e-20
-7.95774e-20
-8.88109e-20
-4.69618e-20
1.35833e-19
-3.60701e-21
-5.23403e-20
-5.17279e-20
-4.88452e-20
-1.17279e-19
1.57936e-18
1.60613e-18
1.01506e-18
1.38059e-18
1.55926e-18
1.49782e-18
1.49768e-18
1.51935e-18
1.54078e-18
1.59013e-18
1.60536e-18
1.60903e-18
1.77907e-18
9.96592e-19
-2.86017e-18
7.67863e-20
1.18801e-18
1.16902e-18
1.11487e-18
2.40052e-18
-2.90613e-17
-2.89554e-17
-1.84157e-17
-2.47889e-17
-2.76957e-17
-2.60991e-17
-2.58019e-17
-2.5946e-17
-2.6066e-17
-2.67919e-17
-2.66478e-17
-2.63562e-17
-2.89262e-17
-1.71823e-17
4.77009e-17
-1.303e-18
-2.18131e-17
-2.11501e-17
-2.02375e-17
-3.90977e-17
4.17887e-16
4.09542e-16
2.63493e-16
3.49753e-16
3.87951e-16
3.59912e-16
3.52753e-16
3.5329e-16
3.53093e-16
3.64153e-16
3.57854e-16
3.5212e-16
3.8402e-16
2.39449e-16
-6.29007e-16
1.76475e-17
3.14166e-16
2.98473e-16
2.86704e-16
5.02278e-16
-4.59669e-15
-4.47409e-15
-2.92775e-15
-3.82133e-15
-4.22367e-15
-3.86925e-15
-3.76447e-15
-3.76687e-15
-3.75275e-15
-3.90301e-15
-3.79219e-15
-3.73128e-15
-4.04124e-15
-2.63997e-15
6.46677e-15
-1.88715e-16
-3.47193e-15
-3.224e-15
-3.11727e-15
-4.99385e-15
3.75448e-14
3.6666e-14
2.45189e-14
3.13943e-14
3.46656e-14
3.14263e-14
3.03396e-14
3.03897e-14
3.01904e-14
3.17671e-14
3.04807e-14
3.00597e-14
3.22746e-14
2.21288e-14
-5.00615e-14
1.50691e-15
2.84898e-14
2.57614e-14
2.51767e-14
3.70154e-14
-2.14457e-13
-2.12693e-13
-1.46333e-13
-1.83301e-13
-2.02553e-13
-1.82145e-13
-1.74215e-13
-1.74988e-13
-1.73385e-13
-1.85191e-13
-1.75041e-13
-1.73274e-13
-1.83865e-13
-1.33064e-13
2.75062e-13
-8.28208e-15
-1.62005e-13
-1.42029e-13
-1.41561e-13
-1.90088e-13
7.48978e-13
7.68663e-13
5.5391e-13
6.7546e-13
7.47158e-13
6.69111e-13
6.31708e-13
6.37448e-13
6.30602e-13
6.87832e-13
6.36645e-13
6.34566e-13
6.61363e-13
5.0873e-13
-9.46088e-13
2.30436e-14
5.40964e-13
4.54239e-13
4.72765e-13
5.6959e-13
-9.39272e-13
-1.11082e-12
-9.29339e-13
-1.06099e-12
-1.17892e-12
-1.07018e-12
-9.77353e-13
-9.91015e-13
-9.84762e-13
-1.12541e-12
-9.92528e-13
-1.01379e-12
-1.01895e-12
-8.48297e-13
1.33748e-12
4.62504e-14
-4.31568e-13
-3.02623e-13
-4.33309e-13
-3.54097e-13
-2.31324e-12
-2.01141e-12
-9.82161e-13
-1.45091e-12
-1.52819e-12
-1.30943e-12
-1.33791e-12
-1.38169e-12
-1.33234e-12
-1.34384e-12
-1.38597e-12
-1.26928e-12
-1.29147e-12
-1.261e-12
1.96021e-12
-6.09443e-13
-3.16103e-12
-2.64082e-12
-2.39314e-12
-2.764e-12
4.21568e-12
3.93813e-12
3.1476e-12
4.19272e-12
4.33662e-12
3.73538e-12
3.64606e-12
3.84088e-12
3.74806e-12
4.32737e-12
3.95711e-12
4.16055e-12
3.76255e-12
4.84778e-12
-2.13053e-12
1.05121e-12
5.61941e-12
3.58473e-12
4.72424e-12
4.24894e-12
2.17289e-11
2.0343e-11
1.36377e-11
1.42278e-11
1.64274e-11
1.54947e-11
1.4488e-11
1.42794e-11
1.40307e-11
1.49709e-11
1.42779e-11
1.402e-11
1.45214e-11
1.39611e-11
-1.1289e-11
4.27229e-12
2.29511e-11
1.89102e-11
1.75056e-11
1.73635e-11
3.20141e-11
2.64412e-11
1.82822e-11
1.88142e-11
2.26131e-11
2.15321e-11
1.94451e-11
1.91489e-11
1.93501e-11
2.01554e-11
1.90945e-11
1.92147e-11
1.98791e-11
3.61544e-12
-2.90435e-11
1.02184e-34
3.43139e-34
2.39078e-34
-7.02687e-35
-2.67913e-33
-1.77973e-32
-1.3068e-32
-7.24582e-33
-7.8698e-33
-7.67736e-33
-7.16203e-33
-6.86394e-33
-6.83133e-33
-7.04565e-33
-7.64281e-33
-8.74007e-33
-1.20456e-32
-3.30198e-32
-2.01313e-31
-7.42573e-31
-1.10949e-32
-6.39136e-32
-5.38386e-32
-4.13548e-32
1.1921e-31
3.69121e-30
3.10951e-30
1.74056e-30
1.94985e-30
2.00529e-30
1.92371e-30
1.87862e-30
1.89671e-30
1.96936e-30
2.13694e-30
2.38282e-30
2.78119e-30
4.73392e-30
5.3506e-29
6.37113e-28
9.78415e-31
6.48616e-30
5.77888e-30
4.44555e-30
1.44297e-29
-3.50315e-28
-3.30374e-28
-1.87876e-28
-2.0965e-28
-2.2322e-28
-2.16995e-28
-2.12868e-28
-2.15341e-28
-2.23234e-28
-2.41392e-28
-2.68121e-28
-3.13963e-28
-3.90531e-28
-3.17655e-28
-5.19496e-28
-7.00055e-29
-4.96683e-28
-4.39214e-28
-3.43952e-28
-1.11015e-27
2.25355e-26
2.21423e-26
1.30054e-26
1.51311e-26
1.67588e-26
1.68042e-26
1.70535e-26
1.78138e-26
1.90031e-26
2.09573e-26
2.36609e-26
2.76372e-26
3.44929e-26
2.39973e-26
-7.58354e-26
3.78093e-27
3.29118e-26
2.95855e-26
2.45583e-26
7.61698e-26
-1.47598e-24
-1.45066e-24
-8.62599e-25
-1.08047e-24
-1.22543e-24
-1.24071e-24
-1.27685e-24
-1.34487e-24
-1.43627e-24
-1.56595e-24
-1.73221e-24
-1.93402e-24
-2.32032e-24
-1.35329e-24
4.02003e-24
-1.443e-25
-1.6914e-24
-1.44898e-24
-1.31347e-24
-3.86006e-24
7.11236e-23
7.01183e-23
4.23268e-23
5.58337e-23
6.38056e-23
6.4213e-23
6.60029e-23
6.90971e-23
7.28853e-23
7.79842e-23
8.37409e-23
8.97908e-23
1.03787e-22
5.60144e-23
-1.63362e-22
4.59671e-24
6.2496e-23
5.4093e-23
5.04067e-23
1.48241e-22
-2.48255e-21
-2.50836e-21
-1.54947e-21
-2.09913e-21
-2.40606e-21
-2.39663e-21
-2.45083e-21
-2.54509e-21
-2.65134e-21
-2.79913e-21
-2.93581e-21
-3.06813e-21
-3.46931e-21
-1.82735e-21
5.26047e-21
-1.38595e-22
-1.95832e-21
-1.90591e-21
-1.76221e-21
-4.60866e-21
6.89455e-20
7.07891e-20
4.44441e-20
6.06907e-20
6.92806e-20
6.79135e-20
6.87774e-20
7.06349e-20
7.25909e-20
7.57052e-20
7.7824e-20
7.95774e-20
8.88109e-20
4.69618e-20
-1.35833e-19
3.60701e-21
5.23403e-20
5.17279e-20
4.88452e-20
1.17279e-19
-1.57936e-18
-1.60613e-18
-1.01506e-18
-1.38059e-18
-1.55926e-18
-1.49782e-18
-1.49768e-18
-1.51935e-18
-1.54078e-18
-1.59013e-18
-1.60536e-18
-1.60903e-18
-1.77907e-18
-9.96592e-19
2.86017e-18
-7.67863e-20
-1.18801e-18
-1.16902e-18
-1.11487e-18
-2.40052e-18
2.90613e-17
2.89554e-17
1.84157e-17
2.47889e-17
2.76957e-17
2.60991e-17
2.58019e-17
2.5946e-17
2.6066e-17
2.67919e-17
2.66478e-17
2.63562e-17
2.89262e-17
1.71823e-17
-4.77009e-17
1.303e-18
2.18131e-17
2.11501e-17
2.02375e-17
3.90977e-17
-4.17887e-16
-4.09542e-16
-2.63493e-16
-3.49753e-16
-3.87951e-16
-3.59912e-16
-3.52753e-16
-3.5329e-16
-3.53093e-16
-3.64153e-16
-3.57854e-16
-3.5212e-16
-3.8402e-16
-2.39449e-16
6.29007e-16
-1.76475e-17
-3.14166e-16
-2.98473e-16
-2.86704e-16
-5.02278e-16
4.59669e-15
4.47409e-15
2.92775e-15
3.82133e-15
4.22367e-15
3.86925e-15
3.76447e-15
3.76687e-15
3.75275e-15
3.90301e-15
3.79219e-15
3.73128e-15
4.04124e-15
2.63997e-15
-6.46677e-15
1.88715e-16
3.47193e-15
3.224e-15
3.11727e-15
4.99385e-15
-3.75448e-14
-3.6666e-14
-2.45189e-14
-3.13943e-14
-3.46656e-14
-3.14263e-14
-3.03396e-14
-3.03897e-14
-3.01904e-14
-3.17671e-14
-3.04807e-14
-3.00597e-14
-3.22746e-14
-2.21288e-14
5.00615e-14
-1.50691e-15
-2.84898e-14
-2.57614e-14
-2.51767e-14
-3.70154e-14
2.14457e-13
2.12693e-13
1.46333e-13
1.83301e-13
2.02553e-13
1.82145e-13
1.74215e-13
1.74988e-13
1.73385e-13
1.85191e-13
1.75041e-13
1.73274e-13
1.83865e-13
1.33064e-13
-2.75062e-13
8.28208e-15
1.62005e-13
1.42029e-13
1.41561e-13
1.90088e-13
-7.48978e-13
-7.68663e-13
-5.5391e-13
-6.7546e-13
-7.47158e-13
-6.69111e-13
-6.31708e-13
-6.37448e-13
-6.30602e-13
-6.87832e-13
-6.36645e-13
-6.34566e-13
-6.61363e-13
-5.0873e-13
9.46088e-13
-2.30436e-14
-5.40964e-13
-4.54239e-13
-4.72765e-13
-5.6959e-13
9.39272e-13
1.11082e-12
9.29339e-13
1.06099e-12
1.17892e-12
1.07018e-12
9.77353e-13
9.91015e-13
9.84762e-13
1.12541e-12
9.92528e-13
1.01379e-12
1.01895e-12
8.48297e-13
-1.33748e-12
-4.62504e-14
4.31568e-13
3.02623e-13
4.33309e-13
3.54097e-13
2.31324e-12
2.01141e-12
9.82161e-13
1.45091e-12
1.52819e-12
1.30943e-12
1.33791e-12
1.38169e-12
1.33234e-12
1.34384e-12
1.38597e-12
1.26928e-12
1.29147e-12
1.261e-12
-1.96021e-12
6.09443e-13
3.16103e-12
2.64082e-12
2.39314e-12
2.764e-12
-4.21568e-12
-3.93813e-12
-3.1476e-12
-4.19272e-12
-4.33662e-12
-3.73538e-12
-3.64606e-12
-3.84088e-12
-3.74806e-12
-4.32737e-12
-3.95711e-12
-4.16055e-12
-3.76255e-12
-4.84778e-12
2.13053e-12
-1.05121e-12
-5.61941e-12
-3.58473e-12
-4.72424e-12
-4.24894e-12
-2.17289e-11
-2.0343e-11
-1.36377e-11
-1.42278e-11
-1.64274e-11
-1.54947e-11
-1.4488e-11
-1.42794e-11
-1.40307e-11
-1.49709e-11
-1.42779e-11
-1.402e-11
-1.45214e-11
-1.39611e-11
1.1289e-11
-4.27229e-12
-2.29511e-11
-1.89102e-11
-1.75056e-11
-1.73635e-11
-3.20141e-11
-2.64412e-11
-1.82822e-11
-1.88142e-11
-2.26131e-11
-2.15321e-11
-1.94451e-11
-1.91489e-11
-1.93501e-11
-2.01554e-11
-1.90945e-11
-1.92147e-11
-1.98791e-11
-3.61544e-12
2.90435e-11
)
;
    }
}


// ************************************************************************* //
