/*--------------------------------*- C++ -*----------------------------------*\
| =========                 |                                                 |
| \\      /  F ield         | OpenFOAM: The Open Source CFD Toolbox           |
|  \\    /   O peration     | Version:  4.1                                   |
|   \\  /    A nd           | Web:      www.OpenFOAM.org                      |
|    \\/     M anipulation  |                                                 |
\*---------------------------------------------------------------------------*/
FoamFile
{
    version     2.0;
    format      ascii;
    class       surfaceScalarField;
    location    "13";
    object      phi;
}
// * * * * * * * * * * * * * * * * * * * * * * * * * * * * * * * * * * * * * //

dimensions      [0 3 -1 0 0 0 0];

internalField   nonuniform List<scalar> 
2360
(
31237.9
35770.7
-4532.82
35770.7
35770.7
42315.6
-6544.91
42315.6
42315.6
42315.6
52537.3
-10221.7
52537.3
52537.3
67862.7
-15325.4
67862.7
67862.7
92082.7
-24220
92082.7
92082.7
124327
-32244.2
124327
124327
132634
148089
165002
181174
196168
209970
167729
55322
179679
190614
200558
209544
217607
224787
231120
236633
241333
245219
248249
250330
251005
125937
125068
125937
125937
125937
31819
94118.3
31819
31819
31819
2881.1
28937.9
2881.09
2881.09
-14424.8
17305.9
-14424.8
-14424.8
-14424.8
-107501
93076
-107501
-107501
-107501
-235237
127736
-231850
-227212
-221415
-214775
-207493
-199751
-191656
-183234
-174457
-165305
-155780
-145881
-135567
-159768
35007
-148559
-136493
-123422
-109545
-96141.1
-88244
-88244
-88244
-54446.5
-33797.5
-54446.5
-54446.5
-32354.4
-22092.1
-32354.4
-32354.4
-15763
-16591.4
-15763
-15763
-5088.68
-10674.3
-5088.68
-5088.68
-5088.68
4599.9
-9688.57
4599.9
4599.9
15010.7
-10410.8
-82815.4
-68075.1
-68353.8
-72458
-42823.2
-24916.8
-30545.8
53087.2
-26615.3
101218
-23234
120111
-19601
131079
-15748.9
132264
-11448.8
120531
-6792.55
95211.6
-1991.77
68133.8
9993.37
13742.7
22357.1
-37156
28044
-46300.3
26425.4
-12529.3
20013.9
25367.2
14781.2
33061.3
12086.5
29741
9957.93
-99237.2
-67952.6
-84840
-86855.1
-48671.1
-61085.8
-27097.8
31513.9
-25632.3
99752.8
-24000.4
118479
-20466.7
127546
-16741.7
128539
-12358.1
116147
-7347.29
90200.8
-1206.93
61993.4
16528.6
-3992.8
32407.7
-53035.1
39754.2
-53646.9
36951.6
-9726.65
25760.4
36558.4
15973.7
42848
10338.6
35376.1
10607.9
-93163.1
-69472.6
-83311.6
-96706.7
-55886.1
-88511.2
-28194.9
3822.72
-23030
94588
-24752
120201
-22021.2
124815
-18334.4
124852
-14007.6
111820
-8723.31
84916.5
-159.191
53429.3
19480.9
-23632.9
32772.3
-66326.6
37769.9
-58644.5
37436
-9392.77
29798.3
44196.1
19118.6
53527.8
10939.7
43555
10873.3
-73953.4
-75317.3
-65143.1
-105517
-52829.5
-100825
-31344.3
-17662.5
-21995.5
85239.2
-24418.6
122624
-24209.1
124605
-20642
121285
-16261.6
107440
-10860.1
79515
-826.741
43396
14768.6
-39228.2
20942.8
-72500.8
20790.7
-58492.4
24675.1
-13277.2
26748.4
42122.8
21391
58885.2
15128.8
49817.2
9410.71
-52855.7
-82520.6
-47226
-111147
-46674
-101377
-35748.7
-28587.8
-24897.7
74388.2
-23944.3
121671
-26246
126907
-23992.9
119032
-20606.9
104054
-19633
78541.1
-9916.63
33679.7
1056.18
-50201
-2471.8
-68972.8
-5571.83
-55392.4
3354.56
-22203.6
15828
29649.3
19686.3
55026.9
18300.8
51202.7
5619.45
-44453
-85940.9
-45543.3
-110056
-50381.1
-96539
-44138.6
-34830.3
-31914.1
62163.6
-25846.9
115603
-27788.4
128849
-27725.8
118969
-24908.6
101237
-22264.3
75896.8
-14350.1
25765.5
-15227.3
-49323.8
-26817.6
-57382.5
-30976.5
-51233.5
-22365.1
-30814.9
-3335.88
10620.1
11182.6
40508.4
22332.8
40052.5
-5845.25
-47219.4
-84493
-54962
-102314
-62289.8
-89211.2
-56841.9
-40278.2
-42591.7
47913.4
-31633.4
104645
-29995
127210
-31454.8
120429
-30583.3
100365
-24709.7
70023.3
-19025.1
20080.8
-34254.5
-34094.4
-52187.7
-39449.3
-59788.7
-43632.5
-54965.7
-35637.9
-32839
-11506.6
-4698.58
12368
15414.2
19939.8
44576
-54440.7
-79699.4
-66651.9
-90102.5
-75984.3
-79878.8
-71652
-44610.6
-55939.9
32201.4
-41382.6
90087.8
-34798.2
120626
-35506.4
121137
-36873.6
101733
-34785.6
67935.2
-39995.1
25290.3
-63297.3
-10792.1
-80465.4
-22281.3
-91299.8
-32798.1
-95733.9
-31203.8
-91071.5
-16169.1
-84740.5
6037.04
-96184.5
31383.8
76127.6
-62181.7
-72678.3
-77558.4
-74725.9
-89128
-68309.2
-87077.6
-46661
-71297.7
16421.5
-54974.6
73764.7
-44356.8
110008
-42097.7
118878
-44214.3
103849
-49673.5
73394.4
-67692.8
43309.6
-92719.4
14234.4
-107953
-7047.43
-117994
-22757.4
-124683
-24514.4
-127201
-13651
-125311
4146.6
-118145
24217.9
51058.6
-69116.5
-63808.4
-87130.2
-56712.2
-101076
-54362.9
-102447
-45290.3
-88207.2
2181.58
-71192.8
56750.3
-58012
96827.1
-51977.3
112843
-53786.8
105659
-66312
85919.5
-89654.5
66652.2
-110669
35248.8
-120223
2507.05
-124898
-18082.5
-126456
-22957.2
-122499
-17607.1
-108611
-9742.1
-77702.8
-6690.07
-9338.33
-74388.9
-53536.1
-94305.1
-36796
-110439
-38229
-116638
-39091
-106681
-7775.36
-89580.6
39649.5
-74058.9
81305.4
-65376
104160
-68058.7
108341
-83691.1
101552
-102383
85343.9
-111913
44779.2
-114351
4944.38
-117427
-15005.8
-119937
-20447.6
-118309
-19234.4
-107486
-20565.4
-79971
-34205.3
-60371.4
-76799.9
-42840.4
-97166.3
-16429.6
-114579
-20816.1
-126386
-27284.6
-125388
-8772.42
-113066
27327.3
-97905.1
66144.3
-88693.8
94949
-90331.1
109979
-99182.9
110404
-102059
88220.1
-94580.7
37300.8
-88268.4
-1367.89
-90517.3
-12756.9
-97949.5
-13015.4
-107096
-10088
-115161
-12500.7
-116070
-33295.9
-82323.1
-75052.2
-33310.7
-93908.6
2426.73
-111224
-3500.56
-126761
-11747.6
-135207
-326.352
-133237
25357.5
-124473
57379.7
-115851
86327.5
-110342
104469
-102967
103029
-85811.6
71065
-65643.2
17132.5
-55396.3
-11614.8
-53434.5
-14718.7
-54455.3
-11994.5
-57649.6
-6893.76
-67470
-2680.31
-92173
-8592.9
-49428.4
-68049.4
-27292
-83346
17723.3
-100122
13275.9
-116505
4635.29
-129196
12363.9
-135211
31373.2
-133588
55755.9
-125318
78057.5
-110697
89848.9
-87624.3
79955.6
-57406.2
40846.9
-36125.4
-4148.3
-29759.8
-17980.4
-27550.1
-16928.5
-23364.8
-16179.9
-14815
-15443.5
-2908.67
-14586.6
-145.917
-11355.6
5747.71
-58352.1
-26208.9
-68450.7
27822
-83900
28725.2
-99510.2
20245.5
-112390
25243.9
-120611
39594
-121344
56489.1
-111742
68455.8
-90460.1
68566.6
-59269
48764.4
-28414.3
9992.29
-13240.4
-19322.2
-10696.3
-20524.4
-10195.5
-17429.3
-7846.36
-18529
-3676.92
-19613
963.603
-19227.2
14752.9
-25144.9
-11743.7
-49345.5
-29859.3
-53681.4
32157.9
-67012.7
42056.5
-81444.8
34677.6
-92960.1
36759.2
-99752.7
46386.5
-98425.5
55161.8
-84533.4
54563.7
-57185
41218.2
-23114.7
14694
-2007.4
-11115
2375.31
-23704.9
1896.13
-20045.3
68.2615
-15601.4
-362.713
-18098.1
511.255
-20486.9
2125.76
-20841.7
12644.9
-35664.1
-23318.7
-42779.1
-37007.6
-41084.1
30462.9
-51196.4
52168.8
-64433.5
47914.7
-74761.3
47087
-79088.1
50713.4
-72789.3
48863
-51750.7
33525.1
-21408.7
10876.2
257.04
-6971.66
5386.84
-16244.8
4657.75
-22975.9
5181.24
-20568.7
5453.25
-15873.4
3770.82
-16415.6
2976.72
-19692.8
4002.25
-21867.2
9482.1
-41143.9
-29162
-38756.4
-45983.3
-31437.1
23143.6
-37491.8
58223.5
-49399.4
59822.3
-58769
56456.6
-60245.9
52190.3
-47991.7
36608.8
-23354.8
8888.17
-4352.99
-8125.55
879.877
-12204.5
1802.58
-17167.5
2861.6
-24034.9
4982
-22689.1
6826.25
-17717.7
5772.56
-15361.9
4434.94
-18355.2
5045.92
-22478.2
7874.58
-43972.6
-31509.1
-38268.8
-54406.2
-25863.7
10738.5
-25965.9
58325.7
-35940.9
69797.2
-45480.4
65996.2
-45284.4
51994.4
-29962.4
21286.7
-12835.5
-8238.71
-5556.1
-15405
-1968.23
-15792.4
1042.76
-20178.5
2918.56
-25910.7
4752.8
-24523.4
6108.31
-19073.2
5421.69
-14675.3
4598.5
-17532
5182.54
-23062.2
6912.18
-45702.2
-31141.9
-41189.5
-27729.2
-19332
-21705.4
-27829.5
-28857.6
-20401.6
-11847.3
-7211.5
-3104.08
334.732
2780.37
4622.13
5735.69
5170.31
4817.18
5369.81
6542.62
3738.05
-12045.2
7294.39
-19011
9888.49
-19507.8
12002.4
-18285.9
13954.5
-16945.4
15754.6
-15602.3
16976.8
-14303
18024.5
-12998
18779.2
-11690.2
19221
-10385.2
19325.3
-9090.92
19068.5
-7806.28
18423.4
-6534.87
17363.3
-5272.36
15862.5
-4012.5
13864.7
-2701.58
11259.4
-1281.31
7936.79
292.792
4270.28
1585.09
3595.78
4360.45
-16405.6
5323.78
-19974.3
5067.27
-19251.3
4914.06
-18132.7
5108.89
-17140.2
5529.94
-16023.3
6022.13
-14795.2
6467.27
-13443.1
6817.8
-12040.7
7017.27
-10584.7
7014.05
-9087.71
6751.28
-7543.5
6192.12
-5975.7
5352.35
-4432.59
4300.19
-2960.33
3138.21
-1539.59
1956.29
-99.3734
712.561
1536.53
-410.969
2708.62
3184.81
552.462
-16958.1
-982.086
-18439.7
-2439.25
-17794.1
-3615.14
-16956.8
-4709.51
-16045.8
-5747.26
-14985.6
-6768.45
-13774
-7782.16
-12429.4
-8807.69
-11015.2
-9859.85
-9532.51
-10952
-7995.54
-12087.6
-6407.86
-13237.6
-4825.73
-14287.6
-3382.58
-15014.9
-2233.05
-15055.7
-1498.77
-13897.3
-1257.78
-10876
-1484.81
-5954.05
-2213.27
-2769.24
-2318.62
-14639.5
-4378.96
-16379.4
-6302.56
-15870.5
-8300.39
-14958.9
-10476.5
-13869.7
-12653.8
-12808.3
-14755.3
-11672.5
-16781.1
-10403.6
-18772.9
-9023.37
-20740.2
-7565.19
-22645.7
-6090.09
-24362.3
-4691.28
-25649.5
-3538.53
-26130.3
-2901.71
-25313.2
-3050.2
-22738.7
-4073.3
-18158.2
-5838.24
-11724.9
-7918.13
-4730.92
-9207.2
-7500.16
-1852.87
-12786.6
-2706.11
-15526.1
-3689.1
-14887.5
-4816.17
-13831.9
-6121.76
-12564.1
-7494.86
-11435.2
-8728.86
-10438.5
-9717.18
-9415.23
-10406.6
-8333.9
-10769.6
-7202.21
-10792.8
-6066.87
-10459.4
-5024.71
-9736.97
-4260.96
-8583.82
-4054.85
-6964.73
-4669.29
-4910.38
-6127.65
-2729.77
-8018.85
-1005.82
-9642.09
-274.219
-9938.8
-7774.38
-250.6
-12536
190.509
-15967.3
627.951
-15324.9
973.317
-14177.2
1272.36
-12863.1
1529.63
-11692.4
1877.55
-10786.4
2431.88
-9969.57
3284.65
-9186.67
4488.56
-8406.11
6046.07
-7624.39
7866.99
-6845.63
9722.42
-6116.38
11216.4
-5548.83
11842.9
-5295.83
11196.8
-5481.5
9207.63
-6029.69
6198.54
-6632.99
2897.73
-6637.99
-4876.65
288.422
-12824.4
1143.19
-16822
1882.26
-16064
2443.04
-14738
3006.06
-13426.1
3610.78
-12297.1
4250.38
-11426
4900.2
-10619.4
5575.47
-9861.94
6293.58
-9124.21
7083.01
-8413.83
7954.05
-7716.67
8858.48
-7020.82
9636.56
-6326.91
10013.8
-5673.06
9654.26
-5121.96
8357.72
-4733.15
6119.42
-4394.7
3306.75
-3825.33
-1569.89
676.066
-13500.5
1538.09
-17684.1
2099.25
-16625.2
2424.19
-15062.9
2793.33
-13795.3
3223.15
-12727
3688.73
-11891.6
4113.49
-11044.1
4490.99
-10239.4
4805.11
-9438.34
5054.6
-8663.32
5245.41
-7907.48
5395.77
-7171.18
5508.62
-6439.77
5541.15
-5705.59
5358.99
-4939.81
4777.43
-4151.59
3625.02
-3242.29
1847.57
-2047.88
277.676
1246.46
-14746.9
1993.99
-18431.6
2404.16
-17035.3
2681.2
-15340
3148
-14262.1
3673.42
-13252.4
4242.9
-12461.1
4799.41
-11600.6
5346.95
-10787
5837.04
-9928.42
6224.16
-9050.44
6454.92
-8138.24
6492.67
-7208.93
6316.97
-6264.06
5924.17
-5312.79
5304.45
-4320.09
4426.16
-3273.31
3218.04
-2034.16
1627.45
-457.288
1905.12
1843.98
-16590.9
2213.41
-18801
2459.03
-17281
2855.91
-15736.9
3527.47
-14933.6
4249.88
-13974.8
5071.01
-13282.2
5940.58
-12470.2
6854.55
-11701
7696.2
-10770.1
8377.24
-9731.48
8808.29
-8569.29
8950.7
-7351.34
8775.16
-6088.52
8250.8
-4788.44
7337.55
-3406.84
5996.61
-1932.37
4081.52
-119.066
2042.82
1581.4
3947.94
1556.16
-18147.1
1104.13
-18349
1022.54
-17199.4
1259.46
-15973.8
1693.32
-15367.5
2204.83
-14486.3
2877.48
-13954.9
3656.07
-13248.8
4488.5
-12533.4
5180.3
-11461.9
5600.93
-10152.1
5658.09
-8626.46
5371.53
-7064.78
4759.18
-5476.17
3816.28
-3845.53
2596.74
-2187.3
1289.22
-624.86
199.33
970.826
-630.03
2410.76
3317.91
-32.1854
-18114.9
-1135.01
-17246.2
-1837.35
-16497
-2439.81
-15371.3
-2988.04
-14819.2
-3502.4
-13972
-3943.32
-13514
-4334.57
-12857.6
-4727.7
-12140.3
-5222.1
-10967.5
-5890.3
-9483.92
-6748
-7768.76
-7751.65
-6061.13
-8830.18
-4397.65
-9871.5
-2804.21
-10621.9
-1436.91
-10588.9
-657.821
-9002.49
-615.621
-5341.83
-1249.9
-2023.92
-991.087
-17123.8
-1888.85
-16348.4
-2809.15
-15576.7
-3908.21
-14272.3
-5016.27
-13711.2
-6289.42
-12698.8
-7665.33
-12138.1
-9179.6
-11343.3
-10734.9
-10584.9
-12227.1
-9475.28
-13568.1
-8142.96
-14719.6
-6617.23
-15666.3
-5114.5
-16266.4
-3797.51
-16150.6
-2920
-14854.6
-2732.87
-12162
-3350.44
-8154.64
-4623.01
-3504.28
-5900.26
-5528.19
-315.514
-16808.3
-439.597
-16224.3
-655.27
-15361.1
-1074.86
-13852.7
-1479.06
-13307
-2066.16
-12111.7
-2769.13
-11435.1
-3633.84
-10478.6
-4512.03
-9706.74
-5197.09
-8790.23
-5477.15
-7862.9
-5237.33
-6857.05
-4483.45
-5868.38
-3278.72
-5002.25
-1725.89
-4472.83
-10.0548
-4448.71
1465.07
-4825.58
2144.93
-5302.87
1550.9
-5306.23
-3977.29
432.29
-17240.6
683.507
-16475.6
1040.63
-15718.2
1339.89
-14152
1662.08
-13629.2
1978.12
-12427.8
2263.05
-11720
2542.14
-10757.7
2810.62
-9975.22
3175.52
-9155.12
3724.86
-8412.25
4561.78
-7693.98
5696.86
-7003.46
7003.72
-6309.12
8128.34
-5597.45
8552.58
-4872.96
7900.62
-4173.62
6114.07
-3516.32
3369.22
-2561.38
-608.078
601.666
-17842.2
697.604
-16571.5
1069.64
-16090.2
1470.51
-14552.8
1898.43
-14057.1
2388.04
-12917.4
2899.42
-12231.4
3478.48
-11336.8
4086.29
-10583
4722.7
-9791.54
5355.1
-9044.65
5969.23
-8308.11
6546.69
-7580.92
7041.35
-6803.77
7351.03
-5907.13
7261.55
-4783.48
6512.12
-3424.19
5042.37
-2046.57
2809.45
-328.471
2201.37
153.565
-17995.8
-60.0197
-16357.9
13.7811
-16164
207.23
-14746.3
434.818
-14284.7
797.921
-13280.5
1208.75
-12642.2
1721.9
-11849.9
2311.71
-11172.8
2992.83
-10472.7
3763.46
-9815.28
4611.3
-9155.96
5490.09
-8459.71
6283.68
-7597.36
6781.7
-6405.15
6673.52
-4675.3
5485.94
-2236.61
2757.92
681.451
992.418
1437.02
3193.79
-1269.75
-16726.1
-2654.81
-14972.8
-3708.56
-15110.3
-4447.42
-14007.4
-5094.7
-13637.4
-5466.3
-12908.9
-5721.52
-12387
-5784.64
-11786.8
-5711.45
-11246
-5482.38
-10701.7
-5109.66
-10188
-4591.26
-9674.37
-3947.18
-9103.8
-3215.39
-8329.15
-2472.45
-7148.1
-1792.74
-5355.01
-1237.54
-2791.81
-889.519
333.422
-835.368
1382.87
2358.42
-2200.24
-14525.8
-4683.66
-12489.4
-7140.74
-12653.2
-9216.09
-11932.1
-11190.9
-11662.7
-12855.9
-11243.8
-14327.2
-10915.7
-15546.6
-10567.4
-16554.7
-10238
-17347.8
-9908.58
-17948.9
-9586.91
-18356.7
-9266.63
-18533.1
-8927.38
-18349.6
-8512.57
-17570.8
-7926.91
-15849.4
-7076.43
-12721.2
-5920.08
-7944.03
-4443.7
-3713.08
-2848.09
-1354.65
-5425.83
-8815.26
-12368.5
-15200.5
-17763.2
-19907
-21722.7
-23190.1
-24328.1
-25136.7
-25623.6
-25790.2
-25617.6
-25030.1
-23857.1
-21833.5
-18653.6
-13997.3
-7745.35
-5425.49
14525.5
-8814.67
12489.2
-12367.7
12653
-15199.5
11931.9
-17761.9
11662.4
-19905.5
11243.5
-21720.9
10915.4
-23187.8
10567
-24325.3
10237.5
-25133.2
9907.9
-25619.2
9586.02
-25784.7
9265.52
-25610.7
8925.99
-25021.5
8510.88
-23846.6
7925.07
-21821.5
7074.94
-18641.3
5919.74
-13986.8
4445.55
-7740.36
2853.54
1359.64
-2200.91
16726.4
-4684.95
14973.2
-7142.34
15110.4
-9217.95
14007.5
-11193
13637.5
-12858.4
12908.9
-14330
12387
-15549.8
11786.8
-16558.2
11245.9
-17351.7
10701.4
-17953.1
10187.5
-18361.2
9673.65
-18538
9102.79
-18354.8
8327.69
-17575.8
7146
-15852.4
5351.62
-12715.5
2782.84
-7937.05
-332.926
-3703.27
-1380.24
-2343.63
-1270.77
17997.2
-2654.82
16357.3
-3709.62
16165.2
-4449.78
14747.7
-5099.08
14286.8
-5472.79
13282.7
-5730.71
12645
-5796.58
11852.7
-5726.44
11175.7
-5500.58
10475.5
-5131.53
9818.42
-4617.38
9159.5
-3978.11
8463.52
-3251.15
7600.74
-2511.86
6406.72
-1832.9
4672.67
-1273.63
2223.6
-922.806
-683.717
-856.456
-1446.57
-3200.09
148.776
17848.4
-72.7906
16578.9
-4.36555
16096.8
184.23
14559.1
406.403
14064.6
764.97
12924.1
1170.53
12239.4
1678.51
11344.7
2261.79
10592.5
2935.92
9801.41
3699.77
9054.57
4542.37
8316.9
5418.01
7587.9
6210.77
6807.98
6709.17
5908.32
6601.5
4780.35
5410.55
3414.56
2695.82
2031.02
949.492
299.775
-2250.6
603.563
17244.9
702.233
16480.2
1070.64
15728.4
1462.36
14167.4
1881.81
13645.2
2356.56
12449.4
2853.04
11742.9
3413.7
10784
4004.95
10001.2
4624.35
9182.03
5239.11
8439.82
5832.93
7723.08
6386.97
7033.87
6853.17
6341.79
7133.67
5627.83
7026.94
4887.09
6287.52
4153.98
4867.53
3451.01
2711.47
2455.86
460.869
388.45
16856.4
642.389
16226.3
996.362
15374.4
1302.49
13861.2
1626.28
13321.4
1946.64
12129
2231.2
11458.4
2512
10503.2
2781.78
9731.43
3152.49
8811.32
3703.29
7889.03
4523.65
6902.72
5612.87
5944.65
6834.83
5119.83
7837.85
4624.81
8156.78
4568.15
7504.23
4806.54
5823.55
5131.69
3231.55
5047.86
3692.42
-158.381
17014.8
-334.192
16402.1
-629.497
15669.7
-1263.09
14494.8
-1821.71
13880
-2558.91
12866.2
-3300.05
12199.5
-4104.38
11307.6
-4822.46
10449.5
-5313.15
9302.02
-5409.69
7985.57
-4963.03
6456.06
-3984.6
4966.22
-2580.36
3715.6
-882.205
2926.65
831.067
2854.89
2080.38
3557.23
2377.94
4834.13
1517.2
5908.6
5209.62
-495.415
17510.2
-1205.37
17112
-2002.89
16467.2
-3134.82
15626.8
-4164.84
14910
-5410.78
14112.1
-6637.54
13426.3
-7992.51
12662.5
-9375.42
11832.4
-10793.5
10720.1
-12100.1
9292.18
-13193.8
7549.72
-14047.2
5819.6
-14558.3
4226.79
-14388.6
2756.93
-13095.3
1561.53
-10470.9
932.814
-6758
1121.26
-2825.46
1976.05
2384.16
247.486
17262.7
104.021
17255.5
124.433
16446.8
138.416
15612.8
207.79
14840.6
208.437
14111.5
182.49
13452.2
12.1675
12832.9
-363.816
12208.4
-1044.24
11400.5
-2006.85
10254.8
-3270.32
8813.2
-4759.45
7308.74
-6354.62
5821.97
-7919.19
4321.49
-9116.34
2758.68
-9343.96
1160.43
-7984.09
-238.617
-4620.62
-1387.43
-2236.46
1267.51
15995.2
2160.08
16362.9
3137.33
15469.6
4099.05
14651.1
5032.94
13906.7
5921.14
13223.3
6772.81
12600.6
7557.53
12048.2
8235.24
11530.7
8702.71
10933
8805.63
10151.9
8437.74
9181.09
7655.02
8091.45
6546.21
6930.78
5144.81
5722.89
3471.17
4432.31
1594.4
3037.19
-38.807
1394.58
-714.919
-711.329
-2951.38
1410.02
14585.2
2639.19
15133.8
3705.83
14402.9
4612.75
13744.1
5398.63
13120.9
6099.39
12522.5
6738.2
11961.7
7347.73
11438.6
7926.79
10951.6
8420.86
10439
8798.2
9774.53
8986.64
8992.65
8937.52
8140.57
8627.02
7241.29
8036.82
6313.09
7138.36
5330.77
5896.11
4279.44
4231.2
3059.49
2022.17
1497.7
-929.206
976.331
13608.9
1922.9
14187.2
2605.23
13720.6
3097.16
13252.2
3495.88
12722.1
3878.26
12140.1
4319.27
11520.7
4902.31
10855.6
5509.38
10344.6
5986.84
9961.48
6262.33
9499.04
6340.41
8914.56
6251.02
8229.96
6001.42
7490.88
5581.47
6733.04
4960.16
5952.06
4103.83
5135.77
2980.28
4183.04
1577.11
2900.86
647.906
518.774
13090.1
1050.7
13655.3
1283.61
13487.7
1389.48
13146.3
1576.67
12535
2022.05
11694.8
2816.2
10726.6
3886.15
9785.62
4948.78
9281.92
5834.6
9075.65
6401.69
8931.95
6721.02
8595.22
6887.09
8063.89
6894.12
7483.85
6662.47
6964.69
6074.4
6540.13
5057.49
6152.68
3608.73
5631.8
1849.55
4660.04
2497.45
59.7124
13030.4
-186.931
13901.9
-782.211
14083
-1415.06
13779.2
-1716.32
12836.2
-1352.66
11331.1
-298.807
9672.7
1025.91
8460.88
2423.99
7883.82
3996.52
7503.11
5785.41
7143.04
7680.71
6699.91
9379.87
6364.72
10494.7
6368.99
10701.3
6758.12
9871.95
7369.46
8115.97
7908.66
5630.03
8117.74
2852.34
7437.73
5349.79
-1173.21
14203.6
-2705.37
15434.1
-4537
15914.6
-6371.11
15613.3
-7935.27
14400.4
-8942.23
12338
-9444.23
10174.7
-9802.36
8819
-9926.89
8008.34
-9571.57
7147.79
-8591.36
6162.82
-7066.87
5175.41
-5134.1
4431.95
-2908.19
4143.06
-577.005
4426.92
1501.69
5290.75
2813.42
6596.92
2897.9
8033.26
1675.2
8660.43
7024.99
-2312.19
16515.8
-4640.19
17762
-6904.88
18179.3
-9161.82
17870.2
-11575
16813.5
-14127.3
14890.3
-16699.6
12747
-19154.1
11273.5
-21346.9
10201.1
-23244.7
9045.57
-24822.1
7740.29
-25967.8
6321.1
-26388.4
4852.54
-25672.5
3427.12
-23463.9
2218.39
-19691.3
1518.1
-14682
1587.66
-8969.42
2320.65
-3573.78
3264.78
3451.21
-224.538
16740.3
-1583.91
19121.4
-2439.26
19034.6
-3020.64
18451.6
-3775.36
17568.2
-5026.57
16141.5
-6669.16
14389.6
-8262.49
12866.9
-9655.48
11594.1
-10959.6
10349.6
-12286.6
9067.3
-13682.8
7717.33
-15120.1
6289.81
-16474.7
4781.7
-17464.1
3207.81
-17585.4
1639.38
-16251
253.314
-12828.8
-1101.56
-7080.94
-2483.11
-3629.72
3143.77
13596.5
4021
18244.2
5074.86
17980.8
6567.12
16959.3
8197.9
15937.5
9502.52
14836.9
10257.7
13634.4
10688.2
12436.3
10965.8
11316.6
11053.7
10261.7
10876.1
9244.89
10355.5
8237.9
9418.65
7226.66
8007.24
6193.1
6106.23
5108.82
3854.08
3891.52
1604.48
2502.92
-66.0208
568.936
-839.556
-1709.58
-4469.28
3667.36
9929.16
5691.39
16220.2
7276.28
16395.9
8985.88
15249.7
10910.8
14012.6
12820.3
12927.3
14485.7
11969.1
15785.4
11136.6
16709.1
10392.8
17266.6
9704.24
17472.2
9039.32
17323.2
8386.83
16791.2
7758.71
15834.9
7149.37
14432.9
6510.85
12579
5745.42
10305
4776.95
7383.29
3490.62
3923.25
1750.45
-546.03
2032.07
4848.55
7367.47
9545.91
11492.2
13210.6
14374.1
15196.3
15690
15869.8
15756.4
15366.6
14703
13757.8
12526.5
10989.9
9126.43
6820.29
3932.8
)
;

boundaryField
{
    outletWall
    {
        type            calculated;
        value           nonuniform List<scalar> 
60
(
15010.7
-8282.2
-27046.3
-27828.6
-18955.8
14147.9
40613.4
24792.3
-25727.8
-72934.6
-99867.8
-124831
-136116
-134712
-123492
-105149
-65364.6
-613.784
57996.3
67392.7
45968.6
46691.6
47732.1
49927.4
52995.9
57269
62030.7
65522.5
66104.2
64116.6
60246.5
55160.6
49647.1
45771.4
47873.4
60058.9
79798.1
94683.1
99114.8
83497.8
-31237.9
-29132.1
-46875
-23614.9
-17178.9
-14109.9
-20186.7
-26365.2
-28356.3
-23617.3
-19899.8
-20040.7
-16793.1
12830.8
53022.4
72120.3
72170.7
49928.6
-2721.83
-59185.3
)
;
    }
    fineWalls
    {
        type            calculated;
        value           uniform 0;
    }
    fineFrontAndBack
    {
        type            calculated;
        value           nonuniform List<scalar> 
960
(
5.18531e-15
-1.73164e-13
-1.27568e-14
-2.9718e-14
-5.93434e-13
-2.44621e-13
-3.84604e-14
-1.22502e-12
6.75173e-12
2.11119e-12
3.72917e-12
-1.01694e-11
-5.00723e-12
-6.03271e-12
-7.20263e-11
-1.7156e-11
-1.62946e-11
-7.48974e-11
-1.203e-11
-1.07767e-11
-1.90091e-12
-1.75027e-12
-2.16187e-12
-2.6315e-12
-2.97024e-12
-3.00026e-12
-9.16159e-11
-2.9314e-12
-3.38038e-12
-3.79294e-12
-4.15686e-12
-4.51465e-12
-4.86624e-12
-5.19881e-12
-5.57081e-12
-6.00758e-12
-6.47491e-12
-7.2228e-12
-7.52643e-12
-9.14626e-12
-2.26755e-10
-3.26736e-11
-3.31762e-11
-3.49892e-11
-1.74317e-10
-2.14337e-11
-1.75186e-11
-1.23767e-11
-3.67447e-11
-8.18259e-12
-6.75085e-12
1.32209e-11
4.85193e-12
6.23351e-12
7.39567e-12
6.60741e-11
1.51233e-11
1.7692e-11
2.00224e-11
2.20771e-10
1.28898e-11
8.70054e-12
8.7699e-12
7.98989e-12
7.56739e-12
7.16409e-12
6.84127e-12
6.49873e-12
6.17769e-12
5.91811e-12
5.72899e-12
5.52131e-12
5.23759e-12
9.13593e-11
4.50966e-12
4.23975e-12
3.71341e-12
3.02952e-12
2.10724e-12
1.03544e-12
-2.10339e-12
-2.17648e-12
-2.03386e-12
-2.19612e-12
-1.77479e-12
-4.54048e-12
-2.76337e-13
1.20085e-12
1.21044e-11
2.49614e-12
1.80072e-12
3.79841e-12
5.13667e-13
-1.98968e-13
-4.16218e-13
-3.46053e-12
-4.81978e-13
-3.13737e-13
-3.82192e-12
-1.08223e-12
7.13369e-11
7.09589e-11
1.83691e-10
2.94461e-10
3.14288e-10
3.20551e-10
3.22087e-10
3.21404e-10
3.18906e-10
3.11075e-10
2.91918e-10
2.54071e-10
2.39967e-10
2.00626e-10
1.73447e-10
1.26965e-10
5.57621e-11
8.77915e-12
-5.59375e-12
-7.95238e-11
-1.55065e-10
-1.35902e-11
2.78661e-10
3.25632e-10
3.19849e-10
3.22034e-10
3.21377e-10
3.18655e-10
3.10488e-10
2.91141e-10
2.58557e-10
2.26708e-10
1.81712e-10
1.61163e-10
1.39484e-10
7.63518e-11
1.77533e-11
-2.15347e-12
-1.81859e-10
-2.67208e-10
-1.73894e-10
1.39406e-10
3.39891e-10
3.24187e-10
3.21005e-10
3.21378e-10
3.18342e-10
3.09449e-10
2.8998e-10
2.71062e-10
1.90987e-10
1.40576e-10
1.2422e-10
1.31032e-10
9.46959e-11
3.51056e-11
8.20056e-12
-2.02722e-10
-2.28097e-10
-1.87579e-10
1.18359e-12
3.06902e-10
3.3809e-10
3.20753e-10
3.20786e-10
3.17881e-10
3.08489e-10
2.89829e-10
2.49446e-10
1.44533e-10
1.14164e-10
1.05916e-10
1.1532e-10
1.00093e-10
5.34105e-11
3.12159e-11
-1.29752e-10
-9.15225e-11
-1.04149e-10
-3.27621e-11
2.34459e-10
3.44084e-10
3.26215e-10
3.19386e-10
3.1731e-10
3.06294e-10
2.7371e-10
1.98069e-10
1.17638e-10
1.1959e-10
1.10712e-10
1.05314e-10
9.6769e-11
6.28981e-11
5.54163e-11
-3.68807e-11
-1.15577e-11
-6.42026e-11
-2.20551e-11
1.84709e-10
3.25575e-10
3.36747e-10
3.19693e-10
3.14806e-10
2.9807e-10
2.61687e-10
1.655e-10
1.2422e-10
1.27281e-10
1.15517e-10
9.85958e-11
8.95919e-11
6.68155e-11
5.80234e-11
8.91261e-12
-2.87009e-11
-8.65449e-11
-8.18617e-12
1.80528e-10
3.002e-10
3.43502e-10
3.24724e-10
3.12882e-10
2.96e-10
2.4982e-10
1.23281e-10
1.29731e-10
1.33212e-10
1.29692e-10
1.12547e-10
7.82076e-11
4.0208e-11
5.91044e-11
7.81823e-12
-8.36125e-11
-1.17145e-10
1.28006e-11
2.08042e-10
2.9563e-10
3.44232e-10
3.3314e-10
3.11348e-10
2.74542e-10
1.84443e-10
1.18583e-10
1.26868e-10
1.3268e-10
1.43544e-10
1.64399e-10
1.9693e-10
2.41417e-10
3.02392e-10
-1.22374e-11
-1.35664e-10
-1.41029e-10
2.70839e-11
2.34767e-10
2.95425e-10
3.27709e-10
3.36713e-10
3.06371e-10
2.557e-10
1.64808e-10
1.06831e-10
1.00894e-10
1.01232e-10
1.1287e-10
1.346e-10
1.79106e-10
2.14415e-10
2.06495e-10
-3.47593e-11
-1.8059e-10
-1.74056e-10
4.55413e-12
2.62554e-10
3.65538e-10
3.64409e-10
3.11523e-10
2.82384e-10
1.76487e-10
4.25446e-12
-6.39963e-11
2.63187e-11
-1.93598e-11
-4.11605e-12
-1.3963e-11
1.1058e-11
3.99545e-11
5.19218e-11
-5.58724e-11
-2.19373e-10
-2.13187e-10
-8.25502e-11
1.05066e-10
2.39594e-10
2.714e-10
2.71689e-10
2.1228e-10
7.70219e-11
-7.0029e-11
-1.36717e-10
-1.79532e-10
-2.15254e-10
-2.09992e-10
-2.11455e-10
-2.1831e-10
-2.09895e-10
-1.65669e-10
-7.2814e-11
-2.52405e-10
-2.3817e-10
-1.26369e-10
1.87716e-11
1.33236e-10
1.82493e-10
1.86634e-10
1.11638e-10
-1.05643e-11
-1.30144e-10
-2.07356e-10
-2.44208e-10
-2.55809e-10
-2.78424e-10
-3.11327e-10
-3.56551e-10
-3.86611e-10
-3.71883e-10
-7.87962e-11
-2.77894e-10
-2.72136e-10
-2.0018e-10
-1.06292e-10
-1.33604e-11
4.43525e-11
5.01311e-11
-7.03403e-12
-1.00948e-10
-1.86803e-10
-2.15864e-10
-1.87026e-10
-1.75919e-10
-1.86576e-10
-2.16413e-10
-2.56266e-10
-2.9939e-10
-3.53265e-10
-6.97096e-11
-2.89191e-10
-2.99916e-10
-2.57719e-10
-2.08074e-10
-1.54569e-10
-1.09992e-10
-9.66424e-11
-1.24505e-10
-1.73615e-10
-1.95751e-10
-1.55215e-10
-1.1748e-10
-1.10073e-10
-9.97828e-11
-8.67164e-11
-5.66341e-11
-1.9374e-11
-1.04879e-10
-4.18029e-11
-2.66944e-10
-3.09042e-10
-2.92409e-10
-2.66496e-10
-2.40256e-10
-2.15354e-10
-2.00443e-10
-1.9931e-10
-1.95298e-10
-1.581e-10
-9.84362e-11
-7.02188e-11
-6.46094e-11
-4.73887e-11
-3.20441e-11
-1.87122e-11
-8.12382e-12
2.02204e-12
-6.40486e-12
-2.15588e-10
-2.92556e-10
-3.03594e-10
-2.91203e-10
-2.76085e-10
-2.59232e-10
-2.36779e-10
-2.04331e-10
-1.56748e-10
-9.99041e-11
-7.72648e-11
-4.82309e-11
-3.89982e-11
-2.35442e-11
-1.29025e-11
-8.03996e-12
-3.34337e-12
1.69133e-11
2.30494e-11
-1.46004e-10
-2.50355e-10
-2.93203e-10
-2.96187e-10
-2.82407e-10
-2.56297e-10
-2.10602e-10
-1.50679e-10
-1.03911e-10
-9.48411e-11
-7.60376e-11
-4.85015e-11
-2.53006e-11
-1.0651e-11
-3.04429e-12
-1.10166e-12
-3.27555e-14
-1.50673e-12
4.05768e-11
-7.36459e-11
-1.87539e-10
-2.5941e-10
-2.84248e-10
-2.7189e-10
-2.27829e-10
-1.57535e-10
-1.06463e-10
-1.1105e-10
-9.95304e-11
-7.37195e-11
-4.21166e-11
-1.80087e-11
-2.10608e-12
3.8701e-12
2.6843e-12
-2.70546e-13
-1.8583e-12
4.76193e-11
-1.28748e-11
-1.19265e-10
-2.11359e-10
-2.65619e-10
-2.62271e-10
-2.02731e-10
-1.3083e-10
-1.23494e-10
-1.15587e-10
-9.66917e-11
-7.09131e-11
-3.80558e-11
-1.30248e-11
2.88299e-12
6.50025e-12
2.02044e-12
-5.04596e-13
-8.37294e-13
4.89542e-11
3.46983e-11
-3.90434e-11
-1.15233e-10
-1.84759e-10
-2.14849e-10
-1.84304e-10
-1.43192e-10
-1.3151e-10
-1.15989e-10
-9.76503e-11
-6.97933e-11
-3.53533e-11
-9.91283e-12
4.6392e-12
5.91738e-12
1.50217e-12
-5.5857e-13
-1.08879e-12
-5.18531e-15
1.73164e-13
1.27568e-14
2.9718e-14
5.93434e-13
2.44621e-13
3.84604e-14
1.22502e-12
-6.75173e-12
-2.11119e-12
-3.72917e-12
1.01694e-11
5.00723e-12
6.03271e-12
7.20263e-11
1.7156e-11
1.62946e-11
7.48974e-11
1.203e-11
1.07767e-11
1.90091e-12
1.75027e-12
2.16187e-12
2.6315e-12
2.97024e-12
3.00026e-12
9.16159e-11
2.9314e-12
3.38038e-12
3.79294e-12
4.15686e-12
4.51465e-12
4.86624e-12
5.19881e-12
5.57081e-12
6.00758e-12
6.47491e-12
7.2228e-12
7.52643e-12
9.14626e-12
2.26755e-10
3.26736e-11
3.31762e-11
3.49892e-11
1.74317e-10
2.14337e-11
1.75186e-11
1.23767e-11
3.67447e-11
8.18259e-12
6.75085e-12
-1.32209e-11
-4.85193e-12
-6.23351e-12
-7.39567e-12
-6.60741e-11
-1.51233e-11
-1.7692e-11
-2.00224e-11
-2.20771e-10
-1.28898e-11
-8.70054e-12
-8.7699e-12
-7.98989e-12
-7.56739e-12
-7.16409e-12
-6.84127e-12
-6.49873e-12
-6.17769e-12
-5.91811e-12
-5.72899e-12
-5.52131e-12
-5.23759e-12
-9.13593e-11
-4.50966e-12
-4.23975e-12
-3.71341e-12
-3.02952e-12
-2.10724e-12
-1.03544e-12
2.10339e-12
2.17648e-12
2.03386e-12
2.19612e-12
1.77479e-12
4.54048e-12
2.76337e-13
-1.20085e-12
-1.21044e-11
-2.49614e-12
-1.80072e-12
-3.79841e-12
-5.13667e-13
1.98968e-13
4.16218e-13
3.46053e-12
4.81978e-13
3.13737e-13
3.82192e-12
1.08223e-12
-7.13369e-11
-7.09589e-11
-1.83691e-10
-2.94461e-10
-3.14288e-10
-3.20551e-10
-3.22087e-10
-3.21404e-10
-3.18906e-10
-3.11075e-10
-2.91918e-10
-2.54071e-10
-2.39967e-10
-2.00626e-10
-1.73447e-10
-1.26965e-10
-5.57621e-11
-8.77915e-12
5.59375e-12
7.95238e-11
1.55065e-10
1.35902e-11
-2.78661e-10
-3.25632e-10
-3.19849e-10
-3.22034e-10
-3.21377e-10
-3.18655e-10
-3.10488e-10
-2.91141e-10
-2.58557e-10
-2.26708e-10
-1.81712e-10
-1.61163e-10
-1.39484e-10
-7.63518e-11
-1.77533e-11
2.15347e-12
1.81859e-10
2.67208e-10
1.73894e-10
-1.39406e-10
-3.39891e-10
-3.24187e-10
-3.21005e-10
-3.21378e-10
-3.18342e-10
-3.09449e-10
-2.8998e-10
-2.71062e-10
-1.90987e-10
-1.40576e-10
-1.2422e-10
-1.31032e-10
-9.46959e-11
-3.51056e-11
-8.20056e-12
2.02722e-10
2.28097e-10
1.87579e-10
-1.18359e-12
-3.06902e-10
-3.3809e-10
-3.20753e-10
-3.20786e-10
-3.17881e-10
-3.08489e-10
-2.89829e-10
-2.49446e-10
-1.44533e-10
-1.14164e-10
-1.05916e-10
-1.1532e-10
-1.00093e-10
-5.34105e-11
-3.12159e-11
1.29752e-10
9.15225e-11
1.04149e-10
3.27621e-11
-2.34459e-10
-3.44084e-10
-3.26215e-10
-3.19386e-10
-3.1731e-10
-3.06294e-10
-2.7371e-10
-1.98069e-10
-1.17638e-10
-1.1959e-10
-1.10712e-10
-1.05314e-10
-9.6769e-11
-6.28981e-11
-5.54163e-11
3.68807e-11
1.15577e-11
6.42026e-11
2.20551e-11
-1.84709e-10
-3.25575e-10
-3.36747e-10
-3.19693e-10
-3.14806e-10
-2.9807e-10
-2.61687e-10
-1.655e-10
-1.2422e-10
-1.27281e-10
-1.15517e-10
-9.85958e-11
-8.95919e-11
-6.68155e-11
-5.80234e-11
-8.91261e-12
2.87009e-11
8.65449e-11
8.18617e-12
-1.80528e-10
-3.002e-10
-3.43502e-10
-3.24724e-10
-3.12882e-10
-2.96e-10
-2.4982e-10
-1.23281e-10
-1.29731e-10
-1.33212e-10
-1.29692e-10
-1.12547e-10
-7.82076e-11
-4.0208e-11
-5.91044e-11
-7.81823e-12
8.36125e-11
1.17145e-10
-1.28006e-11
-2.08042e-10
-2.9563e-10
-3.44232e-10
-3.3314e-10
-3.11348e-10
-2.74542e-10
-1.84443e-10
-1.18583e-10
-1.26868e-10
-1.3268e-10
-1.43544e-10
-1.64399e-10
-1.9693e-10
-2.41417e-10
-3.02392e-10
1.22374e-11
1.35664e-10
1.41029e-10
-2.70839e-11
-2.34767e-10
-2.95425e-10
-3.27709e-10
-3.36713e-10
-3.06371e-10
-2.557e-10
-1.64808e-10
-1.06831e-10
-1.00894e-10
-1.01232e-10
-1.1287e-10
-1.346e-10
-1.79106e-10
-2.14415e-10
-2.06495e-10
3.47593e-11
1.8059e-10
1.74056e-10
-4.55413e-12
-2.62554e-10
-3.65538e-10
-3.64409e-10
-3.11523e-10
-2.82384e-10
-1.76487e-10
-4.25446e-12
6.39963e-11
-2.63187e-11
1.93598e-11
4.11605e-12
1.3963e-11
-1.1058e-11
-3.99545e-11
-5.19218e-11
5.58724e-11
2.19373e-10
2.13187e-10
8.25502e-11
-1.05066e-10
-2.39594e-10
-2.714e-10
-2.71689e-10
-2.1228e-10
-7.70219e-11
7.0029e-11
1.36717e-10
1.79532e-10
2.15254e-10
2.09992e-10
2.11455e-10
2.1831e-10
2.09895e-10
1.65669e-10
7.2814e-11
2.52405e-10
2.3817e-10
1.26369e-10
-1.87716e-11
-1.33236e-10
-1.82493e-10
-1.86634e-10
-1.11638e-10
1.05643e-11
1.30144e-10
2.07356e-10
2.44208e-10
2.55809e-10
2.78424e-10
3.11327e-10
3.56551e-10
3.86611e-10
3.71883e-10
7.87962e-11
2.77894e-10
2.72136e-10
2.0018e-10
1.06292e-10
1.33604e-11
-4.43525e-11
-5.01311e-11
7.03403e-12
1.00948e-10
1.86803e-10
2.15864e-10
1.87026e-10
1.75919e-10
1.86576e-10
2.16413e-10
2.56266e-10
2.9939e-10
3.53265e-10
6.97096e-11
2.89191e-10
2.99916e-10
2.57719e-10
2.08074e-10
1.54569e-10
1.09992e-10
9.66424e-11
1.24505e-10
1.73615e-10
1.95751e-10
1.55215e-10
1.1748e-10
1.10073e-10
9.97828e-11
8.67164e-11
5.66341e-11
1.9374e-11
1.04879e-10
4.18029e-11
2.66944e-10
3.09042e-10
2.92409e-10
2.66496e-10
2.40256e-10
2.15354e-10
2.00443e-10
1.9931e-10
1.95298e-10
1.581e-10
9.84362e-11
7.02188e-11
6.46094e-11
4.73887e-11
3.20441e-11
1.87122e-11
8.12382e-12
-2.02204e-12
6.40486e-12
2.15588e-10
2.92556e-10
3.03594e-10
2.91203e-10
2.76085e-10
2.59232e-10
2.36779e-10
2.04331e-10
1.56748e-10
9.99041e-11
7.72648e-11
4.82309e-11
3.89982e-11
2.35442e-11
1.29025e-11
8.03996e-12
3.34337e-12
-1.69133e-11
-2.30494e-11
1.46004e-10
2.50355e-10
2.93203e-10
2.96187e-10
2.82407e-10
2.56297e-10
2.10602e-10
1.50679e-10
1.03911e-10
9.48411e-11
7.60376e-11
4.85015e-11
2.53006e-11
1.0651e-11
3.04429e-12
1.10166e-12
3.27555e-14
1.50673e-12
-4.05768e-11
7.36459e-11
1.87539e-10
2.5941e-10
2.84248e-10
2.7189e-10
2.27829e-10
1.57535e-10
1.06463e-10
1.1105e-10
9.95304e-11
7.37195e-11
4.21166e-11
1.80087e-11
2.10608e-12
-3.8701e-12
-2.6843e-12
2.70546e-13
1.8583e-12
-4.76193e-11
1.28748e-11
1.19265e-10
2.11359e-10
2.65619e-10
2.62271e-10
2.02731e-10
1.3083e-10
1.23494e-10
1.15587e-10
9.66917e-11
7.09131e-11
3.80558e-11
1.30248e-11
-2.88299e-12
-6.50025e-12
-2.02044e-12
5.04596e-13
8.37294e-13
-4.89542e-11
-3.46983e-11
3.90434e-11
1.15233e-10
1.84759e-10
2.14849e-10
1.84304e-10
1.43192e-10
1.3151e-10
1.15989e-10
9.76503e-11
6.97933e-11
3.53533e-11
9.91283e-12
-4.6392e-12
-5.91738e-12
-1.50217e-12
5.5857e-13
1.08879e-12
)
;
    }
    fineplugLeft
    {
        type            cyclicAMI;
        value           nonuniform List<scalar> 
20
(
-674.504
-2081.39
-3029.75
-3886.62
-4699.39
-5513.29
-6332.5
-7179.94
-8063.07
-8986.57
-9943.44
-10935.5
-11950.3
-13080.7
-13802.2
-14993.3
-16172
-16913.7
-15454.6
-8307.11
)
;
    }
    fineplugRight
    {
        type            cyclicAMI;
        value           nonuniform List<scalar> 
20
(
-3386.77
-4637.94
-5796.77
-6640.39
-7282.04
-7742.14
-8094.55
-8422.33
-8776.65
-9152.71
-9524.45
-9899.07
-10314.4
-10805.6
-11208.9
-12066.3
-13071.3
-13877
-13403.7
-7897.09
)
;
    }
    inletOutletLeft
    {
        type            cyclicAMI;
        value           nonuniform List<scalar> 
20
(
674.504
2081.39
3029.75
3886.62
4699.39
5513.29
6332.5
7179.94
8063.07
8986.57
9943.44
10935.5
11950.3
13080.7
13802.2
14993.3
16172
16913.7
15454.6
8307.11
)
;
    }
    inletLeft
    {
        type            calculated;
        value           uniform -9100;
    }
    inletWallsLeft
    {
        type            calculated;
        value           uniform 0;
    }
    inletFacesLeft
    {
        type            calculated;
        value           nonuniform List<scalar> 
800
(
5.5549e-14
-1.44155e-12
-1.63992e-12
-1.48592e-12
-1.38659e-12
-1.51423e-12
-1.5354e-12
-1.48015e-12
-1.39118e-12
-1.2913e-12
-1.19848e-12
-1.06269e-12
-8.69125e-13
-6.84647e-13
-4.8287e-13
-2.59941e-13
2.14803e-14
5.59352e-13
1.23766e-12
2.90797e-12
6.52306e-14
-1.60491e-12
-1.63508e-12
-1.59168e-12
-1.76296e-12
-2.22745e-12
-2.14968e-12
-2.2094e-12
-2.37182e-12
-2.55925e-12
-2.95733e-12
-3.41186e-12
-3.91064e-12
-4.63015e-12
-5.01477e-12
-4.80829e-12
-5.05983e-12
-5.40903e-12
-4.69299e-12
-1.23629e-12
-2.35236e-15
-5.07785e-13
-3.12828e-13
-4.26797e-13
-7.15814e-13
-9.87391e-13
-5.73723e-13
-8.97137e-13
-1.18094e-12
-1.65457e-12
-2.40145e-12
-3.74056e-12
-5.96083e-12
-8.04497e-12
-7.42474e-12
-3.53813e-12
4.84585e-14
1.04995e-12
1.10562e-12
2.75469e-13
8.38192e-15
1.56653e-13
1.33315e-13
1.49051e-13
1.86215e-14
-3.42246e-13
-3.96361e-13
-6.23311e-13
-8.52388e-13
-1.32322e-12
-2.13982e-12
-3.74116e-12
-6.31442e-12
-8.87906e-12
-8.98338e-12
-5.92214e-12
-2.17988e-12
-3.02591e-13
-2.66803e-13
-6.30474e-13
-4.74636e-15
-3.61406e-14
-3.27251e-14
-1.46923e-14
7.88337e-14
1.92717e-13
2.03674e-13
2.73431e-13
3.04646e-13
3.00648e-13
2.81542e-13
3.97454e-13
7.61131e-13
1.22664e-12
1.4871e-12
1.34155e-12
8.10319e-13
1.67154e-13
-1.88482e-13
-7.94174e-14
1.10979e-15
6.68281e-15
5.8633e-15
1.75548e-15
-2.17069e-14
-5.30935e-14
-4.854e-14
-5.76063e-14
-5.85243e-14
-5.83611e-14
-6.10002e-14
-6.30599e-14
-4.13956e-14
3.49194e-14
1.37883e-13
1.52183e-13
2.76299e-16
-2.15724e-13
-2.5014e-13
-5.42964e-14
-2.0132e-16
-9.76477e-16
-7.6703e-16
-4.91551e-19
4.2196e-15
1.08363e-14
1.00016e-14
9.59277e-15
8.08762e-15
6.54067e-15
7.23598e-15
9.47969e-15
7.28591e-15
-8.47874e-15
-4.53201e-14
-1.02211e-13
-1.57686e-13
-1.62705e-13
-7.9577e-14
2.16554e-14
2.55499e-17
9.18551e-17
3.70275e-17
-8.52816e-17
-6.94736e-16
-1.83652e-15
-1.68545e-15
-1.3474e-15
-8.46634e-16
-3.26126e-16
-3.47028e-16
-9.68627e-16
-9.30789e-16
1.83205e-15
9.04259e-15
2.19968e-14
4.17259e-14
6.52478e-14
7.42973e-14
6.43177e-14
-9.89022e-20
5.63714e-18
1.88203e-17
3.42789e-17
1.03478e-16
2.50174e-16
2.00476e-16
1.0089e-16
-1.71446e-17
-1.30591e-16
-1.44057e-16
-2.7614e-17
2.07929e-17
-3.46665e-16
-1.42711e-15
-3.57945e-15
-7.62999e-15
-1.47945e-14
-2.58021e-14
-1.82732e-14
-1.16127e-18
-5.84201e-18
-8.87395e-18
-1.06496e-17
-1.55706e-17
-2.24359e-17
-3.29117e-18
2.15794e-17
4.56014e-17
6.55485e-17
6.9935e-17
5.48217e-17
4.27825e-17
7.48715e-17
1.94329e-16
4.78505e-16
1.16077e-15
2.43991e-15
6.04386e-15
-1.84192e-14
4.98101e-19
2.07917e-18
2.81587e-18
3.04732e-18
2.70678e-18
-1.84969e-19
-6.63357e-18
-1.26467e-17
-1.73226e-17
-2.04091e-17
-1.99901e-17
-1.53879e-17
-1.13568e-17
-2.29051e-17
-7.78213e-17
-1.80722e-16
-2.52845e-16
-3.17525e-16
4.45327e-15
-9.75185e-15
-1.56272e-19
-6.29216e-19
-8.04572e-19
-8.38631e-19
-4.7089e-19
1.15272e-18
3.17474e-18
4.31542e-18
3.8701e-18
3.94811e-18
1.17677e-17
3.26351e-17
5.13155e-17
2.12322e-18
-1.96796e-16
-3.98829e-16
-1.12823e-16
8.36627e-16
1.53091e-15
-3.84044e-16
4.74678e-20
1.78604e-19
2.24099e-19
2.2078e-19
-5.36674e-21
-5.84694e-19
-1.07064e-18
-1.88116e-18
-3.26059e-18
-3.224e-19
1.57568e-17
3.73246e-17
1.29098e-17
-1.40975e-16
-3.96719e-16
-4.52007e-16
-2.93079e-17
5.81052e-16
7.52364e-16
3.0321e-16
-1.31132e-20
-4.68079e-20
-5.87449e-20
-5.43854e-20
3.13717e-20
2.36843e-19
3.75231e-19
1.08511e-20
-9.40968e-19
1.48492e-18
1.40488e-17
2.6625e-17
-2.60818e-18
-1.07628e-16
-2.41553e-16
-2.87584e-16
-2.11538e-16
-1.19943e-16
-7.15604e-17
-1.72599e-17
3.1659e-21
1.13184e-20
1.40724e-20
1.34258e-20
-5.63894e-21
-5.15796e-20
-8.628e-20
-4.99531e-20
8.18902e-20
-2.16068e-19
-1.62094e-18
-2.63983e-18
1.77903e-20
6.55462e-18
1.17588e-17
1.20177e-17
1.48848e-17
3.38246e-17
6.58302e-17
1.04056e-16
-7.44134e-22
-2.72391e-21
-3.4824e-21
-3.09814e-21
3.00114e-21
1.55808e-20
1.97458e-20
-1.97851e-22
-2.37269e-20
7.82336e-20
2.84826e-19
-6.48189e-20
-1.5273e-18
-2.88115e-18
-1.43547e-18
4.44594e-18
1.36901e-17
2.14676e-17
2.02149e-17
4.2192e-17
1.65065e-22
6.06148e-22
7.69362e-22
1.49038e-21
2.26732e-21
-5.98289e-22
-1.21736e-20
-3.16268e-20
-4.4857e-20
-4.83216e-20
-2.20048e-20
1.6537e-19
5.50956e-19
5.63629e-19
-9.11448e-19
-4.5815e-18
-1.02978e-17
-1.76973e-17
-2.5339e-17
1.32505e-17
-5.36553e-23
-2.1186e-22
-1.47894e-22
8.07528e-22
2.57535e-21
2.91878e-22
-1.45688e-20
-3.80247e-20
-3.21326e-20
6.19048e-20
2.32344e-19
2.74095e-19
-2.25409e-19
-1.70267e-18
-4.20912e-18
-6.96428e-18
-1.01415e-17
-2.44978e-17
-3.58334e-17
-5.67322e-18
7.19339e-24
2.739e-23
1.44509e-22
7.14094e-22
1.24493e-21
-1.56532e-21
-1.26111e-20
-2.81186e-20
-2.08655e-20
5.46108e-20
2.04237e-19
2.86272e-19
-4.55731e-20
-1.16376e-18
-3.05658e-18
-5.24611e-18
-7.59809e-18
-1.07162e-17
-1.30369e-17
-7.04988e-18
-7.3372e-24
-2.25666e-23
-1.53781e-23
1.21094e-22
5.08152e-22
7.02226e-22
-1.10134e-21
-7.40754e-21
-1.72034e-20
-1.79809e-20
2.21471e-20
1.52512e-19
4.12544e-19
7.72691e-19
1.08932e-18
1.17855e-18
1.01069e-18
7.52737e-19
4.99183e-19
1.61146e-19
-5.5549e-14
1.44155e-12
1.63992e-12
1.48592e-12
1.38659e-12
1.51423e-12
1.5354e-12
1.48015e-12
1.39118e-12
1.2913e-12
1.19848e-12
1.06269e-12
8.69125e-13
6.84647e-13
4.8287e-13
2.59941e-13
-2.14803e-14
-5.59352e-13
-1.23766e-12
-2.90797e-12
-6.52306e-14
1.60491e-12
1.63508e-12
1.59168e-12
1.76296e-12
2.22745e-12
2.14968e-12
2.2094e-12
2.37182e-12
2.55925e-12
2.95733e-12
3.41186e-12
3.91064e-12
4.63015e-12
5.01477e-12
4.80829e-12
5.05983e-12
5.40903e-12
4.69299e-12
1.23629e-12
2.35236e-15
5.07785e-13
3.12828e-13
4.26797e-13
7.15814e-13
9.87391e-13
5.73723e-13
8.97137e-13
1.18094e-12
1.65457e-12
2.40145e-12
3.74056e-12
5.96083e-12
8.04497e-12
7.42474e-12
3.53813e-12
-4.84585e-14
-1.04995e-12
-1.10562e-12
-2.75469e-13
-8.38192e-15
-1.56653e-13
-1.33315e-13
-1.49051e-13
-1.86215e-14
3.42246e-13
3.96361e-13
6.23311e-13
8.52388e-13
1.32322e-12
2.13982e-12
3.74116e-12
6.31442e-12
8.87906e-12
8.98338e-12
5.92214e-12
2.17988e-12
3.02591e-13
2.66803e-13
6.30474e-13
4.74636e-15
3.61406e-14
3.27251e-14
1.46923e-14
-7.88337e-14
-1.92717e-13
-2.03674e-13
-2.73431e-13
-3.04646e-13
-3.00648e-13
-2.81542e-13
-3.97454e-13
-7.61131e-13
-1.22664e-12
-1.4871e-12
-1.34155e-12
-8.10319e-13
-1.67154e-13
1.88482e-13
7.94174e-14
-1.10979e-15
-6.68281e-15
-5.8633e-15
-1.75548e-15
2.17069e-14
5.30935e-14
4.854e-14
5.76063e-14
5.85243e-14
5.83611e-14
6.10002e-14
6.30599e-14
4.13956e-14
-3.49194e-14
-1.37883e-13
-1.52183e-13
-2.76299e-16
2.15724e-13
2.5014e-13
5.42964e-14
2.0132e-16
9.76477e-16
7.6703e-16
4.91551e-19
-4.2196e-15
-1.08363e-14
-1.00016e-14
-9.59277e-15
-8.08762e-15
-6.54067e-15
-7.23598e-15
-9.47969e-15
-7.28591e-15
8.47874e-15
4.53201e-14
1.02211e-13
1.57686e-13
1.62705e-13
7.9577e-14
-2.16554e-14
-2.55499e-17
-9.18551e-17
-3.70275e-17
8.52816e-17
6.94736e-16
1.83652e-15
1.68545e-15
1.3474e-15
8.46634e-16
3.26126e-16
3.47028e-16
9.68627e-16
9.30789e-16
-1.83205e-15
-9.04259e-15
-2.19968e-14
-4.17259e-14
-6.52478e-14
-7.42973e-14
-6.43177e-14
9.89022e-20
-5.63714e-18
-1.88203e-17
-3.42789e-17
-1.03478e-16
-2.50174e-16
-2.00476e-16
-1.0089e-16
1.71446e-17
1.30591e-16
1.44057e-16
2.7614e-17
-2.07929e-17
3.46665e-16
1.42711e-15
3.57945e-15
7.62999e-15
1.47945e-14
2.58021e-14
1.82732e-14
1.16127e-18
5.84201e-18
8.87395e-18
1.06496e-17
1.55706e-17
2.24359e-17
3.29117e-18
-2.15794e-17
-4.56014e-17
-6.55485e-17
-6.9935e-17
-5.48217e-17
-4.27825e-17
-7.48715e-17
-1.94329e-16
-4.78505e-16
-1.16077e-15
-2.43991e-15
-6.04386e-15
1.84192e-14
-4.98101e-19
-2.07917e-18
-2.81587e-18
-3.04732e-18
-2.70678e-18
1.84969e-19
6.63357e-18
1.26467e-17
1.73226e-17
2.04091e-17
1.99901e-17
1.53879e-17
1.13568e-17
2.29051e-17
7.78213e-17
1.80722e-16
2.52845e-16
3.17525e-16
-4.45327e-15
9.75185e-15
1.56272e-19
6.29216e-19
8.04572e-19
8.38631e-19
4.7089e-19
-1.15272e-18
-3.17474e-18
-4.31542e-18
-3.8701e-18
-3.94811e-18
-1.17677e-17
-3.26351e-17
-5.13155e-17
-2.12322e-18
1.96796e-16
3.98829e-16
1.12823e-16
-8.36627e-16
-1.53091e-15
3.84044e-16
-4.74678e-20
-1.78604e-19
-2.24099e-19
-2.2078e-19
5.36674e-21
5.84694e-19
1.07064e-18
1.88116e-18
3.26059e-18
3.224e-19
-1.57568e-17
-3.73246e-17
-1.29098e-17
1.40975e-16
3.96719e-16
4.52007e-16
2.93079e-17
-5.81052e-16
-7.52364e-16
-3.0321e-16
1.31132e-20
4.68079e-20
5.87449e-20
5.43854e-20
-3.13717e-20
-2.36843e-19
-3.75231e-19
-1.08511e-20
9.40968e-19
-1.48492e-18
-1.40488e-17
-2.6625e-17
2.60818e-18
1.07628e-16
2.41553e-16
2.87584e-16
2.11538e-16
1.19943e-16
7.15604e-17
1.72599e-17
-3.1659e-21
-1.13184e-20
-1.40724e-20
-1.34258e-20
5.63894e-21
5.15796e-20
8.628e-20
4.99531e-20
-8.18902e-20
2.16068e-19
1.62094e-18
2.63983e-18
-1.77903e-20
-6.55462e-18
-1.17588e-17
-1.20177e-17
-1.48848e-17
-3.38246e-17
-6.58302e-17
-1.04056e-16
7.44134e-22
2.72391e-21
3.4824e-21
3.09814e-21
-3.00114e-21
-1.55808e-20
-1.97458e-20
1.97851e-22
2.37269e-20
-7.82336e-20
-2.84826e-19
6.48189e-20
1.5273e-18
2.88115e-18
1.43547e-18
-4.44594e-18
-1.36901e-17
-2.14676e-17
-2.02149e-17
-4.2192e-17
-1.65065e-22
-6.06148e-22
-7.69362e-22
-1.49038e-21
-2.26732e-21
5.98289e-22
1.21736e-20
3.16268e-20
4.4857e-20
4.83216e-20
2.20048e-20
-1.6537e-19
-5.50956e-19
-5.63629e-19
9.11448e-19
4.5815e-18
1.02978e-17
1.76973e-17
2.5339e-17
-1.32505e-17
5.36553e-23
2.1186e-22
1.47894e-22
-8.07528e-22
-2.57535e-21
-2.91878e-22
1.45688e-20
3.80247e-20
3.21326e-20
-6.19048e-20
-2.32344e-19
-2.74095e-19
2.25409e-19
1.70267e-18
4.20912e-18
6.96428e-18
1.01415e-17
2.44978e-17
3.58334e-17
5.67322e-18
-7.19339e-24
-2.739e-23
-1.44509e-22
-7.14094e-22
-1.24493e-21
1.56532e-21
1.26111e-20
2.81186e-20
2.08655e-20
-5.46108e-20
-2.04237e-19
-2.86272e-19
4.55731e-20
1.16376e-18
3.05658e-18
5.24611e-18
7.59809e-18
1.07162e-17
1.30369e-17
7.04988e-18
7.3372e-24
2.25666e-23
1.53781e-23
-1.21094e-22
-5.08152e-22
-7.02226e-22
1.10134e-21
7.40754e-21
1.72034e-20
1.79809e-20
-2.21471e-20
-1.52512e-19
-4.12544e-19
-7.72691e-19
-1.08932e-18
-1.17855e-18
-1.01069e-18
-7.52737e-19
-4.99183e-19
-1.61146e-19
)
;
    }
    inletOutletRight
    {
        type            cyclicAMI;
        value           nonuniform List<scalar> 
20
(
3386.77
4637.94
5796.77
6640.39
7282.04
7742.14
8094.55
8422.33
8776.65
9152.71
9524.45
9899.07
10314.4
10805.6
11208.9
12066.3
13071.3
13877
13403.7
7897.09
)
;
    }
    inletRight
    {
        type            calculated;
        value           uniform -9100;
    }
    inletWallsRight
    {
        type            calculated;
        value           uniform 0;
    }
    inletFacesRight
    {
        type            calculated;
        value           nonuniform List<scalar> 
800
(
-6.43492e-24
9.4802e-24
2.88766e-23
4.87094e-23
6.40823e-23
8.1789e-23
1.44676e-22
2.9498e-22
3.86451e-22
-1.39285e-22
-1.93826e-21
-4.4686e-21
-5.3912e-21
-5.06257e-21
-1.60774e-20
-6.1791e-20
-1.44126e-19
-2.08275e-19
-1.81775e-19
-6.85786e-20
3.4107e-23
4.57361e-24
-4.40565e-23
-1.06532e-22
-1.77098e-22
-2.03855e-22
-1.24305e-22
-5.69355e-23
-4.25779e-22
-1.47337e-21
-2.84098e-21
-6.26527e-21
-1.9758e-20
-3.96937e-20
2.4131e-20
4.28235e-19
1.44448e-18
2.83983e-18
3.65987e-18
2.7634e-18
-1.2984e-22
-1.05249e-23
1.58516e-22
3.43602e-22
5.66455e-22
9.1738e-22
1.52795e-21
2.31312e-21
2.54309e-21
1.01388e-21
-1.64595e-21
-8.5268e-22
5.85751e-21
1.37113e-20
6.34116e-20
3.63221e-19
1.01733e-18
9.03955e-19
2.9849e-18
4.70645e-18
5.38604e-22
1.30957e-22
-5.13617e-22
-1.30031e-21
-2.24365e-21
-3.3169e-21
-4.30851e-21
-5.33183e-21
-7.77663e-21
-1.16422e-20
-8.64112e-21
9.06811e-21
1.4439e-20
-5.51287e-20
-2.12681e-19
-3.34324e-19
-2.33103e-19
5.65035e-20
1.48294e-18
3.38203e-18
-2.26837e-21
-4.83528e-22
2.21518e-21
5.55942e-21
9.56352e-21
1.45401e-20
2.0176e-20
2.74177e-20
4.0842e-20
5.6682e-20
2.73891e-20
-8.97257e-20
-1.15432e-19
3.79361e-19
1.5739e-18
3.02003e-18
4.08418e-18
4.55404e-18
5.45005e-18
-5.88197e-19
9.61558e-21
1.76531e-21
-9.44844e-21
-2.39401e-20
-4.15633e-20
-6.36836e-20
-8.73999e-20
-1.19594e-19
-1.9509e-19
-2.8874e-19
-1.16404e-20
1.00374e-18
1.26319e-18
-2.60646e-18
-1.17156e-17
-2.28409e-17
-3.16564e-17
-3.55742e-17
-3.48046e-17
-3.32197e-17
-3.96962e-20
-6.22091e-21
4.04975e-20
1.02126e-19
1.77788e-19
2.71049e-19
3.69723e-19
5.46892e-19
9.76235e-19
1.07041e-18
-1.82425e-18
-7.36135e-18
7.33416e-19
4.68962e-17
1.15801e-16
1.4114e-16
9.84894e-17
3.02166e-17
-9.62773e-18
3.59207e-18
1.58375e-19
3.06168e-20
-1.46852e-19
-3.75342e-19
-6.55399e-19
-9.94244e-19
-1.37592e-18
-1.77058e-18
-2.1514e-18
-3.73553e-18
-8.76084e-18
-8.57424e-18
2.28217e-17
7.69231e-17
9.07316e-17
6.60928e-17
6.6093e-17
1.93876e-17
-7.03091e-17
1.25761e-16
-7.31647e-19
-4.35681e-19
2.19067e-19
1.14348e-18
2.34217e-18
3.78133e-18
5.37038e-18
7.03369e-18
8.87812e-18
1.15185e-17
1.60013e-17
1.70802e-17
8.82188e-18
-4.68363e-17
-2.07287e-16
-1.23487e-16
5.44028e-16
-3.07409e-16
-4.86571e-15
-8.55011e-15
3.07639e-18
2.97558e-18
8.8968e-19
-2.69333e-18
-7.83258e-18
-1.43222e-17
-2.15348e-17
-2.90042e-17
-3.7545e-17
-5.06511e-17
-7.67797e-17
-8.66077e-17
-1.76431e-17
1.89355e-16
5.61396e-16
1.15755e-15
2.19881e-15
3.73519e-15
-8.44209e-16
-1.96725e-14
-1.17955e-17
-1.47596e-17
-8.82448e-18
4.79929e-18
2.69426e-17
5.65217e-17
9.03819e-17
1.28475e-16
1.74153e-16
2.41731e-16
3.79108e-16
3.65226e-16
-1.48292e-16
-1.40747e-15
-3.45207e-15
-6.15934e-15
-9.28768e-15
-1.24481e-14
-1.74211e-14
-1.82902e-14
4.10946e-17
6.73942e-17
5.81002e-17
1.5519e-17
-6.80539e-17
-1.88344e-16
-3.31165e-16
-5.36769e-16
-7.95773e-16
-1.11883e-15
-1.68306e-15
-1.19756e-15
1.78023e-15
7.70109e-15
1.56775e-14
2.36201e-14
2.81427e-14
2.47359e-14
6.89528e-15
1.52522e-15
-1.23735e-16
-2.69092e-16
-2.86052e-16
-2.00833e-16
1.82731e-17
3.67338e-16
9.02608e-16
1.9099e-15
3.15037e-15
4.4947e-15
5.74374e-15
2.53795e-15
-8.25977e-15
-2.50224e-14
-4.00979e-14
-4.06081e-14
-1.19231e-14
5.2048e-14
1.26996e-13
1.53106e-13
3.14561e-16
9.45206e-16
1.16268e-15
1.2783e-15
1.43136e-15
1.47518e-15
7.35382e-16
4.63649e-16
-2.36998e-15
-9.46974e-15
-1.59316e-14
-1.86851e-14
-1.91985e-14
-3.1411e-14
-8.60378e-14
-2.08612e-13
-3.71669e-13
-4.70395e-13
-3.6736e-13
-6.33149e-14
-5.34213e-16
-2.38653e-15
-3.34282e-15
-5.35928e-15
-1.24119e-14
-2.24691e-14
-2.11803e-14
-2.73267e-14
-2.69229e-14
1.45623e-14
1.35854e-13
3.88521e-13
8.14307e-13
1.27891e-12
1.41846e-12
9.82406e-13
2.17327e-13
-4.48032e-13
-6.7176e-13
-2.91661e-13
-5.79813e-16
-1.43551e-15
1.44393e-15
6.48577e-15
4.97644e-14
1.65953e-13
1.62349e-13
1.40893e-13
1.42884e-13
1.91423e-13
2.57389e-13
3.49722e-13
5.86526e-13
1.21276e-12
2.22e-12
2.93243e-12
2.54377e-12
1.22275e-12
8.41408e-15
-3.51363e-13
3.77186e-15
6.80839e-14
5.10101e-14
5.47266e-14
3.85239e-14
-5.22905e-13
-5.37193e-13
-6.16937e-13
-8.37024e-13
-1.09928e-12
-1.27128e-12
-1.64909e-12
-2.29557e-12
-3.11959e-12
-5.10499e-12
-7.54707e-12
-7.23268e-12
-3.88918e-12
-7.10644e-13
1.80085e-12
-2.64519e-17
-4.63175e-13
-4.54949e-13
-4.37128e-13
-4.3928e-13
-7.64263e-13
-8.36536e-13
-8.70712e-13
-9.08424e-13
-9.71097e-13
-1.00988e-12
-1.10124e-12
-1.29185e-12
-1.50414e-12
-1.86076e-12
-2.37128e-12
-2.42802e-12
-1.511e-12
1.78398e-12
1.03859e-11
-3.76188e-15
-3.50596e-13
-2.32271e-13
-1.53489e-13
-1.66951e-14
-7.17069e-14
-1.40006e-13
-1.16284e-13
1.25604e-14
1.49371e-13
2.83905e-13
4.44619e-13
6.06935e-13
8.01007e-13
9.55242e-13
1.20335e-12
1.63404e-12
2.36281e-12
3.59361e-12
9.5268e-12
-3.1399e-14
3.07714e-13
5.57228e-13
6.39226e-13
7.63966e-13
8.63136e-13
9.11214e-13
9.51631e-13
1.02348e-12
1.09952e-12
1.20337e-12
1.36476e-12
1.55825e-12
1.76295e-12
1.95204e-12
2.22507e-12
2.63244e-12
3.19248e-12
4.13182e-12
7.79276e-12
6.43492e-24
-9.4802e-24
-2.88766e-23
-4.87094e-23
-6.40823e-23
-8.1789e-23
-1.44676e-22
-2.9498e-22
-3.86451e-22
1.39285e-22
1.93826e-21
4.4686e-21
5.3912e-21
5.06257e-21
1.60774e-20
6.1791e-20
1.44126e-19
2.08275e-19
1.81775e-19
6.85786e-20
-3.4107e-23
-4.57361e-24
4.40565e-23
1.06532e-22
1.77098e-22
2.03855e-22
1.24305e-22
5.69355e-23
4.25779e-22
1.47337e-21
2.84098e-21
6.26527e-21
1.9758e-20
3.96937e-20
-2.4131e-20
-4.28235e-19
-1.44448e-18
-2.83983e-18
-3.65987e-18
-2.7634e-18
1.2984e-22
1.05249e-23
-1.58516e-22
-3.43602e-22
-5.66455e-22
-9.1738e-22
-1.52795e-21
-2.31312e-21
-2.54309e-21
-1.01388e-21
1.64595e-21
8.5268e-22
-5.85751e-21
-1.37113e-20
-6.34116e-20
-3.63221e-19
-1.01733e-18
-9.03955e-19
-2.9849e-18
-4.70645e-18
-5.38604e-22
-1.30957e-22
5.13617e-22
1.30031e-21
2.24365e-21
3.3169e-21
4.30851e-21
5.33183e-21
7.77663e-21
1.16422e-20
8.64112e-21
-9.06811e-21
-1.4439e-20
5.51287e-20
2.12681e-19
3.34324e-19
2.33103e-19
-5.65035e-20
-1.48294e-18
-3.38203e-18
2.26837e-21
4.83528e-22
-2.21518e-21
-5.55942e-21
-9.56352e-21
-1.45401e-20
-2.0176e-20
-2.74177e-20
-4.0842e-20
-5.6682e-20
-2.73891e-20
8.97257e-20
1.15432e-19
-3.79361e-19
-1.5739e-18
-3.02003e-18
-4.08418e-18
-4.55404e-18
-5.45005e-18
5.88197e-19
-9.61558e-21
-1.76531e-21
9.44844e-21
2.39401e-20
4.15633e-20
6.36836e-20
8.73999e-20
1.19594e-19
1.9509e-19
2.8874e-19
1.16404e-20
-1.00374e-18
-1.26319e-18
2.60646e-18
1.17156e-17
2.28409e-17
3.16564e-17
3.55742e-17
3.48046e-17
3.32197e-17
3.96962e-20
6.22091e-21
-4.04975e-20
-1.02126e-19
-1.77788e-19
-2.71049e-19
-3.69723e-19
-5.46892e-19
-9.76235e-19
-1.07041e-18
1.82425e-18
7.36135e-18
-7.33416e-19
-4.68962e-17
-1.15801e-16
-1.4114e-16
-9.84894e-17
-3.02166e-17
9.62773e-18
-3.59207e-18
-1.58375e-19
-3.06168e-20
1.46852e-19
3.75342e-19
6.55399e-19
9.94244e-19
1.37592e-18
1.77058e-18
2.1514e-18
3.73553e-18
8.76084e-18
8.57424e-18
-2.28217e-17
-7.69231e-17
-9.07316e-17
-6.60928e-17
-6.6093e-17
-1.93876e-17
7.03091e-17
-1.25761e-16
7.31647e-19
4.35681e-19
-2.19067e-19
-1.14348e-18
-2.34217e-18
-3.78133e-18
-5.37038e-18
-7.03369e-18
-8.87812e-18
-1.15185e-17
-1.60013e-17
-1.70802e-17
-8.82188e-18
4.68363e-17
2.07287e-16
1.23487e-16
-5.44028e-16
3.07409e-16
4.86571e-15
8.55011e-15
-3.07639e-18
-2.97558e-18
-8.8968e-19
2.69333e-18
7.83258e-18
1.43222e-17
2.15348e-17
2.90042e-17
3.7545e-17
5.06511e-17
7.67797e-17
8.66077e-17
1.76431e-17
-1.89355e-16
-5.61396e-16
-1.15755e-15
-2.19881e-15
-3.73519e-15
8.44209e-16
1.96725e-14
1.17955e-17
1.47596e-17
8.82448e-18
-4.79929e-18
-2.69426e-17
-5.65217e-17
-9.03819e-17
-1.28475e-16
-1.74153e-16
-2.41731e-16
-3.79108e-16
-3.65226e-16
1.48292e-16
1.40747e-15
3.45207e-15
6.15934e-15
9.28768e-15
1.24481e-14
1.74211e-14
1.82902e-14
-4.10946e-17
-6.73942e-17
-5.81002e-17
-1.5519e-17
6.80539e-17
1.88344e-16
3.31165e-16
5.36769e-16
7.95773e-16
1.11883e-15
1.68306e-15
1.19756e-15
-1.78023e-15
-7.70109e-15
-1.56775e-14
-2.36201e-14
-2.81427e-14
-2.47359e-14
-6.89528e-15
-1.52522e-15
1.23735e-16
2.69092e-16
2.86052e-16
2.00833e-16
-1.82731e-17
-3.67338e-16
-9.02608e-16
-1.9099e-15
-3.15037e-15
-4.4947e-15
-5.74374e-15
-2.53795e-15
8.25977e-15
2.50224e-14
4.00979e-14
4.06081e-14
1.19231e-14
-5.2048e-14
-1.26996e-13
-1.53106e-13
-3.14561e-16
-9.45206e-16
-1.16268e-15
-1.2783e-15
-1.43136e-15
-1.47518e-15
-7.35382e-16
-4.63649e-16
2.36998e-15
9.46974e-15
1.59316e-14
1.86851e-14
1.91985e-14
3.1411e-14
8.60378e-14
2.08612e-13
3.71669e-13
4.70395e-13
3.6736e-13
6.33149e-14
5.34213e-16
2.38653e-15
3.34282e-15
5.35928e-15
1.24119e-14
2.24691e-14
2.11803e-14
2.73267e-14
2.69229e-14
-1.45623e-14
-1.35854e-13
-3.88521e-13
-8.14307e-13
-1.27891e-12
-1.41846e-12
-9.82406e-13
-2.17327e-13
4.48032e-13
6.7176e-13
2.91661e-13
5.79813e-16
1.43551e-15
-1.44393e-15
-6.48577e-15
-4.97644e-14
-1.65953e-13
-1.62349e-13
-1.40893e-13
-1.42884e-13
-1.91423e-13
-2.57389e-13
-3.49722e-13
-5.86526e-13
-1.21276e-12
-2.22e-12
-2.93243e-12
-2.54377e-12
-1.22275e-12
-8.41408e-15
3.51363e-13
-3.77186e-15
-6.80839e-14
-5.10101e-14
-5.47266e-14
-3.85239e-14
5.22905e-13
5.37193e-13
6.16937e-13
8.37024e-13
1.09928e-12
1.27128e-12
1.64909e-12
2.29557e-12
3.11959e-12
5.10499e-12
7.54707e-12
7.23268e-12
3.88918e-12
7.10644e-13
-1.80085e-12
2.64519e-17
4.63175e-13
4.54949e-13
4.37128e-13
4.3928e-13
7.64263e-13
8.36536e-13
8.70712e-13
9.08424e-13
9.71097e-13
1.00988e-12
1.10124e-12
1.29185e-12
1.50414e-12
1.86076e-12
2.37128e-12
2.42802e-12
1.511e-12
-1.78398e-12
-1.03859e-11
3.76188e-15
3.50596e-13
2.32271e-13
1.53489e-13
1.66951e-14
7.17069e-14
1.40006e-13
1.16284e-13
-1.25604e-14
-1.49371e-13
-2.83905e-13
-4.44619e-13
-6.06935e-13
-8.01007e-13
-9.55242e-13
-1.20335e-12
-1.63404e-12
-2.36281e-12
-3.59361e-12
-9.5268e-12
3.1399e-14
-3.07714e-13
-5.57228e-13
-6.39226e-13
-7.63966e-13
-8.63136e-13
-9.11214e-13
-9.51631e-13
-1.02348e-12
-1.09952e-12
-1.20337e-12
-1.36476e-12
-1.55825e-12
-1.76295e-12
-1.95204e-12
-2.22507e-12
-2.63244e-12
-3.19248e-12
-4.13182e-12
-7.79276e-12
)
;
    }
}


// ************************************************************************* //
