/*--------------------------------*- C++ -*----------------------------------*\
| =========                 |                                                 |
| \\      /  F ield         | OpenFOAM: The Open Source CFD Toolbox           |
|  \\    /   O peration     | Version:  4.1                                   |
|   \\  /    A nd           | Web:      www.OpenFOAM.org                      |
|    \\/     M anipulation  |                                                 |
\*---------------------------------------------------------------------------*/
FoamFile
{
    version     2.0;
    format      ascii;
    class       surfaceScalarField;
    location    "13";
    object      phi;
}
// * * * * * * * * * * * * * * * * * * * * * * * * * * * * * * * * * * * * * //

dimensions      [0 3 -1 0 0 0 0];

internalField   nonuniform List<scalar> 
2360
(
-9127.51
-6545.64
-2581.86
-6545.64
-6545.64
-3955.4
-2590.24
-3955.4
-3955.4
-3955.4
-1146.89
-2808.51
-1146.88
-1146.89
2647.58
-3794.46
2647.58
2647.58
7512.76
-4865.19
7512.77
7512.76
13135.4
-5622.6
13135.4
13135.4
13480.2
14492.3
16187.4
18097
19928.1
21606.1
18197.9
4981.78
19621.3
20924.3
22108.5
23175.4
24125.6
24960
25679.6
26286.4
26781.5
27167.8
27449.1
27626.7
27653.5
15507.5
12146
15507.5
15507.5
15507.5
2881.92
12625.6
2881.92
2881.93
2881.93
-471.074
3353
-471.071
-471.069
-2260.02
1788.95
-2260.01
-2260.01
-2260.01
-14742.1
12482.1
-14742.1
-14742.1
-14742.1
-27648.5
12906.4
-27623.4
-27447.4
-27166.8
-26781
-26286.2
-25679.4
-24959.5
-24124.4
-23173.2
-22105
-20919.5
-19615.2
-18190.9
-22406.2
5789.24
-20732.4
-18904.7
-16997
-15301.6
-14285.6
-13937.8
-13937.8
-13937.8
-10314.5
-3623.28
-10314.5
-10314.5
-6755.15
-3559.35
-6755.15
-6755.15
-2925.34
-3829.81
-2925.34
-2925.34
1101.42
-4026.76
1101.42
1101.42
1101.42
4978.67
-3877.24
4978.67
4978.67
8593.18
-3614.51
-3867.18
20.7053
-5498.68
-3339.44
-6385.45
-4254.45
-6354.91
-6919.39
-5646.72
-10204.8
-4508.3
-13259.6
-2772.29
-14040.2
-1193.78
-2087.38
-503.496
12636.4
72.8701
17794.9
711.986
18344.5
1537.61
14579.4
2900.41
3784.29
4184.57
-7920.64
5369.25
-10640.4
6037.88
-7683.38
5614.5
-364.977
4790.21
4478.29
3387.06
-4589.03
1258.98
-5329.43
-2599.04
-4656.97
-4926.91
-3332.25
-8244.11
-1958.45
-11578.5
-1011.53
-14206.5
-390.054
-14661.6
-556.428
-1921
-641.788
12721.7
-308.485
17461.6
245.087
17790.9
1256.7
13567.8
3434.47
1606.52
5200.75
-9686.92
6920.25
-12359.9
8053.33
-8816.47
7402.08
286.277
5594.17
6286.2
5103.99
-4151.27
2176.25
-4096.21
-2654.1
-2993.22
-6029.91
-1711.77
-9525.55
-648.816
-12641.5
17.5007
-14872.8
141.436
-14785.6
-669.197
-1110.37
-964.851
13017.4
-831.229
17328
-477.208
17436.9
590.206
12500.4
3302.59
-1105.86
5038.27
-11422.6
6686.06
-14007.7
8119.57
-10250
7942.28
463.564
6048.78
8179.7
7126.02
-3477.66
2854.77
-3113.89
-3017.86
-2075.87
-7067.92
-1080.67
-10520.8
-406.487
-13315.7
-10.6006
-15268.7
-296.897
-14499.3
-1247
-160.269
-1398.69
13169.1
-1465.54
17394.8
-1430.45
17401.8
-328.809
11398.8
2308.8
-3743.47
3065.27
-12179.1
3809.42
-14751.9
5375.13
-11815.7
6326.24
-487.548
5563.46
8942.47
8859.67
-2871.2
3346.05
-2381.9
-3507.17
-1467.33
-7982.49
-769.766
-11218.3
-425.394
-13660.1
-312.827
-15381.3
-1140.59
-13671.5
-2123.22
822.364
-2014.62
13060.5
-2267.49
17647.7
-2498.96
17633.3
-1352.17
10252
-347.497
-4748.15
-1273.66
-11252.9
-1493.82
-14531.7
22.4858
-13332
2230.9
-2695.96
3744.46
7428.91
9044.78
-2377.99
3671.15
-1858.84
-4026.32
-1085.15
-8756.17
-723.563
-11579.9
-681.105
-13702.5
-907.125
-15155.3
-2257.97
-12320.7
-3253.43
1817.82
-2999.65
12806.7
-3216.36
17864.4
-3596.75
18013.7
-3235.91
9891.11
-4308.19
-3675.87
-5932.44
-9628.65
-6231.56
-14232.6
-4758.03
-14805.5
-1524.45
-5929.54
1414.02
4490.45
6835.52
-2012
3826.41
-1479.68
-4558.63
-894.901
-9340.95
-905.302
-11569.5
-1139.92
-13467.9
-1823.04
-14472.1
-3669.62
-10474.1
-4580.31
2728.5
-4232.77
12459.2
-4242.87
17874.5
-4772.27
18543.1
-5759.95
10878.8
-8102.69
-1333.13
-9664.21
-8067.13
-10211.5
-13685.3
-9497.37
-15519.7
-5777.69
-9649.22
-2440.67
1153.43
10184.1
-1745.21
3804.39
-1250.63
-5053.21
-955.083
-9636.5
-1319.56
-11205
-1832.45
-12955
-3071.33
-13233.3
-5226.36
-8319.05
-5937.01
3439.15
-5521.04
12043.2
-5371.87
17725.3
-6015.73
19186.9
-7920.57
12783.6
-10569.9
1316.15
-11759
-6877.97
-12870
-12574.3
-14270
-14119.6
-13780.2
-10139
-12370.7
-256.05
10719.8
-1564.9
3577.99
-1213.14
-5404.97
-1279.5
-9570.14
-1900.21
-10584.3
-2770.17
-12085.1
-4559.93
-11443.5
-6770.19
-6108.79
-7292.95
3961.91
-6880.56
11630.8
-6656.31
17501.1
-7323.28
19853.9
-9481.13
14941.5
-11511.7
3346.69
-11960.2
-6429.39
-13247.8
-11286.8
-15728
-11639.4
-17372.7
-8494.38
-16320.1
-1308.66
6881.79
-1371.21
2972.59
-1263.7
-5512.49
-1792.01
-9041.83
-2591.69
-9784.65
-3961.8
-10714.9
-6135
-9270.3
-8128.4
-4115.39
-8519.31
4352.83
-8211.35
11322.9
-8001.15
17290.9
-8625.63
20478.4
-10441.1
16757
-11236.8
4142.37
-11138.4
-6527.78
-12699.9
-9725.27
-14123.4
-10215.9
-13293.7
-9324.07
-9677.75
-4924.61
-1007.01
-1319.15
1635.11
-1325.01
-5506.63
-2358.23
-8008.6
-3410.19
-8732.69
-5356.77
-8768.36
-7633
-6994.07
-9169.02
-2579.36
-9393.64
4577.44
-9246.95
11176.2
-9217.12
17261.1
-9839.5
21100.7
-10699.9
17617.4
-9280.82
2723.25
-8363.77
-7444.83
-11231.6
-6857.42
-14385.6
-7061.92
-14607.1
-9102.57
-11013.2
-8518.52
-8667.19
-1874.74
-432.865
-1669.2
-5712.17
-2894.41
-6783.4
-4402.67
-7224.43
-6828.7
-6342.33
-9006.95
-4815.82
-10098.8
-1487.49
-10143.2
4621.84
-10122.2
11155.2
-10391.7
17530.5
-10940
21649.1
-10110
16787.4
-6104.27
-1282.45
-3298.17
-10250.9
-4062.23
-6093.36
-7225.9
-3898.24
-11538.9
-4789.55
-14394.3
-5663.12
-10435.9
-2602.4
-2157.42
-2342.4
-5972.17
-3427.46
-5698.34
-5505.08
-5146.82
-8182.34
-3665.07
-10248.8
-2749.39
-11236.6
-499.675
-11336.9
4722.15
-11451.2
11269.5
-11891.2
17970.4
-11881.4
21639.3
-8944.02
13850
-4320.26
-5906.21
-1866.79
-12704.4
564.702
-8524.86
3079.82
-6413.37
582.829
-2292.56
-6432.9
1352.61
-4722.79
-2715.86
-3147.75
-2740.13
-5947.9
-3940.42
-4498.04
-6446.07
-2641.17
-9128.43
-982.714
-11143.1
-734.664
-12381.9
739.03
-12910.1
5250.35
-13289.4
11648.8
-13540.2
18221.2
-12136.6
20235.7
-6681.93
8395.34
-2282.6
-10305.5
-1028.71
-13958.3
643.924
-10197.5
1861.18
-7630.62
3447.52
-3878.9
3287.11
1513.01
3546.1
-2663.52
-3848.08
-2867.26
-5744.16
-4259.25
-3106.06
-6775.12
-125.294
-9223.29
1465.45
-11283
1325.06
-12923.2
2379.24
-14014.4
6341.51
-14681.6
12316
-14363.5
17903.1
-11019.2
16891.5
-3967.39
1343.49
-553.914
-13719
28.1245
-14540.3
1538.04
-11707.4
2596.27
-8688.85
3334.68
-4617.31
4731.08
116.612
2654.58
-2607.35
-4309.89
-2858.39
-5493.12
-4106.02
-1858.43
-6214.09
1982.78
-8372.81
3624.17
-10556.6
3508.84
-12539.2
4361.89
-14018.2
7820.43
-14737.8
13035.7
-13496
16661.3
-7989.77
11385.3
-1458.75
-5187.52
340.881
-15518.6
965.874
-15165.3
2166.89
-12908.4
3006.47
-9528.43
3480.4
-5091.24
4425.68
-828.676
2215.08
-2500.63
-4606.41
-2679.15
-5314.6
-3546.28
-991.303
-5141.33
3577.83
-7037.9
5520.74
-9249.55
5720.49
-11391.3
6503.63
-12981
9410.16
-13430.8
13485.4
-11095.3
14325.8
-4208.67
4498.68
393.538
-9789.73
844.06
-15969.2
1754.35
-16075.6
2667.09
-13821.2
3247.65
-10109
3570.29
-5413.87
3892
-1150.38
2312.61
-2372.53
-4798.88
-2395.09
-5292.04
-2805.67
-580.724
-3981.63
4753.79
-5576.65
7115.77
-7623.74
7767.57
-9710.7
8590.6
-11207.5
10907
-11213.8
13491.7
-7950.29
11062.3
-1895.47
-1556.14
834.605
-12519.8
1333.56
-16468.1
2262.1
-17004.1
2979.36
-14538.4
3339.51
-10469.1
3491.71
-5566.08
3446.17
-1104.84
2950.27
-2241.45
-4921.46
-2106.52
-5426.97
-2038.25
-648.995
-2865.22
5580.76
-4217.99
8468.53
-6089.78
9639.36
-8094.07
10594.9
-9459.52
12272.4
-8898.66
12930.8
-4733.32
6896.91
-426.814
-5862.65
853.567
-13800.2
1714.11
-17328.7
2578.45
-17868.5
3115.43
-15075.4
3303.02
-10656.7
3312.6
-5575.66
3125.02
-917.261
3485.05
-2111.48
-1912.01
-1576.77
-1734.1
-2454.98
-3721.33
-5265.83
-6411.22
-5935.59
-3031.4
-339.918
924.303
1947.49
2743.3
3144.67
3244.7
3181.63
3098.23
-93.9792
-250.903
-3.32362
-1102.67
207.76
-1906.2
464.385
-2166.25
703.05
-2069.76
910.884
-1885.86
1052.21
-1714.9
1192.64
-1563.79
1305.72
-1416.09
1390.6
-1269.06
1445.95
-1122.31
1470.33
-974.608
1461.39
-825.439
1415.65
-673.832
1328.82
-519.962
1191.21
-357.481
976.729
-171.879
606.546
88.8869
318.381
110.591
291.516
386.529
-637.433
667.282
-1383.42
673.96
-1912.88
571.899
-2064.18
471.29
-1969.16
403.676
-1818.25
364.141
-1675.37
331.807
-1531.45
300.309
-1384.6
267.6
-1236.36
231.281
-1085.99
187.252
-930.581
130.811
-769
59.1604
-602.184
-26.332
-434.472
-118.678
-265.139
-190.676
-99.8933
-51.1009
-50.6995
-93.2288
152.716
198.287
476.709
-1114.14
969.06
-1875.78
999.414
-1943.23
750.616
-1815.39
467.036
-1685.58
223.773
-1574.99
7.25268
-1458.85
-196.711
-1327.49
-390.762
-1190.55
-576.25
-1050.87
-753.794
-908.447
-922.804
-761.572
-1080.43
-611.377
-1218.8
-463.81
-1320.04
-333.235
-1346.08
-239.097
-1243.43
-202.547
-1054.08
-240.05
-564.879
-336.49
-366.592
162.996
-1277.14
268.415
-1981.19
122.295
-1797.11
-126.566
-1566.53
-373.727
-1438.42
-606.172
-1342.54
-828.744
-1236.28
-1044.36
-1111.88
-1255.71
-979.197
-1467.11
-839.465
-1678.04
-697.52
-1879.46
-560.156
-2049.7
-441.134
-2151.45
-362.056
-2133.5
-351.19
-1942.07
-430.531
-1545.88
-598.737
-976.31
-809.617
-372.764
-940.037
-739.356
-98.2185
-1178.92
-163.027
-1916.39
-231.487
-1728.65
-283.452
-1514.56
-347.644
-1374.23
-433.412
-1256.78
-518.405
-1151.29
-590.535
-1039.75
-644.709
-925.026
-679.037
-805.139
-692.855
-683.704
-685.639
-567.374
-653.928
-472.847
-589.743
-426.243
-482.535
-458.4
-333.152
-579.915
-171.789
-760.102
-49.4678
-931.94
-6.50114
-983.005
-745.857
-135.974
-1042.95
-109.459
-1942.9
2.18477
-1840.3
84.0368
-1596.42
133.774
-1423.96
172.085
-1295.09
216.558
-1195.76
275.912
-1099.11
356.172
-1005.28
462.802
-911.769
597.627
-818.529
755.68
-725.427
919.179
-636.345
1054.67
-561.739
1116.04
-519.766
1062.59
-526.463
881.39
-578.903
597.279
-647.828
278.963
-664.69
-466.894
-46.2154
-996.735
-3.56197
-1985.56
83.7176
-1927.58
153.69
-1666.39
223.492
-1493.77
295.564
-1367.16
368.686
-1268.89
442.574
-1173
517.92
-1080.63
596.612
-990.462
680.875
-902.792
772.336
-816.888
867.484
-731.493
952.874
-647.13
1001.04
-567.935
976.389
-501.809
854.198
-456.711
628.976
-422.605
334.529
-370.242
-132.365
91.2793
-1088.01
139.04
-2033.32
184.943
-1973.48
230.935
-1712.38
289.138
-1551.97
350.172
-1428.2
411.102
-1329.81
467.93
-1229.82
519.977
-1132.68
565.25
-1035.73
602.314
-939.855
630.606
-845.18
651.13
-752.016
663.835
-659.834
664.285
-568.384
638.485
-476.008
566.137
-384.363
427.233
-283.702
217.721
-160.729
85.3567
237.303
-1325.32
310.895
-2106.91
326.499
-1989.08
357.846
-1743.73
416.174
-1610.3
478.474
-1490.5
545.088
-1396.43
610.724
-1295.46
675.291
-1197.24
732.498
-1092.94
776.845
-984.202
802.51
-870.847
805.461
-754.967
783.256
-637.629
734.826
-519.954
658.009
-399.191
548.32
-274.672
396.618
-131.999
197.941
37.9493
283.298
334.129
-1659.45
377.995
-2150.78
363.005
-1974.09
390.516
-1771.24
456.257
-1676.04
526.512
-1560.75
608.945
-1478.86
694.428
-1380.94
782.497
-1285.31
860.043
-1170.49
919.914
-1044.07
954.286
-905.218
959.416
-760.097
932.12
-610.333
868.276
-456.109
762.01
-292.925
601.974
-114.636
383.582
86.3939
187.757
233.776
471.055
265.829
-1925.27
197.351
-2082.3
151.198
-1927.94
153.267
-1773.31
182.032
-1704.8
215.751
-1594.47
264.85
-1527.96
318.563
-1434.66
372.638
-1339.39
410.695
-1208.55
426.23
-1059.61
412.276
-891.263
369.699
-717.519
300.624
-541.258
206.457
-361.943
101.806
-188.273
25.8943
-38.7251
-23.7171
136.005
-89.349
299.407
381.706
41.0928
-1966.37
-102.792
-1938.41
-187.921
-1842.81
-261.331
-1699.9
-329.575
-1636.56
-397.722
-1526.32
-462.166
-1463.51
-525.556
-1371.26
-590.199
-1274.74
-658.571
-1140.17
-732.964
-985.214
-815.995
-808.231
-907.066
-626.448
-999.479
-448.843
-1081.79
-279.632
-1136.36
-133.702
-1129.09
-45.9986
-970.836
-22.2455
-586.586
-84.8434
-204.881
-98.5155
-1867.85
-194.814
-1842.11
-284.901
-1752.72
-398.541
-1586.26
-513.606
-1521.49
-645.683
-1394.24
-790.099
-1319.1
-945.756
-1215.61
-1101.91
-1118.59
-1244.52
-997.561
-1366.13
-863.607
-1463.32
-711.041
-1537.67
-552.093
-1582.12
-404.396
-1568
-293.754
-1453.3
-248.399
-1214.07
-285.227
-833.552
-402.765
-358.65
-559.745
-563.531
-29.3079
-1838.54
-27.9314
-1843.49
-39.8006
-1740.85
-72.96
-1553.1
-105.177
-1489.27
-151.497
-1347.92
-209.503
-1261.09
-276.745
-1148.36
-343.245
-1052.08
-391.711
-949.093
-408.301
-847.017
-380.076
-739.263
-304.261
-627.907
-188.418
-520.236
-47.3347
-434.835
101.915
-397.645
229.396
-412.706
283.647
-457.014
200.01
-476.107
-363.52
63.5684
-1902.11
94.963
-1874.88
138.663
-1784.55
179.307
-1593.74
220.302
-1530.27
264.44
-1392.06
305.374
-1302.03
349.131
-1192.12
392.493
-1095.44
442.346
-998.945
502.829
-907.499
582.516
-818.949
685.815
-731.206
806.218
-640.638
915.527
-544.142
961.759
-443.877
899.213
-350.159
701.962
-259.763
386.533
-160.678
23.0125
91.2601
-1993.37
99.2797
-1882.9
143.617
-1828.89
194.22
-1644.34
247.365
-1583.41
307.634
-1452.33
371.199
-1365.59
441.308
-1262.23
515.751
-1169.89
593.384
-1076.58
671.802
-985.916
747.506
-894.651
815.223
-798.923
865.802
-691.217
884.26
-562.599
845.861
-405.478
744.934
-249.233
574.168
-88.9968
320.528
92.9615
343.541
27.7424
-2021.11
-9.80472
-1845.35
-8.65805
-1830.03
10.7316
-1663.73
33.7659
-1606.44
74.1417
-1492.7
122.162
-1413.61
182.773
-1322.84
254.492
-1241.61
337.99
-1160.07
432.747
-1080.67
535.02
-996.924
635.001
-898.903
712.189
-768.405
729.241
-579.65
632.028
-308.265
411.077
-28.2797
212.562
109.52
68.6282
236.897
412.169
-157.762
-1863.35
-344.086
-1659.03
-490.771
-1683.35
-594.798
-1559.7
-688.388
-1512.85
-749.046
-1432.04
-794.03
-1368.62
-816.828
-1300.04
-822.209
-1236.23
-809.221
-1173.06
-778.881
-1111.01
-731.62
-1044.18
-669.057
-961.466
-593.516
-843.946
-506.933
-666.232
-408.724
-406.474
-318.003
-119.001
-245.581
37.099
-177.214
168.53
234.955
-217.368
-1645.98
-484.004
-1392.39
-765.644
-1401.71
-1007.37
-1317.98
-1240.69
-1279.53
-1442.91
-1229.83
-1623.46
-1188.07
-1777.66
-1145.83
-1908.47
-1105.42
-2015.93
-1065.6
-2100.59
-1026.35
-2158.77
-986.01
-2179.64
-940.59
-2140.61
-882.981
-2002.08
-804.762
-1708.01
-700.538
-1255.1
-571.912
-791.122
-426.881
-352.451
-270.141
-117.496
-670.979
-1088.37
-1515.08
-1858.06
-2162.59
-2417.41
-2630.49
-2801.32
-2931.74
-3022.34
-3073.69
-3084.7
-3050.29
-2958.27
-2788.03
-2513.57
-2110.48
-1562.36
-857.504
-670.958
1645.96
-1088.33
1392.37
-1515.02
1401.69
-1857.98
1317.96
-2162.5
1279.51
-2417.31
1229.81
-2630.37
1188.06
-2801.18
1145.82
-2931.59
1105.4
-3022.17
1065.59
-3073.51
1026.34
-3084.51
985.997
-3050.08
940.568
-2958.02
882.946
-2787.75
804.722
-2513.27
700.52
-2110.23
571.959
-1562.23
427.006
-857.478
270.246
117.522
-217.382
1863.34
-484.038
1659.03
-765.7
1683.35
-1007.45
1559.71
-1240.81
1512.87
-1443.06
1432.07
-1623.66
1368.65
-1777.91
1300.07
-1908.78
1236.27
-2016.3
1173.11
-2101.03
1111.07
-2159.26
1044.22
-2180.15
961.458
-2141.05
843.85
-2002.34
666.008
-1707.98
406.158
-1254.94
118.92
-790.994
-36.9379
-352.284
-168.464
-234.762
-157.818
2021.16
-344.192
1845.4
-490.93
1830.09
-595.013
1663.8
-688.663
1606.52
-749.382
1492.78
-794.43
1413.7
-817.294
1322.94
-822.743
1241.72
-809.827
1160.2
-779.565
1080.8
-732.387
997.047
-669.908
898.979
-594.434
768.376
-507.862
579.437
-409.574
307.869
-318.762
28.108
-246.15
-109.551
-177.53
-237.084
-412.291
27.7301
1993.43
-9.87282
1883.01
-8.75766
1828.97
10.603
1644.44
33.6153
1583.51
73.9713
1452.43
121.976
1365.69
182.576
1262.34
254.289
1170
337.79
1076.69
432.558
986.037
534.839
894.765
634.808
799.011
711.933
691.25
728.825
562.545
631.373
405.322
410.412
249.069
212.133
88.727
68.339
-93.2897
-343.952
91.3705
1902.06
99.3418
1875.04
143.695
1784.62
194.315
1593.82
247.498
1530.32
307.783
1392.14
371.383
1302.09
441.516
1192.2
515.994
1095.52
593.662
999.027
672.123
907.576
747.869
819.018
815.61
731.27
866.158
640.702
884.49
544.213
845.886
443.926
744.816
350.139
573.947
259.596
320.317
160.34
-23.6355
63.6994
1838.36
95.0912
1843.64
138.841
1740.87
179.572
1553.09
220.657
1489.24
264.913
1347.89
305.994
1261.01
349.926
1148.27
393.487
1051.96
443.534
948.979
504.184
846.926
583.969
739.233
687.245
627.994
807.458
520.489
916.385
435.286
962.158
398.152
899.332
412.965
701.945
456.982
386.515
475.77
362.88
-29.0164
1867.37
-27.3791
1842.01
-38.9719
1752.46
-71.8283
1585.94
-103.753
1521.16
-149.753
1393.89
-207.435
1318.7
-274.323
1215.16
-340.449
1118.09
-388.525
997.055
-404.727
863.129
-376.153
710.66
-300.05
551.89
-183.989
404.428
-42.7795
294.076
106.311
249.061
233.272
286.005
286.351
403.903
201.137
560.984
564.017
-98.7214
1966.1
-194.833
1938.12
-284.902
1842.53
-398.593
1699.63
-513.714
1636.28
-645.904
1526.08
-790.462
1463.25
-946.278
1370.97
-1102.55
1274.37
-1245.21
1139.71
-1366.78
984.69
-1463.82
807.7
-1537.91
625.984
-1581.95
448.468
-1567.23
279.36
-1451.88
133.704
-1212.32
46.4529
-831.773
23.3518
-357.442
86.6529
206.575
40.5061
1925.59
-103.434
2082.06
-188.711
1927.81
-262.36
1773.28
-330.883
1704.81
-399.339
1594.53
-464.141
1528.06
-527.925
1434.76
-592.98
1339.42
-661.745
1208.48
-736.489
1059.43
-819.804
891.015
-911.078
717.257
-1003.61
541.003
-1085.94
361.684
-1140.32
188.084
-1132.54
38.6755
-973.202
-135.986
-587.384
-299.166
-380.809
265.525
1660.06
196.73
2150.85
150.374
1974.16
152.227
1771.43
180.742
1676.29
214.225
1561.05
263.071
1479.21
316.512
1381.32
370.266
1285.67
407.968
1170.78
423.137
1044.27
408.849
905.304
366.024
760.082
296.81
610.217
202.633
455.861
98.2288
292.489
23.1634
113.741
-25.4718
-87.3504
-90.462
-234.175
-471.271
334.423
1325.64
378.2
2107.08
363.081
1989.28
390.535
1743.97
456.266
1610.56
526.542
1490.77
609.03
1396.72
694.581
1295.76
782.708
1197.54
860.281
1093.2
920.147
984.4
954.488
870.963
959.586
754.984
932.267
637.536
868.388
519.74
762.023
398.853
601.552
274.212
382.77
131.431
187.272
-38.6771
-283.999
237.797
1087.84
311.497
2033.38
327.013
1973.77
358.32
1712.67
416.66
1552.22
478.992
1428.44
545.655
1330.06
611.351
1230.07
675.979
1132.91
733.234
1035.95
777.609
940.025
803.283
845.289
806.21
752.057
783.938
659.808
735.377
568.302
658.384
475.846
548.523
384.073
396.717
283.237
197.98
160.06
-86.0188
91.651
996.193
139.438
1985.59
185.228
1927.98
231.128
1666.77
289.264
1494.09
350.238
1367.47
411.119
1269.18
467.908
1173.28
519.923
1080.9
565.16
990.712
602.153
903.031
630.311
817.131
650.597
731.772
662.982
647.423
663.165
568.119
637.258
501.753
565.005
456.326
426.388
421.854
217.237
369.21
131.219
-45.7622
1041.96
-3.16103
1942.99
83.9613
1840.86
153.839
1596.89
223.598
1424.33
295.635
1295.43
368.687
1196.13
442.42
1099.55
517.504
1005.81
595.842
912.374
679.66
819.214
770.461
726.331
864.99
637.242
950.093
562.32
998.271
519.941
974.043
525.981
852.535
577.834
628.023
646.367
334.093
663.14
465.312
-135.797
1177.75
-109.202
1916.39
2.53392
1729.12
84.5538
1514.87
134.592
1374.29
173.287
1256.73
218.144
1151.27
277.846
1039.84
358.398
925.263
465.275
805.496
600.324
684.166
758.57
568.084
922.247
473.566
1057.7
426.865
1118.59
459.049
1064.42
580.154
882.593
759.662
598.081
930.878
279.532
981.69
744.843
-97.9448
1275.7
-162.182
1980.63
-229.678
1796.62
-280.477
1565.67
-343.375
1437.19
-427.807
1341.17
-511.438
1234.9
-582.18
1110.59
-634.938
978.021
-667.835
838.394
-680.238
696.569
-671.561
559.407
-638.714
440.719
-574.168
362.319
-467.504
352.386
-319.883
432.532
-161.578
601.357
-43.2809
812.581
-4.16583
942.575
740.677
161.898
1113.8
267.16
1875.37
121.334
1942.44
-127.296
1814.3
-374.377
1684.27
-606.76
1573.55
-829.157
1457.3
-1044.47
1325.9
-1255.51
1189.06
-1466.64
1049.53
-1677.28
907.209
-1878.33
760.455
-2048.11
610.495
-2149.14
463.356
-2130.2
333.444
-1937.9
240.229
-1541.42
204.88
-972.706
243.868
-371.21
341.079
369.467
474.889
638.911
967.329
1382.93
998.019
1911.75
748.811
2063.51
464.443
1968.64
220.339
1817.65
2.95628
1674.69
-201.903
1530.76
-396.861
1384.02
-583.305
1235.97
-761.854
1085.76
-931.866
930.468
-1090.4
769.032
-1229.47
602.421
-1331.09
435.071
-1357.44
266.57
-1254.46
101.901
-1051.69
41.1023
-563.147
-147.465
-193.68
386.282
252.629
667.039
1102.17
673.412
1905.38
570.296
2166.62
468.228
2070.7
398.934
1886.95
357.851
1715.77
324.289
1564.32
291.878
1416.43
258.532
1269.32
221.79
1122.5
177.587
974.671
121.354
825.265
50.5209
673.254
-33.1179
518.709
-121.405
354.857
-186.708
167.204
-68.7496
-76.8569
-101.567
-114.648
-295.247
-95.2415
-9.00299
200.937
459.898
702.91
916.064
1057.84
1197.84
1310.05
1393.83
1448.12
1471.56
1461.78
1415.12
1327.01
1187.05
968.434
611.059
320.34
)
;

boundaryField
{
    outletWall
    {
        type            calculated;
        value           nonuniform List<scalar> 
60
(
8593.18
-2211.37
-3653.99
788.356
7014.75
9455.77
6636.48
-5147.09
-15405
-18983.6
-18371.3
-13326.7
508.866
12304.1
12121.2
9496.56
6888.85
5141.22
4970.93
1104.64
2199.68
2364.03
2564.99
2797.15
3069.16
3363.85
3706.19
4326.96
3942.71
2656.63
1976.62
1791.3
1767.23
1856.73
2052.89
2379.93
2799.14
3233.99
3350.75
2741.84
9127.51
4001.41
-833.856
-5512.59
-10756.8
-15476.8
-18664.3
-18351.8
-15064.4
-8554.13
3992.73
12455.2
13417.8
12139.4
10905.7
9189.41
5738.09
-984.232
-5626.45
-5009.66
)
;
    }
    fineWalls
    {
        type            calculated;
        value           uniform 0;
    }
    fineFrontAndBack
    {
        type            calculated;
        value           nonuniform List<scalar> 
960
(
1.20233e-12
3.92542e-12
3.68153e-13
-1.71381e-13
-4.4734e-12
-1.61875e-12
-2.12169e-12
-2.85739e-12
-1.61568e-11
-1.18612e-12
7.39142e-13
9.64948e-12
2.99356e-12
3.46574e-12
1.58082e-11
2.7886e-12
2.3989e-12
6.46136e-12
7.15294e-13
2.8313e-13
2.11475e-13
3.97892e-13
3.03604e-13
2.22328e-13
1.87542e-13
1.43821e-13
-1.63343e-12
3.6405e-14
-4.61473e-14
-1.49158e-13
-2.50473e-13
-3.63938e-13
-4.68586e-13
-5.70486e-13
-6.58711e-13
-7.42071e-13
-8.1346e-13
-8.90661e-13
-9.17721e-13
-9.37721e-13
-1.42227e-11
1.09801e-13
1.42918e-12
2.40004e-12
2.50106e-11
4.22288e-12
4.8093e-12
2.67313e-12
3.16253e-11
-7.90697e-12
-6.55411e-12
-2.23071e-11
-3.51406e-12
-3.19753e-12
-3.12665e-12
-1.93153e-11
-2.79862e-12
-1.59476e-12
-1.00728e-13
1.37469e-11
8.68177e-13
8.0832e-13
7.61259e-13
6.76353e-13
6.0756e-13
5.1646e-13
4.2189e-13
3.2431e-13
2.29571e-13
1.35794e-13
4.67047e-14
-1.85336e-14
-8.66126e-14
1.59717e-12
-1.05976e-13
-9.30644e-14
-8.29766e-14
-1.3886e-13
-2.39828e-13
-3.55129e-14
9.34527e-13
7.15669e-13
5.3796e-12
1.40366e-12
1.35855e-12
7.78429e-12
1.82943e-12
1.80342e-12
9.17439e-12
2.6123e-12
3.42278e-12
1.80785e-11
4.45288e-12
4.41109e-12
4.15381e-12
1.01344e-11
8.9873e-13
9.04614e-13
2.88608e-12
1.38989e-12
2.46937e-11
3.08627e-11
2.90909e-11
2.19614e-11
1.07001e-11
-1.31614e-12
-8.58052e-12
7.20764e-13
2.68903e-11
3.14256e-11
2.86745e-11
2.19903e-11
1.41967e-11
1.10212e-11
7.88993e-12
5.56592e-12
3.83883e-12
2.20475e-12
-1.93113e-12
2.61e-11
2.74597e-11
1.70245e-11
3.4848e-12
-1.03768e-11
-2.14033e-11
-2.61891e-11
-1.68896e-11
2.72331e-11
3.14012e-11
2.8681e-11
2.21626e-11
1.50785e-11
1.21249e-11
7.75739e-12
4.11371e-12
3.60854e-12
3.10775e-12
-1.06351e-12
2.37344e-11
1.81552e-11
5.48673e-12
-6.99426e-12
-1.79356e-11
-2.43158e-11
-2.4052e-11
-1.43134e-11
2.31426e-11
3.17159e-11
2.86351e-11
2.21663e-11
1.60662e-11
8.87758e-12
9.32346e-14
-6.16855e-12
-4.16031e-12
1.58476e-12
-2.73388e-12
2.09138e-11
9.92441e-12
-2.42925e-12
-1.33167e-11
-2.2337e-11
-2.4819e-11
-2.05194e-11
-7.24379e-12
1.55002e-11
3.24638e-11
2.84028e-11
2.18715e-11
1.63645e-11
-3.85438e-12
-1.72755e-11
-2.4748e-11
-2.22658e-11
-5.44512e-12
-3.47422e-12
1.89443e-11
5.24861e-12
-6.61324e-12
-1.75107e-11
-2.47981e-11
-2.33775e-11
-1.5489e-11
-4.58353e-13
1.15891e-11
3.21173e-11
2.80267e-11
2.12274e-11
3.90987e-12
-2.22123e-11
-3.27417e-11
-3.65929e-11
-3.11766e-11
-1.27915e-11
-4.86286e-12
1.79402e-11
3.12352e-12
-9.63059e-12
-2.16347e-11
-2.59787e-11
-2.0988e-11
-9.49938e-12
6.2098e-12
1.3118e-11
2.93546e-11
2.79205e-11
1.82958e-11
-1.3122e-11
-2.73636e-11
-3.27099e-11
-3.40675e-11
-2.14404e-11
-1.74564e-11
-1.15846e-11
1.74711e-11
8.70356e-13
-1.41662e-11
-2.52663e-11
-2.54678e-11
-1.73772e-11
-2.07444e-12
1.23156e-11
1.60441e-11
2.5748e-11
2.74544e-11
1.34922e-11
-1.59284e-11
-1.93172e-11
-2.49412e-11
-3.18456e-11
-2.20645e-11
-6.49225e-12
-3.05813e-12
1.71724e-11
-2.63549e-12
-2.01626e-11
-2.66548e-11
-2.3501e-11
-1.21682e-11
7.16892e-12
1.73704e-11
1.90587e-11
2.38873e-11
2.54676e-11
9.28863e-12
-8.16447e-12
-4.92216e-12
-1.24011e-11
-2.67665e-11
-2.87322e-11
-3.62092e-12
7.59698e-12
1.6819e-11
-7.77238e-12
-2.52104e-11
-2.55914e-11
-2.09285e-11
-5.72628e-12
1.82537e-11
2.04629e-11
2.12357e-11
2.33231e-11
2.31538e-11
9.85814e-12
1.07666e-12
5.65394e-12
2.34234e-12
-4.66326e-12
-2.48687e-11
-3.53508e-11
-2.81064e-11
1.59375e-11
-1.54507e-11
-2.65629e-11
-2.3634e-11
-1.79078e-11
-5.7141e-13
2.33624e-11
2.19071e-11
2.18417e-11
2.12219e-11
1.55261e-11
-8.63868e-13
2.35526e-12
2.56769e-12
9.24482e-12
3.15132e-11
3.92758e-11
2.30864e-11
-1.98213e-11
1.4337e-11
-2.41926e-11
-2.47499e-11
-2.1945e-11
-1.34446e-11
1.61338e-13
9.29826e-12
2.57741e-11
2.11917e-11
1.75314e-11
9.84327e-12
-6.77767e-13
4.23292e-12
2.78494e-12
1.31474e-11
3.34599e-11
6.03355e-11
8.92598e-11
9.48809e-11
7.87852e-12
-2.74586e-11
-2.312e-11
-2.03243e-11
-7.47933e-12
1.14711e-11
2.32119e-11
2.39055e-11
2.03944e-11
1.53477e-11
8.57891e-12
2.40758e-12
-3.76536e-12
-1.19832e-11
-5.54754e-13
8.96152e-12
5.71174e-12
7.67016e-12
2.24246e-11
-1.42919e-11
-2.38173e-11
-2.29027e-11
-1.76734e-11
-2.11456e-12
1.37164e-11
2.09834e-11
2.16666e-11
1.93329e-11
1.49789e-11
9.24482e-12
1.56e-12
-1.2725e-11
-1.49799e-11
-1.02515e-11
-8.53382e-12
-4.61634e-12
-5.96384e-13
-1.17253e-11
-2.29673e-11
-2.23501e-11
-2.2536e-11
-1.47395e-11
1.02651e-12
1.28579e-11
1.77843e-11
1.91316e-11
1.81288e-11
1.48866e-11
8.90812e-12
-2.36483e-12
-1.74909e-11
-1.38517e-11
-9.27409e-12
-6.1888e-12
-5.51835e-12
-2.41021e-12
-8.76941e-12
-2.17386e-11
-2.28683e-11
-2.17344e-11
-1.32074e-11
-2.43358e-13
8.27344e-12
1.29577e-11
1.56232e-11
1.613e-11
1.35534e-11
6.24939e-12
-7.83502e-12
-1.85134e-11
-1.38622e-11
-9.62633e-12
-6.23813e-12
-4.19507e-12
-1.39527e-12
-7.43141e-12
-2.14802e-11
-2.25992e-11
-2.15504e-11
-1.44251e-11
-5.17638e-12
1.81614e-12
6.67727e-12
1.0387e-11
1.21855e-11
1.00307e-11
1.29053e-12
-1.42463e-11
-1.76079e-11
-1.38269e-11
-9.48242e-12
-6.0937e-12
-3.91822e-12
-1.34085e-12
-8.54443e-12
-2.11955e-11
-2.24448e-11
-2.18892e-11
-1.72168e-11
-1.05189e-11
-4.46119e-12
1.1993e-13
3.90559e-12
6.28103e-12
4.47602e-12
-4.82307e-12
-1.83863e-11
-1.72171e-11
-1.35726e-11
-9.23672e-12
-5.74565e-12
-3.41121e-12
-1.9504e-12
-6.21167e-12
-2.09299e-11
-2.22863e-11
-2.22849e-11
-1.9845e-11
-1.50111e-11
-9.77696e-12
-5.72202e-12
-2.58374e-12
-4.56242e-13
-2.11166e-12
-1.09523e-11
-1.8432e-11
-1.71959e-11
-1.32048e-11
-8.8712e-12
-5.34288e-12
-2.94932e-12
-2.44486e-12
3.30501e-12
-2.06826e-11
-2.2149e-11
-2.24281e-11
-2.16889e-11
-1.83539e-11
-1.37211e-11
-9.88048e-12
-7.58145e-12
-6.47925e-12
-8.47233e-12
-1.62362e-11
-1.81165e-11
-1.69863e-11
-1.28712e-11
-8.45111e-12
-4.87366e-12
-2.48052e-12
-1.17395e-12
3.21818e-12
-2.0485e-11
-2.20454e-11
-2.2334e-11
-2.28716e-11
-2.14844e-11
-1.8455e-11
-1.49573e-11
-1.26474e-11
-1.20931e-11
-1.37604e-11
-1.72691e-11
-1.8069e-11
-1.68506e-11
-1.25873e-11
-8.07162e-12
-4.46107e-12
-2.0138e-12
-3.27548e-13
-3.93572e-13
-1.20233e-12
-3.92542e-12
-3.68153e-13
1.71381e-13
4.4734e-12
1.61875e-12
2.12169e-12
2.85739e-12
1.61568e-11
1.18612e-12
-7.39142e-13
-9.64948e-12
-2.99356e-12
-3.46574e-12
-1.58082e-11
-2.7886e-12
-2.3989e-12
-6.46136e-12
-7.15294e-13
-2.8313e-13
-2.11475e-13
-3.97892e-13
-3.03604e-13
-2.22328e-13
-1.87542e-13
-1.43821e-13
1.63343e-12
-3.6405e-14
4.61473e-14
1.49158e-13
2.50473e-13
3.63938e-13
4.68586e-13
5.70486e-13
6.58711e-13
7.42071e-13
8.1346e-13
8.90661e-13
9.17721e-13
9.37721e-13
1.42227e-11
-1.09801e-13
-1.42918e-12
-2.40004e-12
-2.50106e-11
-4.22288e-12
-4.8093e-12
-2.67313e-12
-3.16253e-11
7.90697e-12
6.55411e-12
2.23071e-11
3.51406e-12
3.19753e-12
3.12665e-12
1.93153e-11
2.79862e-12
1.59476e-12
1.00728e-13
-1.37469e-11
-8.68177e-13
-8.0832e-13
-7.61259e-13
-6.76353e-13
-6.0756e-13
-5.1646e-13
-4.2189e-13
-3.2431e-13
-2.29571e-13
-1.35794e-13
-4.67047e-14
1.85336e-14
8.66126e-14
-1.59717e-12
1.05976e-13
9.30644e-14
8.29766e-14
1.3886e-13
2.39828e-13
3.55129e-14
-9.34527e-13
-7.15669e-13
-5.3796e-12
-1.40366e-12
-1.35855e-12
-7.78429e-12
-1.82943e-12
-1.80342e-12
-9.17439e-12
-2.6123e-12
-3.42278e-12
-1.80785e-11
-4.45288e-12
-4.41109e-12
-4.15381e-12
-1.01344e-11
-8.9873e-13
-9.04614e-13
-2.88608e-12
-1.38989e-12
-2.46937e-11
-3.08627e-11
-2.90909e-11
-2.19614e-11
-1.07001e-11
1.31614e-12
8.58052e-12
-7.20764e-13
-2.68903e-11
-3.14256e-11
-2.86745e-11
-2.19903e-11
-1.41967e-11
-1.10212e-11
-7.88993e-12
-5.56592e-12
-3.83883e-12
-2.20475e-12
1.93113e-12
-2.61e-11
-2.74597e-11
-1.70245e-11
-3.4848e-12
1.03768e-11
2.14033e-11
2.61891e-11
1.68896e-11
-2.72331e-11
-3.14012e-11
-2.8681e-11
-2.21626e-11
-1.50785e-11
-1.21249e-11
-7.75739e-12
-4.11371e-12
-3.60854e-12
-3.10775e-12
1.06351e-12
-2.37344e-11
-1.81552e-11
-5.48673e-12
6.99426e-12
1.79356e-11
2.43158e-11
2.4052e-11
1.43134e-11
-2.31426e-11
-3.17159e-11
-2.86351e-11
-2.21663e-11
-1.60662e-11
-8.87758e-12
-9.32346e-14
6.16855e-12
4.16031e-12
-1.58476e-12
2.73388e-12
-2.09138e-11
-9.92441e-12
2.42925e-12
1.33167e-11
2.2337e-11
2.4819e-11
2.05194e-11
7.24379e-12
-1.55002e-11
-3.24638e-11
-2.84028e-11
-2.18715e-11
-1.63645e-11
3.85438e-12
1.72755e-11
2.4748e-11
2.22658e-11
5.44512e-12
3.47422e-12
-1.89443e-11
-5.24861e-12
6.61324e-12
1.75107e-11
2.47981e-11
2.33775e-11
1.5489e-11
4.58353e-13
-1.15891e-11
-3.21173e-11
-2.80267e-11
-2.12274e-11
-3.90987e-12
2.22123e-11
3.27417e-11
3.65929e-11
3.11766e-11
1.27915e-11
4.86286e-12
-1.79402e-11
-3.12352e-12
9.63059e-12
2.16347e-11
2.59787e-11
2.0988e-11
9.49938e-12
-6.2098e-12
-1.3118e-11
-2.93546e-11
-2.79205e-11
-1.82958e-11
1.3122e-11
2.73636e-11
3.27099e-11
3.40675e-11
2.14404e-11
1.74564e-11
1.15846e-11
-1.74711e-11
-8.70356e-13
1.41662e-11
2.52663e-11
2.54678e-11
1.73772e-11
2.07444e-12
-1.23156e-11
-1.60441e-11
-2.5748e-11
-2.74544e-11
-1.34922e-11
1.59284e-11
1.93172e-11
2.49412e-11
3.18456e-11
2.20645e-11
6.49225e-12
3.05813e-12
-1.71724e-11
2.63549e-12
2.01626e-11
2.66548e-11
2.3501e-11
1.21682e-11
-7.16892e-12
-1.73704e-11
-1.90587e-11
-2.38873e-11
-2.54676e-11
-9.28863e-12
8.16447e-12
4.92216e-12
1.24011e-11
2.67665e-11
2.87322e-11
3.62092e-12
-7.59698e-12
-1.6819e-11
7.77238e-12
2.52104e-11
2.55914e-11
2.09285e-11
5.72628e-12
-1.82537e-11
-2.04629e-11
-2.12357e-11
-2.33231e-11
-2.31538e-11
-9.85814e-12
-1.07666e-12
-5.65394e-12
-2.34234e-12
4.66326e-12
2.48687e-11
3.53508e-11
2.81064e-11
-1.59375e-11
1.54507e-11
2.65629e-11
2.3634e-11
1.79078e-11
5.7141e-13
-2.33624e-11
-2.19071e-11
-2.18417e-11
-2.12219e-11
-1.55261e-11
8.63868e-13
-2.35526e-12
-2.56769e-12
-9.24482e-12
-3.15132e-11
-3.92758e-11
-2.30864e-11
1.98213e-11
-1.4337e-11
2.41926e-11
2.47499e-11
2.1945e-11
1.34446e-11
-1.61338e-13
-9.29826e-12
-2.57741e-11
-2.11917e-11
-1.75314e-11
-9.84327e-12
6.77767e-13
-4.23292e-12
-2.78494e-12
-1.31474e-11
-3.34599e-11
-6.03355e-11
-8.92598e-11
-9.48809e-11
-7.87852e-12
2.74586e-11
2.312e-11
2.03243e-11
7.47933e-12
-1.14711e-11
-2.32119e-11
-2.39055e-11
-2.03944e-11
-1.53477e-11
-8.57891e-12
-2.40758e-12
3.76536e-12
1.19832e-11
5.54754e-13
-8.96152e-12
-5.71174e-12
-7.67016e-12
-2.24246e-11
1.42919e-11
2.38173e-11
2.29027e-11
1.76734e-11
2.11456e-12
-1.37164e-11
-2.09834e-11
-2.16666e-11
-1.93329e-11
-1.49789e-11
-9.24482e-12
-1.56e-12
1.2725e-11
1.49799e-11
1.02515e-11
8.53382e-12
4.61634e-12
5.96384e-13
1.17253e-11
2.29673e-11
2.23501e-11
2.2536e-11
1.47395e-11
-1.02651e-12
-1.28579e-11
-1.77843e-11
-1.91316e-11
-1.81288e-11
-1.48866e-11
-8.90812e-12
2.36483e-12
1.74909e-11
1.38517e-11
9.27409e-12
6.1888e-12
5.51835e-12
2.41021e-12
8.76941e-12
2.17386e-11
2.28683e-11
2.17344e-11
1.32074e-11
2.43358e-13
-8.27344e-12
-1.29577e-11
-1.56232e-11
-1.613e-11
-1.35534e-11
-6.24939e-12
7.83502e-12
1.85134e-11
1.38622e-11
9.62633e-12
6.23813e-12
4.19507e-12
1.39527e-12
7.43141e-12
2.14802e-11
2.25992e-11
2.15504e-11
1.44251e-11
5.17638e-12
-1.81614e-12
-6.67727e-12
-1.0387e-11
-1.21855e-11
-1.00307e-11
-1.29053e-12
1.42463e-11
1.76079e-11
1.38269e-11
9.48242e-12
6.0937e-12
3.91822e-12
1.34085e-12
8.54443e-12
2.11955e-11
2.24448e-11
2.18892e-11
1.72168e-11
1.05189e-11
4.46119e-12
-1.1993e-13
-3.90559e-12
-6.28103e-12
-4.47602e-12
4.82307e-12
1.83863e-11
1.72171e-11
1.35726e-11
9.23672e-12
5.74565e-12
3.41121e-12
1.9504e-12
6.21167e-12
2.09299e-11
2.22863e-11
2.22849e-11
1.9845e-11
1.50111e-11
9.77696e-12
5.72202e-12
2.58374e-12
4.56242e-13
2.11166e-12
1.09523e-11
1.8432e-11
1.71959e-11
1.32048e-11
8.8712e-12
5.34288e-12
2.94932e-12
2.44486e-12
-3.30501e-12
2.06826e-11
2.2149e-11
2.24281e-11
2.16889e-11
1.83539e-11
1.37211e-11
9.88048e-12
7.58145e-12
6.47925e-12
8.47233e-12
1.62362e-11
1.81165e-11
1.69863e-11
1.28712e-11
8.45111e-12
4.87366e-12
2.48052e-12
1.17395e-12
-3.21818e-12
2.0485e-11
2.20454e-11
2.2334e-11
2.28716e-11
2.14844e-11
1.8455e-11
1.49573e-11
1.26474e-11
1.20931e-11
1.37604e-11
1.72691e-11
1.8069e-11
1.68506e-11
1.25873e-11
8.07162e-12
4.46107e-12
2.0138e-12
3.27548e-13
3.93572e-13
)
;
    }
    fineplugLeft
    {
        type            cyclicAMI;
        value           nonuniform List<scalar> 
20
(
-26.8645
-177.574
-281.297
-386.363
-495.088
-606.79
-719.579
-834.374
-950.232
-1066.95
-1184.18
-1303.02
-1423.35
-1573.58
-1678.03
-1831.1
-1909.62
-1695.11
-1012.02
-344.888
)
;
    }
    fineplugRight
    {
        type            cyclicAMI;
        value           nonuniform List<scalar> 
20
(
-25.0929
-176.071
-280.519
-385.815
-494.826
-606.816
-719.909
-835.045
-951.234
-1068.21
-1185.53
-1304.22
-1424.32
-1573.99
-1673.79
-1827.69
-1907.66
-1695.44
-1015.93
-347.871
)
;
    }
    inletOutletLeft
    {
        type            cyclicAMI;
        value           nonuniform List<scalar> 
20
(
26.8645
177.574
281.297
386.363
495.088
606.79
719.579
834.374
950.232
1066.95
1184.18
1303.02
1423.35
1573.58
1678.03
1831.1
1909.62
1695.11
1012.02
344.888
)
;
    }
    inletLeft
    {
        type            calculated;
        value           uniform -975;
    }
    inletWallsLeft
    {
        type            calculated;
        value           uniform 0;
    }
    inletFacesLeft
    {
        type            calculated;
        value           nonuniform List<scalar> 
800
(
-1.76184e-13
-4.18961e-13
-2.96611e-13
-2.37539e-13
-2.32559e-13
-2.58367e-13
-2.50931e-13
-2.29162e-13
-2.2845e-13
-2.33751e-13
-2.44039e-13
-2.40904e-13
-2.41517e-13
-2.29386e-13
-2.21139e-13
-2.13145e-13
-1.88327e-13
-1.02497e-13
3.91093e-14
3.71934e-13
8.36061e-14
-2.74821e-13
-2.36598e-13
-1.68083e-13
-1.57079e-13
-2.03312e-13
-1.97375e-13
-1.88256e-13
-2.20965e-13
-2.63863e-13
-3.16719e-13
-3.58765e-13
-4.5078e-13
-5.69153e-13
-7.10611e-13
-8.01003e-13
-8.59265e-13
-1.13024e-12
-8.33277e-13
1.47144e-14
4.75824e-15
-5.46043e-15
-1.78876e-14
-1.5638e-14
-3.34235e-15
-4.37482e-14
-4.3134e-14
-5.71342e-14
-8.2274e-14
-1.28992e-13
-1.80047e-13
-2.50872e-13
-3.97134e-13
-6.49817e-13
-8.14577e-13
-6.55438e-13
-3.42791e-13
-2.61264e-13
-2.69129e-13
-5.6209e-14
-3.69909e-15
1.13407e-14
1.76227e-14
1.46358e-14
1.76052e-14
1.07012e-14
-1.10311e-14
-3.03037e-14
-5.65751e-14
-9.31534e-14
-1.3971e-13
-2.19535e-13
-3.85998e-13
-6.34914e-13
-8.11261e-13
-7.2707e-13
-4.13771e-13
-1.45505e-13
-7.78321e-14
-5.61003e-14
9.11142e-16
-3.90848e-15
-5.30641e-15
-4.59644e-15
-3.50515e-16
1.47725e-14
1.83536e-14
2.41143e-14
3.12941e-14
3.79728e-14
3.90708e-14
4.45681e-14
7.90754e-14
1.47819e-13
2.11551e-13
2.20933e-13
1.60342e-13
6.12152e-14
-6.10789e-15
-3.40848e-15
-1.21883e-16
8.26381e-16
1.01043e-15
8.99258e-16
-4.24578e-17
-4.68841e-15
-5.11115e-15
-5.7393e-15
-6.37145e-15
-6.87733e-15
-6.69501e-15
-6.04948e-15
-4.11425e-15
3.23014e-15
1.68256e-14
2.32697e-14
6.15214e-15
-2.79549e-14
-4.14777e-14
-1.40408e-14
1.19415e-17
-1.34624e-16
-1.53154e-16
-1.36069e-16
3.61857e-17
9.1492e-16
1.00552e-15
9.94831e-16
9.39765e-16
7.8029e-16
5.21706e-16
2.9286e-16
-3.8073e-17
-1.04107e-15
-3.40385e-15
-7.88884e-15
-1.47047e-14
-1.94596e-14
-1.28126e-14
1.97532e-15
-1.06202e-18
1.62298e-17
1.67561e-17
1.39332e-17
-1.1776e-17
-1.4037e-16
-1.52135e-16
-1.29677e-16
-9.07123e-17
-2.02374e-17
7.12199e-17
1.31008e-16
1.3842e-16
1.60409e-16
3.19156e-16
8.24053e-16
2.17747e-15
5.03208e-15
8.29973e-15
9.55536e-15
1.98247e-20
-5.16155e-19
1.63889e-19
7.46614e-19
3.65015e-18
1.54425e-17
1.26819e-17
4.31426e-18
-8.72907e-18
-2.94443e-17
-5.38995e-17
-6.915e-17
-6.56832e-17
-4.80133e-17
-2.82221e-17
-2.42284e-17
-9.91663e-17
-3.68e-16
-1.401e-15
1.87304e-15
3.56193e-20
-4.93866e-19
-9.01576e-19
-1.07292e-18
-1.30055e-18
-5.41083e-19
2.15714e-18
5.06516e-18
8.77689e-18
1.4105e-17
1.98037e-17
2.30833e-17
2.21344e-17
1.76432e-17
1.13992e-17
4.31662e-18
-2.675e-18
-7.84859e-18
-1.50358e-16
-6.63936e-16
-1.54681e-20
2.31252e-19
3.87903e-19
4.42206e-19
4.57998e-19
-2.96839e-19
-1.49338e-18
-2.41129e-18
-2.84556e-18
-2.93793e-18
-3.04908e-18
-3.376e-18
-3.5386e-18
-3.29971e-18
-2.84092e-18
-1.41333e-18
9.31703e-19
2.88255e-18
4.96373e-17
-1.05828e-15
4.30895e-21
-8.35554e-20
-1.31019e-19
-1.42866e-19
-1.15966e-19
1.74417e-19
5.02436e-19
1.12196e-18
2.64288e-18
4.51466e-18
4.69989e-18
2.2671e-18
-8.59579e-19
-1.92006e-18
3.25897e-18
1.96021e-17
1.29934e-17
-1.25e-16
-4.40627e-16
-6.20821e-16
-6.04659e-22
2.72608e-20
4.1094e-20
5.35334e-20
3.22853e-20
-1.35181e-19
-2.84174e-19
6.10472e-20
1.27799e-18
2.46995e-18
1.6164e-18
-1.95811e-18
-6.11866e-18
-6.2862e-18
3.67957e-18
2.1005e-17
1.66452e-17
-3.94154e-17
-9.94926e-17
-4.98086e-17
-1.30405e-23
-8.24947e-21
-1.22442e-20
-1.24039e-20
4.6639e-21
4.55768e-20
7.07939e-20
1.61371e-19
4.84495e-19
8.40679e-19
3.47205e-19
-1.90262e-18
-5.35231e-18
-6.5677e-18
-1.32547e-18
7.80088e-18
1.11105e-17
7.96064e-18
6.22583e-18
2.32254e-18
-1.30004e-23
2.03452e-21
3.14494e-21
4.49755e-21
4.29819e-21
1.61704e-21
4.21964e-21
-1.80516e-20
-1.31884e-19
-3.20035e-19
-4.0458e-19
-2.31674e-19
5.44369e-20
-1.22748e-20
-1.05289e-18
-3.2545e-18
-6.45016e-18
-1.04061e-17
-1.46721e-17
-2.11772e-17
-1.19049e-24
-5.46994e-22
-6.13515e-22
5.3805e-22
3.68749e-21
6.3619e-21
2.01082e-21
-6.07414e-21
-6.34159e-21
-5.66238e-21
-3.42135e-20
-9.95596e-20
-1.56463e-19
-1.4847e-19
-8.19429e-20
4.58271e-20
7.61249e-20
-2.90879e-19
1.05442e-19
-5.1281e-18
3.21567e-24
9.74151e-23
2.61437e-22
1.14721e-21
2.25907e-21
2.58239e-22
-8.35495e-21
-1.89661e-20
-9.35646e-21
4.83994e-20
1.37041e-19
1.39396e-19
-1.51305e-19
-9.34772e-19
-2.24881e-18
-3.59114e-18
-3.89251e-18
-3.28667e-18
-1.20994e-18
-1.1074e-18
1.03752e-23
-7.2019e-23
-1.4538e-22
2.1266e-22
5.46706e-22
-1.48668e-21
-6.33402e-21
-4.03429e-21
2.68309e-20
9.45719e-20
1.37643e-19
-3.18333e-20
-7.19092e-19
-2.24337e-18
-4.61723e-18
-6.34383e-18
-3.9857e-18
-6.5393e-19
-1.61935e-18
-2.12357e-18
1.07719e-23
-6.80391e-23
-3.2383e-22
-3.93535e-22
9.991e-23
6.16117e-22
1.01053e-21
6.11912e-21
2.75613e-20
7.0455e-20
1.00217e-19
1.11871e-20
-3.59026e-19
-1.1454e-18
-2.32713e-18
-3.60067e-18
-4.34368e-18
-4.07838e-18
-3.28225e-18
-1.80588e-18
-6.57904e-25
-5.50158e-23
-1.49426e-22
-4.35604e-23
5.91408e-22
1.47813e-21
1.33552e-21
-5.81844e-22
-2.1094e-22
1.60081e-20
7.01291e-20
1.80148e-19
3.39446e-19
5.0564e-19
6.15662e-19
6.20022e-19
5.11423e-19
3.35572e-19
1.67647e-19
4.12006e-20
1.76184e-13
4.18961e-13
2.96611e-13
2.37539e-13
2.32559e-13
2.58367e-13
2.50931e-13
2.29162e-13
2.2845e-13
2.33751e-13
2.44039e-13
2.40904e-13
2.41517e-13
2.29386e-13
2.21139e-13
2.13145e-13
1.88327e-13
1.02497e-13
-3.91093e-14
-3.71934e-13
-8.36061e-14
2.74821e-13
2.36598e-13
1.68083e-13
1.57079e-13
2.03312e-13
1.97375e-13
1.88256e-13
2.20965e-13
2.63863e-13
3.16719e-13
3.58765e-13
4.5078e-13
5.69153e-13
7.10611e-13
8.01003e-13
8.59265e-13
1.13024e-12
8.33277e-13
-1.47144e-14
-4.75824e-15
5.46043e-15
1.78876e-14
1.5638e-14
3.34235e-15
4.37482e-14
4.3134e-14
5.71342e-14
8.2274e-14
1.28992e-13
1.80047e-13
2.50872e-13
3.97134e-13
6.49817e-13
8.14577e-13
6.55438e-13
3.42791e-13
2.61264e-13
2.69129e-13
5.6209e-14
3.69909e-15
-1.13407e-14
-1.76227e-14
-1.46358e-14
-1.76052e-14
-1.07012e-14
1.10311e-14
3.03037e-14
5.65751e-14
9.31534e-14
1.3971e-13
2.19535e-13
3.85998e-13
6.34914e-13
8.11261e-13
7.2707e-13
4.13771e-13
1.45505e-13
7.78321e-14
5.61003e-14
-9.11142e-16
3.90848e-15
5.30641e-15
4.59644e-15
3.50515e-16
-1.47725e-14
-1.83536e-14
-2.41143e-14
-3.12941e-14
-3.79728e-14
-3.90708e-14
-4.45681e-14
-7.90754e-14
-1.47819e-13
-2.11551e-13
-2.20933e-13
-1.60342e-13
-6.12152e-14
6.10789e-15
3.40848e-15
1.21883e-16
-8.26381e-16
-1.01043e-15
-8.99258e-16
4.24578e-17
4.68841e-15
5.11115e-15
5.7393e-15
6.37145e-15
6.87733e-15
6.69501e-15
6.04948e-15
4.11425e-15
-3.23014e-15
-1.68256e-14
-2.32697e-14
-6.15214e-15
2.79549e-14
4.14777e-14
1.40408e-14
-1.19415e-17
1.34624e-16
1.53154e-16
1.36069e-16
-3.61857e-17
-9.1492e-16
-1.00552e-15
-9.94831e-16
-9.39765e-16
-7.8029e-16
-5.21706e-16
-2.9286e-16
3.8073e-17
1.04107e-15
3.40385e-15
7.88884e-15
1.47047e-14
1.94596e-14
1.28126e-14
-1.97532e-15
1.06202e-18
-1.62298e-17
-1.67561e-17
-1.39332e-17
1.1776e-17
1.4037e-16
1.52135e-16
1.29677e-16
9.07123e-17
2.02374e-17
-7.12199e-17
-1.31008e-16
-1.3842e-16
-1.60409e-16
-3.19156e-16
-8.24053e-16
-2.17747e-15
-5.03208e-15
-8.29973e-15
-9.55536e-15
-1.98247e-20
5.16155e-19
-1.63889e-19
-7.46614e-19
-3.65015e-18
-1.54425e-17
-1.26819e-17
-4.31426e-18
8.72907e-18
2.94443e-17
5.38995e-17
6.915e-17
6.56832e-17
4.80133e-17
2.82221e-17
2.42284e-17
9.91663e-17
3.68e-16
1.401e-15
-1.87304e-15
-3.56193e-20
4.93866e-19
9.01576e-19
1.07292e-18
1.30055e-18
5.41083e-19
-2.15714e-18
-5.06516e-18
-8.77689e-18
-1.4105e-17
-1.98037e-17
-2.30833e-17
-2.21344e-17
-1.76432e-17
-1.13992e-17
-4.31662e-18
2.675e-18
7.84859e-18
1.50358e-16
6.63936e-16
1.54681e-20
-2.31252e-19
-3.87903e-19
-4.42206e-19
-4.57998e-19
2.96839e-19
1.49338e-18
2.41129e-18
2.84556e-18
2.93793e-18
3.04908e-18
3.376e-18
3.5386e-18
3.29971e-18
2.84092e-18
1.41333e-18
-9.31703e-19
-2.88255e-18
-4.96373e-17
1.05828e-15
-4.30895e-21
8.35554e-20
1.31019e-19
1.42866e-19
1.15966e-19
-1.74417e-19
-5.02436e-19
-1.12196e-18
-2.64288e-18
-4.51466e-18
-4.69989e-18
-2.2671e-18
8.59579e-19
1.92006e-18
-3.25897e-18
-1.96021e-17
-1.29934e-17
1.25e-16
4.40627e-16
6.20821e-16
6.04659e-22
-2.72608e-20
-4.1094e-20
-5.35334e-20
-3.22853e-20
1.35181e-19
2.84174e-19
-6.10472e-20
-1.27799e-18
-2.46995e-18
-1.6164e-18
1.95811e-18
6.11866e-18
6.2862e-18
-3.67957e-18
-2.1005e-17
-1.66452e-17
3.94154e-17
9.94926e-17
4.98086e-17
1.30405e-23
8.24947e-21
1.22442e-20
1.24039e-20
-4.6639e-21
-4.55768e-20
-7.07939e-20
-1.61371e-19
-4.84495e-19
-8.40679e-19
-3.47205e-19
1.90262e-18
5.35231e-18
6.5677e-18
1.32547e-18
-7.80088e-18
-1.11105e-17
-7.96064e-18
-6.22583e-18
-2.32254e-18
1.30004e-23
-2.03452e-21
-3.14494e-21
-4.49755e-21
-4.29819e-21
-1.61704e-21
-4.21964e-21
1.80516e-20
1.31884e-19
3.20035e-19
4.0458e-19
2.31674e-19
-5.44369e-20
1.22748e-20
1.05289e-18
3.2545e-18
6.45016e-18
1.04061e-17
1.46721e-17
2.11772e-17
1.19049e-24
5.46994e-22
6.13515e-22
-5.3805e-22
-3.68749e-21
-6.3619e-21
-2.01082e-21
6.07414e-21
6.34159e-21
5.66238e-21
3.42135e-20
9.95596e-20
1.56463e-19
1.4847e-19
8.19429e-20
-4.58271e-20
-7.61249e-20
2.90879e-19
-1.05442e-19
5.1281e-18
-3.21567e-24
-9.74151e-23
-2.61437e-22
-1.14721e-21
-2.25907e-21
-2.58239e-22
8.35495e-21
1.89661e-20
9.35646e-21
-4.83994e-20
-1.37041e-19
-1.39396e-19
1.51305e-19
9.34772e-19
2.24881e-18
3.59114e-18
3.89251e-18
3.28667e-18
1.20994e-18
1.1074e-18
-1.03752e-23
7.2019e-23
1.4538e-22
-2.1266e-22
-5.46706e-22
1.48668e-21
6.33402e-21
4.03429e-21
-2.68309e-20
-9.45719e-20
-1.37643e-19
3.18333e-20
7.19092e-19
2.24337e-18
4.61723e-18
6.34383e-18
3.9857e-18
6.5393e-19
1.61935e-18
2.12357e-18
-1.07719e-23
6.80391e-23
3.2383e-22
3.93535e-22
-9.991e-23
-6.16117e-22
-1.01053e-21
-6.11912e-21
-2.75613e-20
-7.0455e-20
-1.00217e-19
-1.11871e-20
3.59026e-19
1.1454e-18
2.32713e-18
3.60067e-18
4.34368e-18
4.07838e-18
3.28225e-18
1.80588e-18
6.57904e-25
5.50158e-23
1.49426e-22
4.35604e-23
-5.91408e-22
-1.47813e-21
-1.33552e-21
5.81844e-22
2.1094e-22
-1.60081e-20
-7.01291e-20
-1.80148e-19
-3.39446e-19
-5.0564e-19
-6.15662e-19
-6.20022e-19
-5.11423e-19
-3.35572e-19
-1.67647e-19
-4.12006e-20
)
;
    }
    inletOutletRight
    {
        type            cyclicAMI;
        value           nonuniform List<scalar> 
20
(
25.0929
176.071
280.519
385.815
494.826
606.816
719.909
835.045
951.234
1068.21
1185.53
1304.22
1424.32
1573.99
1673.79
1827.69
1907.66
1695.44
1015.93
347.871
)
;
    }
    inletRight
    {
        type            calculated;
        value           uniform -975;
    }
    inletWallsRight
    {
        type            calculated;
        value           uniform 0;
    }
    inletFacesRight
    {
        type            calculated;
        value           nonuniform List<scalar> 
800
(
-5.642e-25
-5.30381e-23
-1.4555e-22
-5.02324e-23
5.4475e-22
1.36699e-21
1.17946e-21
-7.23908e-22
-3.58494e-22
1.5528e-20
6.84792e-20
1.76058e-19
3.31749e-19
4.94103e-19
6.01492e-19
6.0559e-19
4.99307e-19
3.27414e-19
1.63442e-19
4.00923e-20
1.07071e-23
-6.64166e-23
-3.22238e-22
-4.12885e-22
1.978e-23
4.44852e-22
7.35037e-22
5.65049e-21
2.65941e-20
6.85764e-20
9.77083e-20
1.05856e-20
-3.51501e-19
-1.12013e-18
-2.27428e-18
-3.51632e-18
-4.23749e-18
-3.97329e-18
-3.19327e-18
-1.75207e-18
1.06088e-23
-7.14862e-23
-1.5607e-22
1.63988e-22
4.58991e-22
-1.53664e-21
-6.26151e-21
-4.02252e-21
2.60618e-20
9.20873e-20
1.3384e-19
-3.24527e-20
-7.05307e-19
-2.19682e-18
-4.51696e-18
-6.19253e-18
-3.86509e-18
-6.13765e-19
-1.55728e-18
-2.03889e-18
3.77847e-24
9.25033e-23
2.37448e-22
1.07778e-21
2.143e-21
2.16614e-22
-8.04865e-21
-1.82131e-20
-8.84084e-21
4.70414e-20
1.32551e-19
1.33563e-19
-1.51666e-19
-9.1838e-19
-2.20328e-18
-3.51297e-18
-3.80285e-18
-3.20654e-18
-1.15975e-18
-1.0473e-18
-1.35944e-24
-5.26161e-22
-5.90478e-22
5.0867e-22
3.60466e-21
6.34214e-21
2.22869e-21
-5.59235e-21
-5.792e-21
-4.68435e-21
-3.13308e-20
-9.32607e-20
-1.46625e-19
-1.35937e-19
-6.72232e-20
6.15804e-20
9.40799e-20
-2.62574e-19
1.33466e-19
-5.04171e-18
-8.19447e-24
1.94488e-21
2.98875e-21
4.36677e-21
4.03562e-21
1.07148e-21
3.7089e-21
-1.67285e-20
-1.24193e-19
-3.01516e-19
-3.75868e-19
-1.98461e-19
8.63195e-20
1.55943e-20
-1.02013e-18
-3.19617e-18
-6.34134e-18
-1.02359e-17
-1.44779e-17
-2.10277e-17
-3.10972e-23
-7.84791e-21
-1.16075e-20
-1.20531e-20
5.32185e-21
4.66905e-20
7.15056e-20
1.56714e-19
4.62316e-19
7.93228e-19
2.89373e-19
-1.92966e-18
-5.28097e-18
-6.33324e-18
-9.77745e-19
8.07186e-18
1.13078e-17
8.3531e-18
7.02355e-18
3.23178e-18
-5.07909e-22
2.57363e-20
3.86709e-20
5.22719e-20
2.99996e-20
-1.34881e-19
-2.78829e-19
5.31599e-20
1.20999e-18
2.30734e-18
1.39825e-18
-2.12599e-18
-6.12987e-18
-6.12833e-18
3.7486e-18
2.03218e-17
1.45222e-17
-4.26747e-17
-1.02025e-16
-5.00683e-17
3.83878e-21
-7.86481e-20
-1.22251e-19
-1.38622e-19
-1.04309e-19
1.87647e-19
5.11577e-19
1.09956e-18
2.52466e-18
4.26416e-18
4.3814e-18
2.01107e-18
-9.88652e-19
-2.03203e-18
3.10941e-18
1.99e-17
1.33831e-17
-1.27089e-16
-4.42875e-16
-6.09366e-16
-1.3734e-20
2.1735e-19
3.61577e-19
4.27828e-19
4.18815e-19
-3.08535e-19
-1.47227e-18
-2.35918e-18
-2.73365e-18
-2.78498e-18
-2.95162e-18
-3.41675e-18
-3.71057e-18
-3.51582e-18
-2.9393e-18
-1.02881e-18
2.14245e-18
3.56613e-18
3.26981e-17
-1.00546e-15
3.04324e-20
-4.67182e-19
-8.52115e-19
-1.0362e-18
-1.16249e-18
-6.14129e-19
1.97461e-18
4.8105e-18
8.21844e-18
1.31393e-17
1.87371e-17
2.22908e-17
2.16289e-17
1.70184e-17
1.00569e-17
1.69943e-18
-7.2547e-18
-1.47313e-17
-1.63411e-16
-5.85541e-16
3.06471e-20
-4.6018e-19
2.54861e-19
7.48066e-19
3.36771e-18
1.65582e-17
1.38568e-17
5.44541e-18
-6.66384e-18
-2.57993e-17
-4.9723e-17
-6.54831e-17
-6.19149e-17
-4.19973e-17
-1.70953e-17
-5.58959e-18
-7.03752e-17
-3.227e-16
-1.321e-15
1.92774e-15
-1.025e-18
1.50627e-17
1.49361e-17
1.30284e-17
-1.23821e-17
-1.48162e-16
-1.56847e-16
-1.33127e-16
-9.59201e-17
-3.32634e-17
5.50065e-17
1.14034e-16
1.16513e-16
1.26073e-16
2.58438e-16
7.23553e-16
2.03054e-15
4.84344e-15
8.10921e-15
9.3796e-15
1.09189e-17
-1.25217e-16
-1.36829e-16
-1.27352e-16
4.50717e-17
9.54999e-16
1.01665e-15
9.98966e-16
9.35198e-16
8.26206e-16
5.67571e-16
3.4742e-16
6.06014e-17
-8.94001e-16
-3.1606e-15
-7.51511e-15
-1.42824e-14
-1.91711e-14
-1.27163e-14
2.0791e-15
-1.09969e-16
7.8339e-16
8.97334e-16
8.33693e-16
-8.50865e-17
-4.83222e-15
-5.08967e-15
-5.6642e-15
-6.15553e-15
-6.98649e-15
-6.56457e-15
-6.01291e-15
-4.44768e-15
2.80696e-15
1.64192e-14
2.33473e-14
7.2373e-15
-2.6703e-14
-4.14832e-14
-1.49373e-14
8.43199e-16
-3.88607e-15
-4.80264e-15
-4.17091e-15
-3.13029e-16
1.49938e-14
1.79378e-14
2.31201e-14
2.98065e-14
3.73451e-14
3.71519e-14
4.46895e-14
7.95324e-14
1.46783e-13
2.10748e-13
2.20403e-13
1.59819e-13
6.31484e-14
-2.90306e-15
-3.0707e-15
-3.61701e-15
1.17479e-14
1.71946e-14
1.24655e-14
1.84788e-14
9.09437e-15
-7.86363e-15
-2.51592e-14
-4.88816e-14
-8.86537e-14
-1.32725e-13
-2.23543e-13
-3.98405e-13
-6.67531e-13
-8.79199e-13
-7.85395e-13
-4.29907e-13
-1.53113e-13
-7.95594e-14
-4.78558e-14
4.93306e-15
-4.09688e-15
-2.09409e-14
-1.1912e-14
-5.26536e-15
-4.5443e-14
-4.29184e-14
-5.02456e-14
-7.19024e-14
-1.28046e-13
-1.72194e-13
-2.47302e-13
-4.09467e-13
-6.72561e-13
-8.74305e-13
-7.21036e-13
-3.72045e-13
-2.80987e-13
-2.71838e-13
-5.31597e-14
8.38779e-14
-2.65627e-13
-2.28413e-13
-1.60119e-13
-1.5388e-13
-2.06053e-13
-1.91893e-13
-2.01624e-13
-2.03544e-13
-2.59063e-13
-3.01699e-13
-3.44069e-13
-4.32534e-13
-5.62441e-13
-7.46784e-13
-8.08562e-13
-9.0228e-13
-1.23703e-12
-8.55823e-13
-1.08936e-14
-1.92376e-13
-4.18696e-13
-2.76779e-13
-2.24611e-13
-2.3397e-13
-2.66662e-13
-2.51675e-13
-2.46671e-13
-2.22392e-13
-2.29075e-13
-2.30415e-13
-2.28705e-13
-2.33674e-13
-2.3318e-13
-2.28373e-13
-2.05403e-13
-1.88707e-13
-1.17031e-13
1.69263e-14
3.5377e-13
5.642e-25
5.30381e-23
1.4555e-22
5.02324e-23
-5.4475e-22
-1.36699e-21
-1.17946e-21
7.23908e-22
3.58494e-22
-1.5528e-20
-6.84792e-20
-1.76058e-19
-3.31749e-19
-4.94103e-19
-6.01492e-19
-6.0559e-19
-4.99307e-19
-3.27414e-19
-1.63442e-19
-4.00923e-20
-1.07071e-23
6.64166e-23
3.22238e-22
4.12885e-22
-1.978e-23
-4.44852e-22
-7.35037e-22
-5.65049e-21
-2.65941e-20
-6.85764e-20
-9.77083e-20
-1.05856e-20
3.51501e-19
1.12013e-18
2.27428e-18
3.51632e-18
4.23749e-18
3.97329e-18
3.19327e-18
1.75207e-18
-1.06088e-23
7.14862e-23
1.5607e-22
-1.63988e-22
-4.58991e-22
1.53664e-21
6.26151e-21
4.02252e-21
-2.60618e-20
-9.20873e-20
-1.3384e-19
3.24527e-20
7.05307e-19
2.19682e-18
4.51696e-18
6.19253e-18
3.86509e-18
6.13765e-19
1.55728e-18
2.03889e-18
-3.77847e-24
-9.25033e-23
-2.37448e-22
-1.07778e-21
-2.143e-21
-2.16614e-22
8.04865e-21
1.82131e-20
8.84084e-21
-4.70414e-20
-1.32551e-19
-1.33563e-19
1.51666e-19
9.1838e-19
2.20328e-18
3.51297e-18
3.80285e-18
3.20654e-18
1.15975e-18
1.0473e-18
1.35944e-24
5.26161e-22
5.90478e-22
-5.0867e-22
-3.60466e-21
-6.34214e-21
-2.22869e-21
5.59235e-21
5.792e-21
4.68435e-21
3.13308e-20
9.32607e-20
1.46625e-19
1.35937e-19
6.72232e-20
-6.15804e-20
-9.40799e-20
2.62574e-19
-1.33466e-19
5.04171e-18
8.19447e-24
-1.94488e-21
-2.98875e-21
-4.36677e-21
-4.03562e-21
-1.07148e-21
-3.7089e-21
1.67285e-20
1.24193e-19
3.01516e-19
3.75868e-19
1.98461e-19
-8.63195e-20
-1.55943e-20
1.02013e-18
3.19617e-18
6.34134e-18
1.02359e-17
1.44779e-17
2.10277e-17
3.10972e-23
7.84791e-21
1.16075e-20
1.20531e-20
-5.32185e-21
-4.66905e-20
-7.15056e-20
-1.56714e-19
-4.62316e-19
-7.93228e-19
-2.89373e-19
1.92966e-18
5.28097e-18
6.33324e-18
9.77745e-19
-8.07186e-18
-1.13078e-17
-8.3531e-18
-7.02355e-18
-3.23178e-18
5.07909e-22
-2.57363e-20
-3.86709e-20
-5.22719e-20
-2.99996e-20
1.34881e-19
2.78829e-19
-5.31599e-20
-1.20999e-18
-2.30734e-18
-1.39825e-18
2.12599e-18
6.12987e-18
6.12833e-18
-3.7486e-18
-2.03218e-17
-1.45222e-17
4.26747e-17
1.02025e-16
5.00683e-17
-3.83878e-21
7.86481e-20
1.22251e-19
1.38622e-19
1.04309e-19
-1.87647e-19
-5.11577e-19
-1.09956e-18
-2.52466e-18
-4.26416e-18
-4.3814e-18
-2.01107e-18
9.88652e-19
2.03203e-18
-3.10941e-18
-1.99e-17
-1.33831e-17
1.27089e-16
4.42875e-16
6.09366e-16
1.3734e-20
-2.1735e-19
-3.61577e-19
-4.27828e-19
-4.18815e-19
3.08535e-19
1.47227e-18
2.35918e-18
2.73365e-18
2.78498e-18
2.95162e-18
3.41675e-18
3.71057e-18
3.51582e-18
2.9393e-18
1.02881e-18
-2.14245e-18
-3.56613e-18
-3.26981e-17
1.00546e-15
-3.04324e-20
4.67182e-19
8.52115e-19
1.0362e-18
1.16249e-18
6.14129e-19
-1.97461e-18
-4.8105e-18
-8.21844e-18
-1.31393e-17
-1.87371e-17
-2.22908e-17
-2.16289e-17
-1.70184e-17
-1.00569e-17
-1.69943e-18
7.2547e-18
1.47313e-17
1.63411e-16
5.85541e-16
-3.06471e-20
4.6018e-19
-2.54861e-19
-7.48066e-19
-3.36771e-18
-1.65582e-17
-1.38568e-17
-5.44541e-18
6.66384e-18
2.57993e-17
4.9723e-17
6.54831e-17
6.19149e-17
4.19973e-17
1.70953e-17
5.58959e-18
7.03752e-17
3.227e-16
1.321e-15
-1.92774e-15
1.025e-18
-1.50627e-17
-1.49361e-17
-1.30284e-17
1.23821e-17
1.48162e-16
1.56847e-16
1.33127e-16
9.59201e-17
3.32634e-17
-5.50065e-17
-1.14034e-16
-1.16513e-16
-1.26073e-16
-2.58438e-16
-7.23553e-16
-2.03054e-15
-4.84344e-15
-8.10921e-15
-9.3796e-15
-1.09189e-17
1.25217e-16
1.36829e-16
1.27352e-16
-4.50717e-17
-9.54999e-16
-1.01665e-15
-9.98966e-16
-9.35198e-16
-8.26206e-16
-5.67571e-16
-3.4742e-16
-6.06014e-17
8.94001e-16
3.1606e-15
7.51511e-15
1.42824e-14
1.91711e-14
1.27163e-14
-2.0791e-15
1.09969e-16
-7.8339e-16
-8.97334e-16
-8.33693e-16
8.50865e-17
4.83222e-15
5.08967e-15
5.6642e-15
6.15553e-15
6.98649e-15
6.56457e-15
6.01291e-15
4.44768e-15
-2.80696e-15
-1.64192e-14
-2.33473e-14
-7.2373e-15
2.6703e-14
4.14832e-14
1.49373e-14
-8.43199e-16
3.88607e-15
4.80264e-15
4.17091e-15
3.13029e-16
-1.49938e-14
-1.79378e-14
-2.31201e-14
-2.98065e-14
-3.73451e-14
-3.71519e-14
-4.46895e-14
-7.95324e-14
-1.46783e-13
-2.10748e-13
-2.20403e-13
-1.59819e-13
-6.31484e-14
2.90306e-15
3.0707e-15
3.61701e-15
-1.17479e-14
-1.71946e-14
-1.24655e-14
-1.84788e-14
-9.09437e-15
7.86363e-15
2.51592e-14
4.88816e-14
8.86537e-14
1.32725e-13
2.23543e-13
3.98405e-13
6.67531e-13
8.79199e-13
7.85395e-13
4.29907e-13
1.53113e-13
7.95594e-14
4.78558e-14
-4.93306e-15
4.09688e-15
2.09409e-14
1.1912e-14
5.26536e-15
4.5443e-14
4.29184e-14
5.02456e-14
7.19024e-14
1.28046e-13
1.72194e-13
2.47302e-13
4.09467e-13
6.72561e-13
8.74305e-13
7.21036e-13
3.72045e-13
2.80987e-13
2.71838e-13
5.31597e-14
-8.38779e-14
2.65627e-13
2.28413e-13
1.60119e-13
1.5388e-13
2.06053e-13
1.91893e-13
2.01624e-13
2.03544e-13
2.59063e-13
3.01699e-13
3.44069e-13
4.32534e-13
5.62441e-13
7.46784e-13
8.08562e-13
9.0228e-13
1.23703e-12
8.55823e-13
1.08936e-14
1.92376e-13
4.18696e-13
2.76779e-13
2.24611e-13
2.3397e-13
2.66662e-13
2.51675e-13
2.46671e-13
2.22392e-13
2.29075e-13
2.30415e-13
2.28705e-13
2.33674e-13
2.3318e-13
2.28373e-13
2.05403e-13
1.88707e-13
1.17031e-13
-1.69263e-14
-3.5377e-13
)
;
    }
}


// ************************************************************************* //
