/*--------------------------------*- C++ -*----------------------------------*\
| =========                 |                                                 |
| \\      /  F ield         | OpenFOAM: The Open Source CFD Toolbox           |
|  \\    /   O peration     | Version:  4.1                                   |
|   \\  /    A nd           | Web:      www.OpenFOAM.org                      |
|    \\/     M anipulation  |                                                 |
\*---------------------------------------------------------------------------*/
FoamFile
{
    version     2.0;
    format      ascii;
    class       volVectorField;
    location    "13";
    object      U;
}
// * * * * * * * * * * * * * * * * * * * * * * * * * * * * * * * * * * * * * //

dimensions      [0 1 -1 0 0 0 0];

internalField   nonuniform List<vector> 
1280
(
(8.68895e-16 -2.98775 -1.76304)
(6.67162e-16 -2.60033 -1.74925)
(2.66055e-16 -2.36703 -1.26501)
(-1.23852e-16 -2.03329 -1.44241)
(-7.60297e-16 -2.19463 -2.01207)
(-1.16983e-15 -1.48317 -1.42705)
(-1.53329e-15 -1.38277 -1.53404)
(-1.97035e-15 -1.04528 -1.51031)
(-3.12446e-15 -1.06637 -2.09043)
(-8.57176e-16 -0.447755 -1.58668)
(5.34159e-16 -0.130635 -2.00816)
(2.4205e-15 0.0989843 -3.09214)
(2.16337e-15 0.691623 -2.33563)
(2.57307e-15 1.10371 -1.96316)
(2.85799e-15 1.66124 -3.84958)
(2.01525e-15 2.09877 -3.01241)
(1.73363e-15 2.75561 -2.49611)
(1.09817e-15 3.09768 -4.62895)
(5.16924e-16 3.98608 -3.41538)
(2.04611e-16 4.00446 -4.47165)
(8.67591e-16 4.55607 -2.53646)
(1.63238e-15 4.34796 0.878117)
(1.24556e-15 4.40712 6.04019)
(9.12117e-16 4.34598 9.41955)
(7.69404e-16 4.4922 10.765)
(5.90035e-16 5.01022 11.4202)
(-3.44332e-16 3.1107 6.5962)
(1.49354e-16 8.81185 13.3383)
(-1.89322e-16 8.81808 13.4053)
(-6.11928e-16 8.95637 13.2814)
(-1.02758e-15 9.04105 13.044)
(-1.49308e-15 9.05447 12.6893)
(-1.9224e-15 9.0459 12.2218)
(-2.34045e-15 9.01798 11.6628)
(-2.7024e-15 8.96993 11.0535)
(-3.04439e-15 8.91508 10.435)
(-3.33727e-15 8.84482 9.88817)
(-3.65399e-15 8.75785 9.41132)
(-3.76501e-15 8.68236 9.18644)
(-3.84706e-15 8.41593 8.65115)
(-2.47566e-15 9.26334 11.1634)
(8.81932e-17 6.24309 8.48925)
(1.14793e-15 5.48958 8.60507)
(1.95141e-15 4.34486 8.8925)
(4.73218e-15 2.75298 9.22117)
(3.39187e-15 1.56902 5.56387)
(3.86289e-15 0.88778 5.0786)
(2.1471e-15 0.366042 5.33476)
(7.32807e-15 -0.84364 -0.00328695)
(-6.00122e-15 -0.348543 -4.32617)
(-5.26434e-15 0.0736553 -3.5781)
(-3.88287e-15 -0.115761 -1.6038)
(-2.82254e-15 -0.347828 3.0028)
(-2.5683e-15 -0.698512 4.1456)
(-2.51136e-15 -1.30181 4.94272)
(-3.36211e-15 -2.45158 8.97241)
(-2.19777e-15 -4.101 8.9453)
(-1.28093e-15 -5.22879 8.64126)
(-8.09063e-17 -5.99612 8.59277)
(2.37965e-15 -9.1721 11.4265)
(3.56175e-15 -8.39822 8.83602)
(3.31619e-15 -8.67326 9.36859)
(3.12311e-15 -8.75298 9.57883)
(2.77478e-15 -8.84422 10.0404)
(2.49255e-15 -8.91789 10.5725)
(2.11881e-15 -8.97535 11.1835)
(1.73083e-15 -9.02637 11.7952)
(1.3305e-15 -9.05784 12.3673)
(9.4183e-16 -9.07065 12.8546)
(5.57102e-16 -9.06246 13.2283)
(1.91609e-16 -8.9848 13.4733)
(-7.60352e-17 -8.84643 13.5834)
(-3.55334e-16 -8.82864 13.48)
(3.3669e-16 -3.6175 6.71148)
(-4.34773e-16 -5.33374 11.0545)
(-3.81802e-16 -4.81287 10.4879)
(-3.40417e-16 -4.62904 9.30879)
(-5.69682e-16 -4.65678 6.20653)
(-9.83911e-16 -4.57202 1.38603)
(-1.45694e-16 -4.7716 -1.77165)
(6.75358e-16 -4.22751 -3.44533)
(5.17195e-16 -4.3399 -2.30039)
(9.14314e-16 -4.29588 -3.17602)
(1.01439e-15 -3.54492 -1.96382)
(9.81792e-16 -3.08827 -2.0613)
(1.32079e-15 -3.42141 -2.66512)
(1.32036e-15 -2.34093 -1.7778)
(1.29638e-15 -2.04727 -1.8695)
(1.66993e-15 -2.12684 -2.48546)
(1.82092e-15 -1.10604 -1.66668)
(2.47355e-15 -0.849004 -1.93579)
(3.34264e-15 -0.755498 -2.75836)
(3.35463e-15 0.126553 -1.95692)
(3.18778e-15 0.377566 -1.93244)
(3.00185e-15 0.663274 -1.68999)
(1.72243e-15 1.02039 -2.68596)
(6.49489e-16 1.51891 -1.92112)
(6.53741e-16 1.96858 -1.60935)
(4.74973e-16 1.85219 -2.37792)
(1.00444e-15 2.84602 -2.10016)
(2.74374e-15 0.346592 2.33955)
(3.42919e-15 1.60032 4.03857)
(3.23232e-15 1.65581 5.14031)
(2.44015e-15 2.27582 5.49864)
(1.18889e-15 3.18807 5.09471)
(-1.46238e-16 4.10438 4.3273)
(-9.53391e-16 4.17295 3.17635)
(8.00849e-17 0.196808 1.38721)
(2.98781e-15 -4.35934 0.670447)
(3.49173e-15 -6.07698 0.157209)
(3.18605e-15 -6.31719 -0.283151)
(2.44337e-15 -5.16991 -0.917966)
(1.57741e-15 -1.82785 -1.69916)
(1.22457e-15 2.28086 -3.01173)
(8.76659e-16 3.18629 -4.01116)
(6.18436e-16 2.32441 -4.93066)
(4.26536e-16 0.155461 -5.11537)
(2.44973e-16 -1.25685 -4.25319)
(-2.1457e-16 -0.773506 -3.76892)
(2.90001e-15 -0.294951 2.9024)
(3.05108e-15 0.726882 4.60718)
(1.89161e-15 1.29904 4.32317)
(3.872e-16 2.39812 3.41431)
(-1.15298e-15 3.60536 2.14002)
(-2.37815e-15 4.65118 1.14287)
(-2.9099e-15 5.01861 0.497001)
(-1.87662e-15 1.02561 0.245987)
(3.0259e-15 -4.21635 0.645858)
(3.48902e-15 -5.86698 0.414573)
(3.18677e-15 -5.98692 0.0827422)
(2.46251e-15 -4.62309 -0.552552)
(1.67539e-15 -0.811659 -1.76212)
(1.34721e-15 2.93621 -3.62929)
(8.61932e-16 3.8593 -5.08484)
(4.57079e-16 2.77525 -6.41509)
(4.00949e-16 0.0933454 -6.92944)
(3.45306e-16 -1.74282 -5.4678)
(-1.18168e-16 -1.44913 -3.94815)
(2.63716e-15 -0.5646 2.82832)
(2.01724e-15 0.945634 3.90813)
(6.09637e-16 1.90663 2.98794)
(-7.7714e-16 3.03837 1.96614)
(-1.99285e-15 4.09086 0.88816)
(-2.70175e-15 4.84392 0.204862)
(-2.67245e-15 4.87346 -0.250133)
(-1.59038e-15 0.415894 0.161841)
(2.5714e-15 -4.23869 0.848717)
(3.52399e-15 -5.77309 0.734635)
(3.18168e-15 -5.83501 0.649874)
(2.46292e-15 -4.33365 0.0604584)
(1.78513e-15 -0.168994 -1.48857)
(9.86398e-16 3.52489 -3.47539)
(1.03594e-17 4.43107 -4.91765)
(-6.85394e-16 3.17788 -6.16145)
(-4.62256e-16 -0.170291 -7.20786)
(1.76084e-16 -2.41211 -6.17791)
(-3.03765e-16 -1.9644 -4.09007)
(2.32376e-15 -0.871483 2.47581)
(1.10271e-15 0.872902 3.12341)
(-2.69917e-16 2.15133 2.13872)
(-1.47963e-15 3.33698 1.28352)
(-2.48189e-15 4.34472 0.519077)
(-2.75766e-15 5.05558 0.157388)
(-2.27993e-15 4.96093 -0.127267)
(-8.04865e-16 0.208529 0.763058)
(1.72224e-15 -4.39585 1.21521)
(3.60708e-15 -5.77424 1.05348)
(3.15587e-15 -5.78405 1.40727)
(2.43017e-15 -4.00489 0.850586)
(1.81828e-15 0.851986 -0.87355)
(-4.28264e-16 4.08033 -2.28436)
(-1.9195e-15 4.92328 -2.79827)
(-2.74977e-15 3.74285 -3.43604)
(-2.47397e-15 0.234041 -5.18688)
(-6.05013e-16 -2.96293 -5.66609)
(-3.86024e-16 -2.80908 -3.91926)
(2.10492e-15 -1.04744 2.1196)
(5.83179e-16 1.10725 2.47973)
(-7.34804e-16 2.53648 1.55076)
(-1.94563e-15 3.66222 0.861704)
(-2.75535e-15 4.52844 0.421928)
(-2.59749e-15 5.12979 0.276712)
(-1.721e-15 4.72657 0.289489)
(-5.09281e-17 -0.170126 1.71632)
(1.28768e-15 -4.41012 1.72894)
(3.56859e-15 -5.83817 1.55745)
(3.11408e-15 -5.82776 2.24825)
(2.3586e-15 -3.60283 1.74219)
(4.3443e-16 1.75117 0.247387)
(-2.46804e-15 4.05153 0.723074)
(-3.63797e-15 4.90437 1.42217)
(-4.06587e-15 4.17938 1.2687)
(-3.46407e-15 0.174496 -0.655167)
(-1.42127e-15 -2.77826 -3.65224)
(-5.40317e-16 -2.9948 -3.0934)
(1.99335e-15 -1.18787 1.82641)
(3.47057e-16 1.23895 1.98748)
(-1.07007e-15 2.79049 1.14557)
(-2.40385e-15 3.8236 0.639636)
(-2.88652e-15 4.58162 0.563636)
(-2.332e-15 5.12407 0.556152)
(-1.05549e-15 4.38176 1.02701)
(6.89977e-16 -0.489731 2.78547)
(1.45756e-15 -4.32529 2.56405)
(3.26162e-15 -5.93649 2.37365)
(3.10227e-15 -5.93582 3.01366)
(2.03287e-15 -3.28181 2.75432)
(-1.458e-15 1.53875 2.70767)
(-3.0404e-15 3.47204 4.56865)
(-3.63443e-15 4.77453 5.33101)
(-3.78528e-15 4.63287 5.20388)
(-2.38226e-15 1.09315 3.07247)
(-1.9396e-15 -2.59182 -0.69128)
(-1.28718e-15 -3.17875 -2.37493)
(1.94123e-15 -1.2689 1.63089)
(9.67062e-17 1.42975 1.62414)
(-1.57402e-15 3.03851 0.846903)
(-2.80736e-15 3.89357 0.633478)
(-2.82975e-15 4.55214 0.867189)
(-1.9308e-15 4.98356 1.01857)
(-2.30493e-16 3.83221 2.11289)
(1.3684e-15 -0.813471 3.9654)
(1.78268e-15 -4.22519 3.65756)
(2.86089e-15 -5.97519 3.35075)
(3.05049e-15 -6.0803 3.73781)
(1.49913e-15 -3.34327 3.99314)
(-1.76982e-15 0.860922 5.74454)
(-2.14635e-15 2.92669 7.79028)
(-2.77125e-15 4.70036 8.32055)
(-3.5384e-15 5.23945 8.78426)
(-2.45161e-15 3.09577 7.27438)
(-7.21361e-16 0.119226 2.38069)
(-3.39793e-16 -1.22324 1.63947)
(1.90804e-15 -1.2906 1.51371)
(-2.92832e-16 1.60459 1.35983)
(-2.24029e-15 3.18697 0.698732)
(-2.96165e-15 3.82056 0.894583)
(-2.61122e-15 4.42728 1.28936)
(-1.35202e-15 4.67026 1.75723)
(7.96547e-16 3.15001 3.46865)
(1.93004e-15 -1.04163 5.14409)
(2.11764e-15 -4.08746 4.78825)
(2.65414e-15 -5.93946 4.38229)
(2.82973e-15 -6.2784 4.56828)
(1.03207e-15 -3.86291 5.29974)
(-9.07164e-16 0.0303839 8.0083)
(-5.46907e-16 2.46956 9.6276)
(-1.3779e-15 4.43208 9.97165)
(-2.97405e-15 5.06802 11.517)
(-3.19246e-15 3.27233 12.4244)
(-4.02324e-16 -0.869569 10.4814)
(8.44109e-16 -5.261 9.9505)
(1.86877e-15 -1.24846 1.48479)
(-8.63598e-16 1.75943 1.15394)
(-2.80116e-15 3.23441 0.817281)
(-2.84349e-15 3.64799 1.328)
(-2.32539e-15 4.20938 1.81563)
(-6.36254e-16 4.15855 2.80414)
(2.02818e-15 2.39742 4.90552)
(2.27366e-15 -1.22265 6.2666)
(2.35952e-15 -3.93473 5.9331)
(2.59146e-15 -5.87131 5.51512)
(2.57265e-15 -6.50492 5.55519)
(1.09535e-15 -4.61035 6.56595)
(1.19629e-16 -0.851671 9.30741)
(6.28215e-16 2.11978 9.88393)
(2.6026e-16 3.92886 10.0471)
(-5.1814e-16 4.25482 12.0682)
(-2.76319e-15 3.1903 14.2626)
(-3.92786e-15 0.374939 14.6356)
(-3.12293e-15 -2.74277 12.2978)
(1.77083e-15 -1.13015 1.58324)
(-1.71675e-15 1.82909 0.799297)
(-2.95143e-15 3.14622 1.23972)
(-2.626e-15 3.40775 1.76928)
(-1.98976e-15 3.84794 2.51791)
(-6.349e-17 3.47485 4.09966)
(3.04078e-15 1.67116 6.22629)
(2.43412e-15 -1.37528 7.2235)
(2.42686e-15 -3.80713 7.00729)
(2.35799e-15 -5.78809 6.66758)
(1.72512e-15 -6.72189 6.62962)
(-3.21245e-16 -5.33184 7.71985)
(2.61696e-16 -1.35371 9.72128)
(2.85299e-16 2.18348 9.00362)
(7.64731e-16 3.62627 9.54114)
(3.50147e-15 3.57373 11.6715)
(4.36397e-15 2.59542 12.0053)
(2.56515e-15 0.48078 9.93129)
(-2.20236e-15 -1.38807 5.95432)
(1.593e-15 -0.863639 2.06669)
(-2.68807e-15 1.81887 0.328291)
(-2.74998e-15 2.8756 1.78835)
(-2.43834e-15 3.11353 2.17751)
(-1.49385e-15 3.29493 3.46306)
(1.79264e-17 2.70833 5.49117)
(8.58419e-16 1.07115 7.31716)
(2.86379e-15 -1.49365 7.88806)
(2.35464e-15 -3.73273 7.78544)
(1.94794e-15 -5.73333 7.62093)
(1.0937e-15 -6.92374 7.69351)
(-7.53075e-17 -5.81856 8.72749)
(4.70324e-16 -1.372 9.11458)
(3.09438e-16 2.1524 6.34355)
(1.46083e-15 2.82557 7.55295)
(3.71777e-15 3.19255 11.2271)
(6.70394e-15 3.62094 12.8399)
(9.91776e-15 3.01508 11.3931)
(1.05423e-14 2.07464 6.72106)
(8.75391e-16 -0.271708 3.01636)
(-3.05095e-15 1.86655 0.453855)
(-2.56888e-15 2.45485 2.19754)
(-2.25826e-15 2.70567 2.67952)
(-8.31036e-16 2.5492 4.60413)
(1.27456e-15 1.95625 6.81411)
(2.5791e-15 0.654066 8.26849)
(2.65617e-15 -1.53504 8.50507)
(2.26604e-15 -3.70638 8.41048)
(1.7053e-15 -5.76691 8.45588)
(9.53212e-16 -7.1372 8.81301)
(2.67509e-16 -5.90738 9.48084)
(-4.18374e-16 -0.500504 7.33095)
(-1.33147e-15 2.79403 2.8494)
(-6.16393e-17 1.66418 2.54459)
(9.95725e-16 1.3832 4.35948)
(6.34638e-16 2.37338 7.70462)
(8.5224e-16 2.72392 11.5348)
(2.49162e-15 3.25708 12.2337)
(-1.58799e-15 0.593664 3.34216)
(-2.64637e-15 1.96978 1.34252)
(-2.54475e-15 2.07536 2.41922)
(-1.96371e-15 2.10694 3.3542)
(-2.34951e-16 1.67489 5.76007)
(1.52404e-15 1.24846 7.92368)
(2.33149e-15 0.338534 9.21152)
(2.4074e-15 -1.52879 9.47571)
(2.1481e-15 -3.71292 9.42839)
(1.66433e-15 -5.91005 9.65177)
(1.0272e-15 -7.29583 10.1214)
(1.73333e-16 -5.28953 9.7455)
(-1.41389e-15 1.34294 5.16466)
(-1.66443e-15 4.00146 1.9615)
(-1.13906e-15 2.4821 1.04821)
(-9.48202e-16 1.5264 -1.7029)
(-5.12927e-16 0.668793 -3.57548)
(-6.62649e-17 0.832728 2.31257)
(-1.30282e-15 4.59815 8.74417)
(-2.55192e-15 0.901346 2.92162)
(-2.48335e-15 2.00656 1.84308)
(-2.504e-15 1.72315 2.59363)
(-1.63772e-15 1.31302 4.03329)
(1.14057e-16 0.756047 6.64588)
(1.42865e-15 0.569507 8.62495)
(1.97604e-15 -0.0160283 9.98173)
(2.12574e-15 -1.61463 10.6308)
(2.01431e-15 -3.79175 10.8953)
(1.65406e-15 -6.06583 11.2473)
(9.89791e-16 -7.12992 11.2912)
(-2.62759e-16 -3.95338 8.95763)
(-1.94344e-15 2.71218 2.29352)
(-1.53908e-15 4.50025 1.33748)
(-1.03045e-15 3.17103 0.346315)
(-6.87645e-16 2.50096 -1.28738)
(-6.1315e-16 1.1475 -1.84785)
(-2.67801e-16 -1.27024 -4.22369)
(-9.74379e-16 -1.60001 -0.217017)
(-2.4154e-15 1.18265 2.68613)
(-2.54093e-15 1.9558 1.93009)
(-2.41493e-15 1.27064 2.72894)
(-1.46749e-15 0.434189 4.42429)
(-2.70398e-17 -0.100144 6.8153)
(9.19271e-16 -0.0835944 8.61496)
(1.43974e-15 -0.485231 10.2041)
(1.73591e-15 -1.89064 11.3236)
(1.79223e-15 -3.98067 12.0406)
(1.50593e-15 -6.08671 12.4236)
(6.94376e-16 -6.36084 11.5192)
(-8.70558e-16 -1.77496 6.76721)
(-2.05704e-15 4.09776 0.0568142)
(-1.54024e-15 4.78339 0.651117)
(-1.06959e-15 3.65125 -0.681956)
(-6.93125e-16 2.68555 -1.79656)
(-4.66118e-16 1.42552 -2.54106)
(-1.5503e-16 -0.046881 -3.2121)
(-8.25712e-16 -1.13277 -4.59247)
(-2.38668e-15 1.38039 2.47904)
(-2.51103e-15 1.8687 1.99097)
(-2.39448e-15 0.804891 2.66771)
(-1.60279e-15 -0.351548 4.21954)
(-5.75153e-16 -0.864883 6.11359)
(2.01793e-16 -0.80537 7.88396)
(7.41919e-16 -1.11311 9.71051)
(1.15412e-15 -2.35034 11.1827)
(1.35395e-15 -4.24145 12.1845)
(1.11452e-15 -5.8507 12.3779)
(1.43393e-16 -4.85277 10.1408)
(-1.58293e-15 0.935356 3.06541)
(-1.95644e-15 5.01177 -0.46442)
(-1.53632e-15 4.92059 -0.252866)
(-1.0536e-15 4.14128 -1.34036)
(-6.77077e-16 3.08183 -2.22134)
(-4.35358e-16 1.64576 -2.79577)
(-1.48983e-16 0.0925978 -3.04948)
(-9.49381e-16 -0.703204 -4.29718)
(-2.35506e-15 1.49479 2.28238)
(-2.49387e-15 1.79568 1.96679)
(-2.43213e-15 0.443268 2.40672)
(-1.91298e-15 -0.985663 3.54004)
(-1.16877e-15 -1.55416 5.0244)
(-4.95688e-16 -1.53571 6.73508)
(1.33256e-17 -1.7908 8.67503)
(4.33955e-16 -2.86105 10.3049)
(6.97892e-16 -4.4503 11.3313)
(4.97335e-16 -5.25572 11.0726)
(-5.35896e-16 -2.78014 7.38913)
(-2.04293e-15 2.70998 -0.286465)
(-1.91302e-15 5.29687 -0.417462)
(-1.50807e-15 5.20413 -1.04134)
(-1.0263e-15 4.47277 -1.88352)
(-6.38405e-16 3.28916 -2.52722)
(-3.79023e-16 1.76567 -2.88587)
(-2.16711e-16 0.416235 -3.08437)
(-6.90185e-16 -0.666395 -3.33495)
(-2.32554e-15 1.57381 2.11091)
(-2.47625e-15 1.75144 1.8916)
(-2.4761e-15 0.227926 2.00816)
(-2.205e-15 -1.38451 2.72702)
(-1.6679e-15 -2.13144 3.89983)
(-1.08633e-15 -2.28858 5.41714)
(-6.3578e-16 -2.56069 7.27984)
(-2.87083e-16 -3.426 8.89662)
(-5.06936e-17 -4.53535 9.78644)
(-2.34629e-16 -4.27493 8.95219)
(-1.21692e-15 -0.398599 4.13548)
(-2.048e-15 3.73026 -0.770156)
(-1.91065e-15 5.35124 -0.714574)
(-1.4672e-15 5.50284 -1.52255)
(-9.85689e-16 4.73711 -2.25313)
(-5.93653e-16 3.45055 -2.689)
(-3.27702e-16 1.85205 -2.87403)
(-2.71651e-16 0.384408 -2.94395)
(3.67224e-16 -0.895477 -2.74476)
(-2.29806e-15 1.61814 1.96197)
(-2.461e-15 1.74463 1.79252)
(-2.49201e-15 0.0462699 1.61114)
(-2.40988e-15 -1.7686 1.89528)
(-2.03932e-15 -2.60728 2.85227)
(-1.52456e-15 -2.86388 4.19605)
(-1.09783e-15 -3.12516 5.94618)
(-8.42383e-16 -3.80572 7.5369)
(-7.19916e-16 -4.44215 8.23)
(-9.4137e-16 -3.09079 6.64018)
(-1.80402e-15 1.67232 1.18944)
(-2.01294e-15 4.50784 -0.430732)
(-1.88736e-15 5.62391 -1.0204)
(-1.43013e-15 5.81259 -1.84926)
(-9.39012e-16 4.93944 -2.45364)
(-5.41517e-16 3.52363 -2.7225)
(-2.75614e-16 1.86117 -2.7762)
(-1.30439e-16 0.327334 -2.74972)
(3.57576e-16 -1.04562 -2.41307)
(-2.27611e-15 1.66843 1.83403)
(-2.44949e-15 1.89293 1.68672)
(-2.48155e-15 0.415838 1.45804)
(-2.54128e-15 -1.91541 1.23167)
(-2.38716e-15 -3.04473 1.63212)
(-2.05055e-15 -3.60253 2.4658)
(-1.66192e-15 -3.99781 3.73089)
(-1.40526e-15 -4.4311 5.03794)
(-1.34368e-15 -4.16971 5.65738)
(-1.52893e-15 -1.42777 4.22049)
(-1.91879e-15 2.55361 0.882444)
(-2.00767e-15 4.89183 -0.33894)
(-1.87228e-15 6.03848 -1.20882)
(-1.39859e-15 6.17394 -2.03872)
(-8.96846e-16 5.14321 -2.53853)
(-4.95675e-16 3.58627 -2.69903)
(-2.23756e-16 1.84608 -2.70655)
(-3.63942e-17 0.288786 -2.59072)
(-4.37302e-17 -1.30616 -2.59623)
(2.16842e-15 3.59263 6.37121)
(5.15645e-15 10.6344 18.9533)
(3.65059e-15 18.0711 30.9095)
(2.92356e-15 20.3905 34.2172)
(2.86226e-15 19.8483 32.3691)
(3.17991e-15 18.5357 29.2567)
(3.08839e-15 17.1544 26.3444)
(2.82046e-15 16.0276 23.8923)
(2.81169e-15 14.9537 21.5758)
(2.87694e-15 13.8574 19.3403)
(3.00356e-15 12.7321 17.1558)
(2.96497e-15 11.5728 15.0111)
(2.97252e-15 10.3701 12.9115)
(2.82322e-15 9.1309 10.854)
(2.72171e-15 7.82597 8.84856)
(2.62333e-15 6.48341 6.86485)
(2.31787e-15 4.95433 4.93098)
(1.2615e-15 3.46821 3.06057)
(-4.81345e-16 1.28996 1.14167)
(-4.57765e-15 -0.171631 -1.85231)
(-1.029e-15 1.86212 3.42471)
(3.67857e-15 10.2584 15.6474)
(3.05738e-15 17.7321 28.1383)
(2.20513e-15 20.1496 32.7555)
(2.06102e-15 19.274 31.6179)
(2.6426e-15 17.6291 29.0703)
(2.60347e-15 16.1816 26.7418)
(2.38751e-15 14.8467 24.5353)
(2.77054e-15 13.484 22.296)
(3.44283e-15 12.0996 20.0005)
(4.11458e-15 10.6712 17.6609)
(4.69543e-15 9.19455 15.254)
(5.83383e-15 7.63932 12.765)
(7.3556e-15 6.00145 10.176)
(8.94593e-15 4.2408 7.49872)
(1.0691e-14 2.34578 4.63269)
(1.24294e-14 -0.13844 1.40248)
(2.15577e-14 -2.72661 -1.82387)
(1.2046e-14 -3.39598 -3.52205)
(2.28386e-16 -2.61858 -6.28397)
(-5.8563e-17 8.30361 14.7129)
(2.60822e-17 16.9665 26.404)
(2.04843e-16 19.7604 30.3703)
(1.85865e-16 19.4233 30.4439)
(4.33741e-17 17.7548 28.6587)
(5.27888e-16 16.0325 26.5565)
(5.30879e-16 14.3629 24.4943)
(7.0319e-16 12.6807 22.2959)
(1.0126e-15 10.9744 20.0571)
(1.58759e-15 9.32574 17.8324)
(2.21597e-15 7.65674 15.5762)
(3.08765e-15 5.94889 13.2182)
(4.8878e-15 4.18372 10.7354)
(7.99775e-15 2.4005 8.16455)
(1.00256e-14 0.659795 5.59963)
(8.06693e-15 -0.973275 3.02722)
(4.21896e-15 -2.40939 0.413068)
(3.21555e-15 -3.37617 -1.72511)
(3.31235e-15 -3.01158 -2.09055)
(6.91803e-16 -0.814386 -0.0295986)
(4.55272e-17 11.3443 19.6874)
(-1.39578e-16 18.7255 31.3382)
(-2.16895e-16 17.4853 29.4067)
(-1.80133e-16 14.7229 25.3812)
(-2.1668e-16 12.8854 23.1706)
(-2.74182e-16 11.7056 21.8593)
(-1.48601e-17 10.3219 20.3138)
(2.82467e-16 8.80675 18.4214)
(6.04157e-16 7.19794 16.4035)
(1.05745e-15 5.56537 14.2993)
(1.63322e-15 3.88702 12.1439)
(2.61807e-15 2.19918 9.95382)
(4.7097e-15 0.553613 7.78867)
(7.75113e-15 -0.897235 5.79607)
(9.92095e-15 -1.86587 4.32323)
(8.8819e-15 -1.89306 3.97567)
(5.01893e-15 -0.477241 5.41988)
(1.70201e-15 2.47669 8.63909)
(8.78825e-16 5.67488 11.8375)
(5.39806e-16 5.04087 10.2404)
(-1.12141e-17 11.3063 19.6302)
(4.81044e-17 16.8495 29.6339)
(6.53097e-17 14.5613 25.8879)
(5.65716e-17 12.7157 22.8112)
(4.31403e-18 11.5389 21.0757)
(-1.81815e-16 10.4939 19.4361)
(-2.2589e-16 9.27359 17.7151)
(-2.96791e-16 8.03165 15.7861)
(-3.85158e-16 6.69981 13.7322)
(-4.67357e-16 5.36581 11.5516)
(-4.80872e-16 4.05091 9.35623)
(-5.4853e-16 2.88873 7.33653)
(-9.73236e-16 2.07473 5.85347)
(-1.81932e-15 1.91598 5.42361)
(-2.60371e-15 2.74712 6.57151)
(-2.71917e-15 4.62824 9.36797)
(-1.97345e-15 7.12738 13.1099)
(-7.53418e-16 9.30248 16.4374)
(7.5174e-17 10.251 17.3538)
(4.19505e-17 7.04157 12.9158)
(1.5001e-18 9.65506 16.808)
(-1.01708e-17 16.6873 29.4373)
(-1.24361e-17 15.6991 27.4068)
(-1.10678e-17 13.996 23.8998)
(5.22558e-19 12.4922 21.3125)
(5.77036e-17 11.5323 19.3284)
(6.29065e-17 10.6418 17.7887)
(7.06375e-17 9.90654 16.2665)
(7.84178e-17 9.15136 14.7685)
(8.4644e-17 8.45857 13.239)
(8.24002e-17 7.79348 11.6811)
(7.44551e-17 7.17802 10.1129)
(5.06369e-17 6.68957 8.68773)
(-3.97556e-17 6.426 7.69165)
(-2.07085e-16 6.58048 7.54549)
(-2.86396e-16 7.14759 8.49649)
(-7.57186e-17 8.01202 10.2839)
(3.44061e-16 8.57261 12.2057)
(5.10494e-16 8.40548 12.842)
(1.72809e-16 5.8773 9.94976)
(-1.46973e-19 8.82692 15.2782)
(1.65691e-18 17.5361 30.3516)
(1.88497e-18 16.8727 29.231)
(1.67469e-18 14.9415 25.2432)
(-4.45362e-19 13.3272 22.5332)
(-1.12606e-17 12.4565 20.5646)
(-1.23757e-17 11.6692 19.0638)
(-1.22441e-17 11.0168 17.6292)
(-1.15663e-17 10.3643 16.2569)
(-9.60357e-18 9.74675 14.9205)
(-6.42099e-18 9.15378 13.613)
(-3.60444e-18 8.57415 12.3096)
(4.68591e-19 7.99336 10.9783)
(1.28132e-17 7.41808 9.66092)
(4.18935e-17 6.89697 8.50135)
(9.70934e-17 6.50264 7.747)
(1.8098e-16 6.25466 7.57087)
(2.39502e-16 6.05357 7.76171)
(1.57693e-16 5.34533 7.64273)
(-2.43117e-17 3.1609 4.42343)
(1.30711e-20 9.00721 15.4117)
(-1.99751e-19 18.1979 30.7536)
(-2.06229e-19 17.5329 30.0884)
(-1.71486e-19 15.6015 26.0378)
(1.44936e-19 13.9647 23.4355)
(1.72763e-18 13.1209 21.5063)
(1.87243e-18 12.288 19.982)
(1.59602e-18 11.5609 18.4651)
(1.11646e-18 10.813 16.996)
(2.49076e-19 10.0825 15.5601)
(-8.76553e-19 9.36587 14.174)
(-1.61241e-18 8.66089 12.8402)
(-1.70364e-18 7.96334 11.5514)
(-1.97426e-18 7.26704 10.2812)
(-3.92808e-18 6.54279 9.01311)
(-1.01422e-17 5.80971 7.74243)
(-2.67996e-17 4.99048 6.54198)
(-6.19333e-17 4.16665 5.31617)
(-1.0215e-16 2.76447 3.85327)
(-1.17604e-16 0.741357 -0.116678)
(-2.43996e-22 10.5294 18.0258)
(6.35268e-21 19.3148 31.7852)
(-2.0171e-21 18.0358 30.6081)
(-9.18909e-21 16.2744 26.6197)
(-4.49249e-20 14.6626 24.2832)
(-1.90061e-19 13.9253 22.4006)
(-1.56085e-19 13.0649 20.8951)
(-5.30986e-20 12.349 19.332)
(1.07435e-19 11.5821 17.809)
(3.62392e-19 10.8165 16.2586)
(6.63379e-19 10.0156 14.691)
(8.51077e-19 9.17479 13.1074)
(8.08409e-19 8.28969 11.5245)
(5.90933e-19 7.36956 9.95143)
(3.47349e-19 6.39225 8.39605)
(2.98196e-19 5.37923 6.81078)
(1.22051e-18 4.20344 5.17076)
(4.52923e-18 2.97148 3.2616)
(1.7243e-17 0.912419 0.845771)
(-2.30528e-17 -0.551763 -2.86033)
(-4.38392e-22 13.0885 22.8615)
(6.07835e-21 20.5291 33.1088)
(1.10963e-20 17.9346 30.6625)
(1.32052e-20 16.7637 27.1063)
(1.60068e-20 15.2175 25.337)
(6.65949e-21 14.7317 23.5328)
(-2.65495e-20 13.8297 22.1402)
(-6.23405e-20 13.2379 20.5934)
(-1.08023e-19 12.4828 19.0909)
(-1.73601e-19 11.7197 17.4292)
(-2.43737e-19 10.8215 15.6497)
(-2.84102e-19 9.82203 13.7459)
(-2.72423e-19 8.71499 11.7664)
(-2.17147e-19 7.52636 9.73522)
(-1.40298e-19 6.23725 7.67972)
(-5.31277e-20 4.87705 5.56268)
(3.29231e-20 3.29462 3.39175)
(9.65981e-20 1.69796 0.937018)
(1.85056e-18 -0.852639 -1.80297)
(8.17152e-18 -1.97307 -5.58235)
(1.90377e-22 15.6173 28.257)
(-2.84617e-21 20.625 33.1352)
(-4.77419e-21 16.9359 30.1646)
(-5.44254e-21 16.7719 27.493)
(-5.63689e-21 15.0912 26.3451)
(3.6534e-21 14.9043 24.6158)
(1.83801e-20 13.8394 23.4987)
(2.96774e-20 13.416 22.0442)
(3.50222e-20 12.5185 20.6136)
(3.61592e-20 11.6405 18.7534)
(3.75271e-20 10.4306 16.6552)
(4.15508e-20 9.09583 14.3014)
(4.3552e-20 7.59254 11.8361)
(4.06118e-20 6.00367 9.2918)
(3.49652e-20 4.28715 6.66519)
(1.73948e-20 2.46642 3.90719)
(-1.14671e-20 0.344152 1.04203)
(-3.54775e-20 -1.33242 -2.20754)
(-6.10921e-19 -3.66496 -4.45137)
(1.3025e-17 -3.45347 -8.27448)
(-5.30332e-23 16.5222 30.8366)
(1.02837e-21 18.9288 30.8215)
(1.61254e-21 15.5201 29.0397)
(1.75835e-21 15.8376 26.946)
(1.42727e-21 13.8896 25.9904)
(-2.14667e-21 13.6925 24.3283)
(-6.18383e-21 12.4026 23.4096)
(-1.38087e-20 11.8799 22.0059)
(-3.25278e-20 10.6247 20.5229)
(-5.5565e-20 9.41806 18.3779)
(-5.78449e-20 7.75237 15.9153)
(-2.79028e-20 6.03293 13.1101)
(1.05794e-20 4.16737 10.2422)
(2.36315e-20 2.3263 7.3574)
(-4.01104e-20 0.446304 4.42235)
(-2.41257e-19 -1.28875 1.69547)
(-1.59919e-19 -2.63345 -0.538062)
(1.53846e-18 -3.99678 -3.12867)
(5.4231e-18 -4.9201 -5.20763)
(7.64087e-18 -2.44921 -3.39358)
(7.44196e-24 15.6135 29.5087)
(-3.35517e-22 17.4594 28.6596)
(-5.05773e-22 14.4866 27.485)
(-6.58872e-22 14.6177 25.1642)
(-3.97358e-22 12.5626 24.1579)
(1.66377e-21 12.1692 22.409)
(3.49752e-21 10.7354 21.3776)
(-7.5135e-22 9.93028 19.9202)
(-1.57291e-20 8.53643 18.407)
(-3.03993e-20 7.16781 16.3766)
(-1.98941e-20 5.48368 14.031)
(2.40998e-20 3.74408 11.3448)
(7.53065e-20 1.95212 8.57428)
(7.73686e-20 0.315261 5.954)
(-4.5287e-20 -1.07786 3.6493)
(-2.58524e-19 -2.01895 1.85611)
(-2.04864e-19 -1.96937 1.35855)
(4.85113e-19 -0.183629 3.18872)
(1.22452e-18 3.00688 7.01857)
(6.13029e-19 3.89956 8.50728)
(1.60498e-25 14.7367 28.0636)
(1.01532e-22 17.6139 28.1116)
(1.50698e-22 14.0653 26.5306)
(1.52663e-22 14.5971 23.7289)
(-5.74018e-23 12.2983 22.7408)
(-5.60945e-22 12.1184 20.5732)
(-8.7131e-22 10.5563 19.2924)
(-1.9861e-21 9.84747 17.5663)
(-5.96302e-21 8.63797 16.0962)
(-1.03468e-20 7.6517 14.4072)
(-4.27329e-21 6.50648 12.6353)
(2.34168e-20 5.38486 10.6305)
(6.58746e-20 4.26067 8.50773)
(8.08332e-20 3.35712 6.56928)
(1.63135e-20 2.98934 5.43543)
(-9.60108e-20 3.51281 5.76746)
(-1.36744e-19 4.73054 7.3212)
(-9.79771e-20 5.87522 9.19959)
(-7.66257e-20 6.84382 10.3373)
(-2.8585e-20 5.0286 8.98566)
(1.60005e-25 14.8549 28.576)
(-2.50402e-23 18.4257 28.6835)
(-3.8707e-23 14.4673 27.1)
(-5.53545e-23 15.3332 24.1275)
(-5.29008e-23 13.0757 23.1465)
(-1.9902e-23 13.0155 20.9619)
(-5.1934e-23 11.6712 19.5647)
(2.22173e-22 11.0491 17.8155)
(1.62318e-21 10.1393 16.315)
(3.93889e-21 9.41865 14.8282)
(4.97945e-21 8.71943 13.4544)
(2.85137e-21 8.10526 12.1466)
(-6.69992e-22 7.54588 10.8608)
(1.51074e-22 7.00852 9.53339)
(1.29586e-20 6.45269 8.13385)
(4.00553e-20 5.86736 6.8003)
(7.93866e-20 5.28313 5.75177)
(1.28076e-19 4.66823 5.07519)
(1.8058e-19 3.69272 4.42097)
(2.60643e-19 1.98159 2.20112)
(1.46522e-26 15.363 30.0611)
(6.73223e-24 18.9867 29.1256)
(7.55096e-24 14.79 27.9354)
(-6.62215e-24 15.9341 25.0473)
(-4.53845e-23 13.6722 24.0736)
(-7.83003e-23 13.6325 22.0116)
(-2.47485e-23 12.447 20.6371)
(7.47587e-23 11.8529 19.0048)
(7.80504e-23 11.0719 17.5279)
(6.96909e-23 10.3848 16.0419)
(4.2109e-22 9.70413 14.5956)
(1.22535e-21 9.03637 13.1691)
(1.9257e-21 8.35622 11.7404)
(1.82732e-21 7.63036 10.2619)
(1.00853e-21 6.78161 8.67254)
(-5.64025e-22 5.77624 6.90225)
(-9.36922e-22 4.51964 5.04937)
(3.58005e-21 3.13641 2.91765)
(-1.29775e-21 1.04508 0.488271)
(6.31151e-20 -0.411703 -2.94359)
(-3.95775e-26 15.4152 31.1931)
(-1.19895e-24 18.9397 28.7251)
(-3.21768e-24 14.5026 28.2824)
(-1.41195e-23 15.9311 25.5034)
(-2.78039e-23 13.5596 24.63)
(-3.17833e-24 13.5661 22.6842)
(1.0283e-22 12.3873 21.4195)
(2.33429e-22 11.8618 19.9029)
(1.15156e-22 11.1232 18.569)
(-5.95685e-22 10.5333 17.2149)
(-1.68666e-21 9.93943 15.9007)
(-1.71564e-21 9.36155 14.5471)
(1.86221e-21 8.70564 13.0586)
(1.15049e-20 7.85543 11.2547)
(2.76776e-20 6.61599 8.92914)
(4.41987e-20 4.85779 5.93795)
(4.79078e-20 2.87636 3.14363)
(4.04513e-20 1.07527 0.58647)
(1.48915e-20 -1.70417 -2.24526)
(1.36295e-20 -2.34768 -6.50195)
(-1.27695e-25 14.3916 31.0108)
(8.86388e-25 18.3227 28.0307)
(1.78929e-24 13.6415 27.9572)
(-2.61735e-24 14.5927 25.601)
(-6.72869e-24 12.5216 24.6741)
(1.82976e-23 12.0945 23.0903)
(7.79571e-23 11.0051 21.8957)
(4.96529e-23 10.3166 20.5941)
(-3.30227e-22 9.54584 19.4104)
(-1.16396e-21 8.90377 18.2414)
(-1.69407e-21 8.27757 17.105)
(3.91794e-22 7.65118 15.8805)
(8.85036e-21 6.87471 14.3578)
(2.76107e-20 5.73717 12.1549)
(5.68274e-20 3.87401 8.68246)
(7.8078e-20 0.925667 3.32931)
(4.90548e-20 -2.10655 -2.51307)
(8.04836e-21 -2.95848 -4.25082)
(1.99304e-20 -4.17368 -5.46224)
(2.61363e-20 -3.00188 -6.35798)
(-1.32577e-25 11.2632 28.5653)
(8.37404e-25 17.0031 25.1389)
(3.98561e-24 12.0305 25.5244)
(4.8435e-24 12.6141 23.8584)
(-1.22966e-24 10.8671 23.1395)
(-7.58297e-24 10.1621 22.0853)
(-1.24373e-23 9.1375 21.2012)
(-7.53122e-23 8.32374 20.2849)
(-3.39216e-22 7.51525 19.41)
(-8.67139e-22 6.78564 18.5471)
(-1.23343e-21 6.09482 17.689)
(-1.37688e-22 5.41927 16.7714)
(4.41879e-21 4.6901 15.6605)
(1.40972e-20 3.82306 14.1545)
(2.86416e-20 2.75853 12.0557)
(4.43159e-20 1.56374 9.27089)
(5.34607e-20 0.455557 5.95886)
(5.01954e-20 -0.434272 2.6858)
(4.03969e-20 -1.15778 -0.126365)
(2.22262e-20 -1.11749 -1.73936)
(8.09729e-27 2.60545 17.029)
(6.77117e-25 8.0403 13.6746)
(1.83909e-24 5.17413 14.5291)
(5.36129e-25 4.9788 14.1447)
(-7.27887e-24 4.05337 14.1099)
(-1.81924e-23 3.48241 13.9425)
(-1.64371e-23 2.89947 13.7919)
(7.16116e-24 2.41956 13.6095)
(2.59619e-24 2.0002 13.4104)
(-1.97023e-22 1.65526 13.1943)
(-8.63127e-22 1.38588 12.9744)
(-2.21721e-21 1.20332 12.7684)
(-4.17779e-21 1.11678 12.5906)
(-6.22326e-21 1.14018 12.4255)
(-7.57738e-21 1.28292 12.2147)
(-7.63104e-21 1.49781 11.8974)
(-6.29443e-21 1.81118 11.3715)
(-4.13011e-21 2.51008 10.344)
(-2.06335e-21 2.73677 8.84471)
(-5.07084e-22 -0.14866 6.69746)
(-6.944e-27 -2.60538 17.0288)
(-6.52776e-25 -8.04028 13.6745)
(-1.79138e-24 -5.17412 14.5289)
(-6.18245e-25 -4.97883 14.1446)
(6.70462e-24 -4.05342 14.1097)
(1.68245e-23 -3.48248 13.9423)
(1.45164e-23 -2.89956 13.7916)
(-8.90964e-24 -2.41967 13.6093)
(-4.41223e-24 -2.00032 13.4101)
(1.91114e-22 -1.65541 13.194)
(8.42821e-22 -1.38608 12.9741)
(2.16687e-21 -1.20362 12.7683)
(4.08307e-21 -1.11719 12.5907)
(6.08126e-21 -1.14068 12.4256)
(7.40298e-21 -1.28343 12.2147)
(7.45341e-21 -1.49825 11.8971)
(6.14532e-21 -1.81146 11.3709)
(4.02971e-21 -2.5101 10.3434)
(2.01159e-21 -2.73658 8.84416)
(4.93443e-22 0.148831 6.69704)
(1.3178e-25 -11.2631 28.565)
(-8.17435e-25 -17.0028 25.1386)
(-3.96601e-24 -12.0303 25.5241)
(-5.08166e-24 -12.6138 23.8582)
(2.43446e-25 -10.8668 23.1393)
(5.4751e-24 -10.1617 22.0852)
(9.04661e-24 -9.13708 21.2011)
(6.95445e-23 -8.32326 20.2848)
(3.27312e-22 -7.51469 19.41)
(8.44017e-22 -6.78499 18.5471)
(1.20256e-21 -6.09404 17.689)
(1.30285e-22 -5.41826 16.7712)
(-4.32617e-21 -4.68876 15.6599)
(-1.37862e-20 -3.82147 14.1534)
(-2.79911e-20 -2.75717 12.0547)
(-4.32778e-20 -1.56353 9.27085)
(-5.21537e-20 -0.457163 5.96111)
(-4.8902e-20 0.431073 2.6907)
(-3.93017e-20 1.15451 -0.121737)
(-2.1564e-20 1.11588 -1.73598)
(1.3057e-25 -14.3918 31.0109)
(-8.7983e-25 -18.3226 28.031)
(-1.92086e-24 -13.6416 27.9576)
(2.01831e-24 -14.5925 25.6015)
(5.64912e-24 -12.5215 24.6747)
(-1.89125e-23 -12.0944 23.0911)
(-7.70647e-23 -11.0049 21.8966)
(-4.95079e-23 -10.3164 20.5951)
(3.2076e-22 -9.54557 19.4116)
(1.13338e-21 -8.90347 18.2428)
(1.64726e-21 -8.27719 17.1065)
(-3.99418e-22 -7.65048 15.8817)
(-8.6807e-21 -6.87325 14.358)
(-2.70378e-20 -5.7343 12.1529)
(-5.55934e-20 -3.86877 8.67664)
(-7.62158e-20 -0.918638 3.31979)
(-4.75703e-20 2.11008 -2.51693)
(-7.55404e-21 2.95967 -4.24954)
(-1.91665e-20 4.1747 -5.46445)
(-2.5094e-20 3.00282 -6.35646)
(4.65043e-26 -15.4159 31.1943)
(1.1385e-24 -18.9402 28.7262)
(2.92244e-24 -14.5032 28.2836)
(1.3265e-23 -15.9317 25.5048)
(2.63754e-23 -13.5601 24.6315)
(2.66602e-24 -13.5668 22.6859)
(-9.90604e-23 -12.3879 21.4212)
(-2.24162e-22 -11.8626 19.9047)
(-1.0881e-22 -11.124 18.571)
(5.78971e-22 -10.5342 17.2171)
(1.6314e-21 -9.94038 15.903)
(1.64386e-21 -9.36252 14.5494)
(-1.86666e-21 -8.70636 13.0605)
(-1.13031e-20 -7.85547 11.2556)
(-2.71173e-20 -6.61473 8.92808)
(-4.32366e-20 -4.85495 5.93475)
(-4.68043e-20 -2.87328 3.14095)
(-3.94651e-20 -1.07162 0.582133)
(-1.42738e-20 1.70874 -2.25064)
(-1.28898e-20 2.35049 -6.50823)
(-1.67316e-26 -15.3636 30.0615)
(-6.47583e-24 -18.9878 29.1275)
(-7.26743e-24 -14.791 27.9367)
(6.26056e-24 -15.9349 25.0487)
(4.4365e-23 -13.6733 24.0748)
(7.80571e-23 -13.6335 22.013)
(2.743e-23 -12.4481 20.6385)
(-6.88289e-23 -11.8541 19.0062)
(-7.12862e-23 -11.0732 17.5294)
(-5.76535e-23 -10.3861 16.0434)
(-3.85609e-22 -9.70549 14.597)
(-1.14782e-21 -9.03773 13.1703)
(-1.80462e-21 -8.35746 11.7412)
(-1.67307e-21 -7.6313 10.2622)
(-8.27362e-22 -6.78197 8.67205)
(7.57912e-22 -5.77581 6.90092)
(1.15791e-21 -4.51852 5.04766)
(-3.23168e-21 -3.13467 2.91498)
(1.64265e-21 -1.04235 0.484555)
(-6.20518e-20 0.414322 -2.94974)
(-1.00855e-25 -14.8547 28.5746)
(2.3937e-23 -18.4272 28.6867)
(3.67847e-23 -14.4691 27.1013)
(5.37449e-23 -15.3337 24.129)
(4.96691e-23 -13.0776 23.1475)
(1.31874e-23 -13.0166 20.9635)
(4.56481e-23 -11.6735 19.5659)
(-2.05889e-22 -11.0511 17.817)
(-1.52853e-21 -10.1421 16.3163)
(-3.71096e-21 -9.42155 14.8296)
(-4.62607e-21 -8.72282 13.4556)
(-2.4426e-21 -8.10878 12.1477)
(1.06239e-21 -7.54967 10.8621)
(1.9193e-22 -7.01248 9.53524)
(-1.25555e-20 -6.4567 8.13676)
(-3.93375e-20 -5.87072 6.80342)
(-7.80472e-20 -5.28437 5.75319)
(-1.2598e-19 -4.66727 5.07317)
(-1.7819e-19 -3.68898 4.41511)
(-2.58802e-19 -1.97622 2.18971)
(-3.82735e-25 -14.7345 28.0585)
(-9.65897e-23 -17.6151 28.1122)
(-1.42861e-22 -14.0657 26.5289)
(-1.48346e-22 -14.5976 23.7262)
(6.54997e-23 -12.2992 22.7379)
(5.74652e-22 -12.1195 20.5696)
(8.80069e-22 -10.5577 19.288)
(1.92879e-21 -9.849 17.5611)
(5.69005e-21 -8.64013 16.0906)
(9.7628e-21 -7.65472 14.4018)
(3.56151e-21 -6.51098 12.6309)
(-2.37496e-20 -5.3914 10.6284)
(-6.49965e-20 -4.27011 8.50934)
(-7.79476e-20 -3.37003 6.57589)
(-1.20338e-20 -3.00626 5.44793)
(9.93459e-20 -3.53218 5.78282)
(1.39173e-19 -4.74187 7.3262)
(1.02807e-19 -5.87905 9.19736)
(8.64437e-20 -6.84295 10.3312)
(3.97758e-20 -5.02648 8.97596)
(-6.25118e-24 -15.6093 29.5003)
(3.16754e-22 -17.457 28.6568)
(4.7595e-22 -14.4842 27.48)
(6.43346e-22 -14.6143 25.1586)
(3.69226e-22 -12.5594 24.1521)
(-1.66008e-21 -12.1654 22.4031)
(-3.43174e-21 -10.7313 21.3712)
(6.54276e-22 -9.9252 19.913)
(1.48922e-20 -8.5307 18.3989)
(2.8398e-20 -7.16137 16.3678)
(1.72093e-20 -5.47718 14.022)
(-2.61661e-20 -3.73812 11.3365)
(-7.54445e-20 -1.94757 8.56767)
(-7.54256e-20 -0.312572 5.94955)
(4.61366e-20 1.07794 3.64765)
(2.50115e-19 2.01383 1.86121)
(1.78735e-19 1.95456 1.37866)
(-5.25227e-19 0.156939 3.22832)
(-1.2557e-18 -3.03774 7.06443)
(-6.16225e-19 -3.91626 8.53382)
(4.72465e-23 -16.5218 30.8367)
(-9.67977e-22 -18.9234 30.8152)
(-1.50463e-21 -15.5175 29.0361)
(-1.70612e-21 -15.8338 26.9434)
(-1.2838e-21 -13.8864 25.9876)
(2.3095e-21 -13.6883 24.3265)
(6.29633e-21 -12.3986 23.4079)
(1.35331e-20 -11.8744 22.004)
(3.10727e-20 -10.6178 20.5193)
(5.2482e-20 -9.40915 18.3726)
(5.39249e-20 -7.74195 15.9084)
(2.47516e-20 -6.02136 13.1025)
(-1.2168e-20 -4.15577 10.2353)
(-2.50097e-20 -2.3148 7.35138)
(3.82696e-20 -0.435012 4.41701)
(2.44924e-19 1.29876 1.69214)
(1.64715e-19 2.64339 -0.542084)
(-1.56417e-18 4.0051 -3.1326)
(-5.45077e-18 4.91495 -5.19558)
(-7.49989e-18 2.43657 -3.36525)
(-1.69034e-22 -15.6217 28.2666)
(2.67507e-21 -20.6238 33.1341)
(4.45017e-21 -16.9339 30.164)
(5.26558e-21 -16.7712 27.4947)
(5.15464e-21 -15.0903 26.3479)
(-3.79736e-21 -14.9036 24.6194)
(-1.81203e-20 -13.8385 23.5032)
(-2.9036e-20 -13.415 22.049)
(-3.36449e-20 -12.5164 20.618)
(-3.42767e-20 -11.6369 18.7562)
(-3.63277e-20 -10.4251 16.6562)
(-4.20524e-20 -9.08835 14.3004)
(-4.56685e-20 -7.58339 11.8334)
(-4.32717e-20 -5.99307 9.28767)
(-3.6176e-20 -4.27489 6.65896)
(-1.26623e-20 -2.45188 3.89817)
(2.63686e-20 -0.32332 1.02718)
(4.38908e-20 1.34842 -2.22256)
(4.02438e-19 3.67616 -4.46052)
(-1.23748e-17 3.45744 -8.27875)
(3.74552e-22 -13.0932 22.8704)
(-5.74993e-21 -20.5318 33.112)
(-1.04876e-20 -17.9358 30.6648)
(-1.27532e-20 -16.7658 27.1098)
(-1.43076e-20 -15.2198 25.3414)
(-7.55851e-21 -14.7345 23.5376)
(2.43029e-20 -13.8326 22.1457)
(5.92062e-20 -13.2413 20.5991)
(1.0115e-19 -12.4861 19.0966)
(1.61715e-19 -11.7228 17.4342)
(2.3061e-19 -10.824 15.6536)
(2.74348e-19 -9.82366 13.7484)
(2.66202e-19 -8.71568 11.7674)
(2.09457e-19 -7.52612 9.73465)
(1.23778e-19 -6.23602 7.6775)
(2.09161e-20 -4.8747 5.55869)
(-8.92887e-20 -3.29083 3.38619)
(-1.81308e-19 -1.69341 0.931123)
(-2.01121e-18 0.858666 -1.80949)
(-7.20666e-18 1.97709 -5.58835)
(3.77195e-22 -10.5305 18.027)
(-5.66375e-21 -19.3173 31.7873)
(3.13675e-21 -18.0391 30.612)
(9.20697e-21 -16.2777 26.6238)
(4.14487e-20 -14.6657 24.2871)
(2.03793e-19 -13.9285 22.4044)
(1.70546e-19 -13.0681 20.899)
(6.70204e-20 -12.3525 19.336)
(-8.20165e-20 -11.5857 17.813)
(-3.1753e-19 -10.82 16.2622)
(-6.11975e-19 -10.0188 14.6939)
(-8.05946e-19 -9.17754 13.1094)
(-7.6203e-19 -8.29168 11.5252)
(-5.1689e-19 -7.37059 9.95049)
(-2.10404e-19 -6.3921 8.39338)
(-6.8795e-20 -5.37786 6.8065)
(-8.66156e-19 -4.20089 5.16503)
(-3.97169e-18 -2.96786 3.25422)
(-1.62585e-17 -0.906807 0.836064)
(2.3726e-17 0.556598 -2.87)
(-1.26154e-20 -9.00423 15.406)
(1.85387e-19 -18.1989 30.7536)
(1.83828e-19 -17.5366 30.0935)
(1.6035e-19 -15.6048 26.0427)
(-1.52395e-19 -13.9674 23.4397)
(-1.82353e-18 -13.1234 21.5102)
(-1.93042e-18 -12.2904 19.9859)
(-1.63849e-18 -11.5631 18.4688)
(-1.18055e-18 -10.8149 16.9995)
(-4.09396e-19 -10.0842 15.5632)
(6.77003e-19 -9.36706 14.1763)
(1.4035e-18 -8.66133 12.8416)
(1.434e-18 -7.96291 11.5519)
(1.55167e-18 -7.26568 10.2812)
(3.18077e-18 -6.54067 9.01301)
(8.90527e-18 -5.80663 7.74132)
(2.49912e-17 -4.98573 6.53818)
(5.96115e-17 -4.16012 5.30822)
(9.98056e-17 -2.75536 3.84054)
(1.15441e-16 -0.733692 -0.130047)
(1.34387e-19 -8.8207 15.2659)
(-1.54113e-18 -17.5373 30.3518)
(-1.68404e-18 -16.877 29.2374)
(-1.5674e-18 -14.9452 25.2491)
(5.54728e-19 -13.3303 22.5381)
(1.17538e-17 -12.4593 20.5693)
(1.25127e-17 -11.6719 19.0683)
(1.2295e-17 -11.0192 17.6336)
(1.15101e-17 -10.3661 16.261)
(1.01687e-17 -9.74776 14.9246)
(6.98549e-18 -9.15435 13.6176)
(4.27594e-18 -8.57417 12.3152)
(7.45863e-19 -7.99298 10.986)
(-1.10031e-17 -7.41756 9.66959)
(-3.88997e-17 -6.89421 8.50682)
(-9.24936e-17 -6.49693 7.7461)
(-1.75783e-16 -6.24577 7.56254)
(-2.35952e-16 -6.04252 7.74619)
(-1.56508e-16 -5.33245 7.62315)
(2.5589e-17 -3.14872 4.40071)
(-1.35347e-18 -9.64591 16.7922)
(9.64173e-18 -16.6898 29.4411)
(1.10441e-17 -15.7064 27.4191)
(1.02608e-17 -14.0024 23.9102)
(-1.04722e-18 -12.4977 21.3205)
(-5.94735e-17 -11.538 19.3359)
(-6.26421e-17 -10.649 17.7969)
(-6.97133e-17 -9.91539 16.2769)
(-7.57604e-17 -9.1626 14.7815)
(-8.59875e-17 -8.4718 13.2541)
(-8.07947e-17 -7.80786 11.6978)
(-7.4005e-17 -7.19645 10.1349)
(-5.47407e-17 -6.70781 8.70766)
(3.45472e-17 -6.43783 7.70107)
(2.02082e-16 -6.58767 7.54576)
(2.87351e-16 -7.14506 8.48305)
(8.90745e-17 -8.00124 10.2597)
(-3.28652e-16 -8.55836 12.1766)
(-5.10562e-16 -8.38978 12.8142)
(-1.83844e-16 -5.86581 9.92452)
(1.03778e-17 -11.2933 19.6055)
(-4.78286e-17 -16.8454 29.6274)
(-5.91094e-17 -14.5632 25.8867)
(-5.13343e-17 -12.7174 22.8066)
(-3.85267e-18 -11.5402 21.0659)
(1.84539e-16 -10.4964 19.4235)
(2.20773e-16 -9.27884 17.7025)
(2.84555e-16 -8.04059 15.7748)
(3.66849e-16 -6.71299 13.7231)
(4.59632e-16 -5.38326 11.5446)
(4.57254e-16 -4.07255 9.35157)
(5.50025e-16 -2.91572 7.33514)
(9.7886e-16 -2.10689 5.85581)
(1.80656e-15 -1.95485 5.43486)
(2.59382e-15 -2.79233 6.59361)
(2.71265e-15 -4.67134 9.39117)
(1.96701e-15 -7.15962 13.1223)
(7.77211e-16 -9.31678 16.4348)
(-3.573e-17 -10.2513 17.3414)
(-3.77932e-17 -7.04183 12.9107)
(-4.4517e-17 -11.3354 19.6715)
(1.44589e-16 -18.7167 31.3298)
(2.11626e-16 -17.4768 29.3954)
(1.53421e-16 -14.7104 25.3629)
(2.27431e-16 -12.8702 23.1465)
(3.25701e-16 -11.6896 21.8337)
(4.83029e-17 -10.3062 20.2884)
(-2.2445e-16 -8.79241 18.3975)
(-4.63351e-16 -7.18529 16.3812)
(-1.00699e-15 -5.55401 14.2782)
(-1.54722e-15 -3.87694 12.1241)
(-2.66738e-15 -2.19121 9.93667)
(-4.8624e-15 -0.549737 7.77742)
(-8.13225e-15 0.893649 5.79592)
(-1.07822e-14 1.85069 4.33989)
(-9.60211e-15 1.86259 4.01488)
(-5.22014e-15 0.429034 5.48742)
(-1.79883e-15 -2.5384 8.73098)
(-8.60657e-16 -5.7332 11.926)
(-3.67442e-16 -5.06823 10.2831)
(6.07146e-17 -8.30271 14.714)
(2.46337e-17 -16.9585 26.398)
(-2.44326e-16 -19.7492 30.3557)
(-1.37799e-16 -19.4108 30.4271)
(-5.86449e-17 -17.74 28.6407)
(-5.67226e-16 -16.0146 26.5361)
(-5.28227e-16 -14.3409 24.4702)
(-6.18407e-16 -12.6555 22.2695)
(-8.84953e-16 -10.9491 20.0333)
(-1.57595e-15 -9.30095 17.8126)
(-2.11931e-15 -7.6313 15.5591)
(-3.04372e-15 -5.92243 13.2033)
(-5.03959e-15 -4.15692 10.7233)
(-8.27768e-15 -2.37423 8.15643)
(-1.07607e-14 -0.635997 5.59747)
(-8.87429e-15 0.992229 3.03384)
(-4.57901e-15 2.42104 0.432026)
(-3.4583e-15 3.36562 -1.68495)
(-3.3457e-15 2.97402 -2.02415)
(-6.54273e-16 0.779735 0.0421349)
(1.03234e-15 -1.89157 3.48816)
(-3.59252e-15 -10.2555 15.6431)
(-2.95672e-15 -17.7225 28.1215)
(-2.0901e-15 -20.1467 32.7543)
(-2.04e-15 -19.272 31.6225)
(-2.57619e-15 -17.6232 29.0747)
(-2.53645e-15 -16.173 26.747)
(-2.67027e-15 -14.8357 24.542)
(-2.71007e-15 -13.471 22.3026)
(-3.41301e-15 -12.0844 20.0071)
(-3.9625e-15 -10.654 17.6668)
(-4.51717e-15 -9.17479 15.2579)
(-5.65394e-15 -7.61684 12.7658)
(-7.32928e-15 -5.97563 10.1719)
(-9.66782e-15 -4.21018 7.48711)
(-1.08129e-14 -2.305 4.60686)
(-1.29689e-14 0.185677 1.34471)
(-2.17771e-14 2.48779 -1.75772)
(-1.23115e-14 3.40059 -3.52475)
(-1.212e-15 2.636 -6.28911)
(-2.3677e-15 -3.55217 6.29056)
(-5.15318e-15 -10.608 18.9206)
(-3.40651e-15 -18.0463 30.8874)
(-2.76444e-15 -20.3788 34.218)
(-2.87963e-15 -19.8506 32.3818)
(-3.282e-15 -18.5522 29.2741)
(-3.09753e-15 -17.1722 26.3558)
(-3.03595e-15 -16.0404 23.8883)
(-2.73713e-15 -14.9585 21.5672)
(-2.81939e-15 -13.8598 19.33)
(-2.83588e-15 -12.7327 17.1454)
(-2.81483e-15 -11.5713 15.0003)
(-2.87598e-15 -10.3663 12.8992)
(-2.86991e-15 -9.12419 10.8385)
(-2.81074e-15 -7.81502 8.828)
(-2.52804e-15 -6.46637 6.83764)
(-2.32255e-15 -4.92941 4.89605)
(-1.44038e-15 -3.44195 3.01484)
(2.08324e-16 -1.26089 1.07456)
(4.35409e-15 0.203056 -1.9206)
)
;

boundaryField
{
    outletWall
    {
        type            zeroGradient;
    }
    fineWalls
    {
        type            noSlip;
    }
    fineFrontAndBack
    {
        type            zeroGradient;
    }
    fineplugLeft
    {
        type            cyclicAMI;
        value           nonuniform List<vector> 
20
(
(-4.43153e-15 1.54588 0.24838)
(-1.13808e-15 2.76844 2.75062)
(2.78403e-16 4.52614 4.33072)
(1.18684e-15 5.73242 5.92242)
(1.48978e-15 6.96974 7.57888)
(1.63688e-15 8.05477 9.28955)
(1.79048e-15 9.10831 11.0158)
(1.99354e-15 10.1053 12.7735)
(2.07336e-15 11.0692 14.5467)
(2.19733e-15 11.9939 16.3335)
(2.17917e-15 12.8772 18.1285)
(2.21148e-15 13.7266 19.9417)
(2.28624e-15 14.5844 21.7815)
(2.69806e-15 15.5576 24.0988)
(2.66193e-15 15.8306 25.6894)
(2.44369e-15 16.7771 28.0483)
(2.52127e-15 17.1816 29.2576)
(3.16959e-15 15.3383 25.9356)
(4.45163e-15 9.37708 15.3383)
(1.90826e-15 3.78532 4.58968)
)
;
    }
    fineplugRight
    {
        type            cyclicAMI;
        value           nonuniform List<vector> 
20
(
(4.19562e-15 -1.5172 0.230724)
(8.29896e-16 -2.74337 2.73336)
(-5.2768e-16 -4.50415 4.32764)
(-1.30309e-15 -5.71237 5.92492)
(-1.52392e-15 -6.95667 7.58461)
(-1.82483e-15 -8.04709 9.29909)
(-1.94976e-15 -9.10463 11.0298)
(-2.03469e-15 -10.1046 12.7928)
(-2.0635e-15 -11.0712 14.5711)
(-2.15728e-15 -11.9987 16.362)
(-2.21719e-15 -12.8848 18.1587)
(-2.20491e-15 -13.7361 19.9704)
(-2.49983e-15 -14.598 21.8067)
(-2.70704e-15 -15.6309 24.1221)
(-2.71255e-15 -15.9085 25.6302)
(-2.38006e-15 -16.8431 28.003)
(-2.27963e-15 -17.2289 29.2361)
(-2.83915e-15 -15.3684 25.9512)
(-4.31933e-15 -9.40082 15.4137)
(-1.9233e-15 -3.79606 4.67812)
)
;
    }
    inletOutletLeft
    {
        type            cyclicAMI;
        value           nonuniform List<vector> 
20
(
(-4.43153e-15 1.54588 0.24838)
(-1.13808e-15 2.76844 2.75062)
(2.78403e-16 4.52614 4.33072)
(1.18684e-15 5.73242 5.92242)
(1.48978e-15 6.96974 7.57888)
(1.63688e-15 8.05477 9.28955)
(1.79048e-15 9.10831 11.0158)
(1.99354e-15 10.1053 12.7735)
(2.07336e-15 11.0692 14.5467)
(2.19733e-15 11.9939 16.3335)
(2.17917e-15 12.8772 18.1285)
(2.21148e-15 13.7266 19.9417)
(2.28624e-15 14.5844 21.7815)
(2.69806e-15 15.5576 24.0988)
(2.66193e-15 15.8306 25.6894)
(2.44369e-15 16.7771 28.0483)
(2.52127e-15 17.1816 29.2576)
(3.16959e-15 15.3383 25.9356)
(4.45163e-15 9.37708 15.3383)
(1.90826e-15 3.78532 4.58968)
)
;
    }
    inletLeft
    {
        type            fixedValue;
        value           uniform (0 -8.7 15);
    }
    inletWallsLeft
    {
        type            noSlip;
    }
    inletFacesLeft
    {
        type            zeroGradient;
    }
    inletOutletRight
    {
        type            cyclicAMI;
        value           nonuniform List<vector> 
20
(
(4.19562e-15 -1.5172 0.230724)
(8.29896e-16 -2.74337 2.73336)
(-5.2768e-16 -4.50415 4.32764)
(-1.30309e-15 -5.71237 5.92492)
(-1.52392e-15 -6.95667 7.58461)
(-1.82483e-15 -8.04709 9.29909)
(-1.94976e-15 -9.10463 11.0298)
(-2.03469e-15 -10.1046 12.7928)
(-2.0635e-15 -11.0712 14.5711)
(-2.15728e-15 -11.9987 16.362)
(-2.21719e-15 -12.8848 18.1587)
(-2.20491e-15 -13.7361 19.9704)
(-2.49983e-15 -14.598 21.8067)
(-2.70704e-15 -15.6309 24.1221)
(-2.71255e-15 -15.9085 25.6302)
(-2.38006e-15 -16.8431 28.003)
(-2.27963e-15 -17.2289 29.2361)
(-2.83915e-15 -15.3684 25.9512)
(-4.31933e-15 -9.40082 15.4137)
(-1.9233e-15 -3.79606 4.67812)
)
;
    }
    inletRight
    {
        type            fixedValue;
        value           uniform (0 8.7 15);
    }
    inletWallsRight
    {
        type            noSlip;
    }
    inletFacesRight
    {
        type            zeroGradient;
    }
}


// ************************************************************************* //
