/*--------------------------------*- C++ -*----------------------------------*\
| =========                 |                                                 |
| \\      /  F ield         | OpenFOAM: The Open Source CFD Toolbox           |
|  \\    /   O peration     | Version:  4.1                                   |
|   \\  /    A nd           | Web:      www.OpenFOAM.org                      |
|    \\/     M anipulation  |                                                 |
\*---------------------------------------------------------------------------*/
FoamFile
{
    version     2.0;
    format      ascii;
    class       volVectorField;
    location    "26";
    object      U;
}
// * * * * * * * * * * * * * * * * * * * * * * * * * * * * * * * * * * * * * //

dimensions      [0 1 -1 0 0 0 0];

internalField   nonuniform List<vector> 
1280
(
(9.70266e-17 14.6702 0.336734)
(-3.76932e-16 17.7175 -2.16431)
(-1.34196e-16 16.4437 -1.97882)
(-4.35939e-17 17.0193 -1.77576)
(-5.97856e-16 20.7512 -5.13136)
(-2.73456e-16 18.1798 -4.3298)
(-1.28727e-16 20.5216 -4.35634)
(-4.63122e-16 19.6864 -3.90439)
(-9.10802e-16 24.3713 -8.17857)
(-3.57402e-16 22.178 -6.66112)
(4.54337e-16 23.8544 -5.90036)
(-5.07315e-16 28.1881 -11.5678)
(-1.18086e-15 25.9389 -9.66248)
(-1.68221e-15 28.2401 -8.7778)
(-8.55366e-15 33.8893 -16.4024)
(-1.00608e-14 30.9541 -13.4068)
(-1.17086e-14 35.0912 -12.5948)
(-1.61165e-14 35.9135 -23.3814)
(-1.39333e-14 42.3496 -18.0885)
(-1.40528e-14 36.1069 -30.5917)
(-1.55917e-14 41.9803 39.0134)
(-1.85361e-14 41.7207 66.7475)
(-1.50045e-14 43.425 81.672)
(-1.23891e-14 45.4305 89.8981)
(-1.13078e-14 46.5364 94.8621)
(-1.29588e-14 49.2336 98.8609)
(1.42558e-16 48.1829 78.7751)
(-1.51186e-14 80.0807 122.52)
(-1.31008e-14 80.4094 122.431)
(-1.14942e-14 80.9151 121.69)
(-9.75861e-15 80.9778 120.584)
(-6.58411e-15 80.7691 118.652)
(-1.26423e-15 80.479 115.659)
(5.02005e-15 79.9259 112.227)
(9.95379e-15 79.6005 109.703)
(8.04386e-15 78.859 110.309)
(-5.40119e-16 78.7745 115.217)
(-9.42982e-15 77.4823 122.925)
(-1.01381e-14 78.3021 131.381)
(-1.9087e-14 76.3754 126.221)
(-7.45996e-15 103.452 127.064)
(-6.67804e-15 63.8922 80.6827)
(-1.33628e-14 54.4729 75.0367)
(-2.06262e-14 45.4489 68.7623)
(-1.97161e-14 39.5015 72.8803)
(-8.42342e-15 27.1571 49.71)
(-3.93875e-15 22.4521 48.5869)
(1.34225e-15 16.3213 42.472)
(2.01885e-14 10.0811 33.5893)
(3.68153e-15 4.18649 16.886)
(2.75613e-15 2.42668 12.9757)
(2.08727e-14 -3.25817 14.4829)
(1.03412e-14 -7.27777 24.2822)
(8.86307e-15 -10.3733 34.3355)
(1.1421e-14 -15.1601 43.2941)
(2.73837e-14 -27.3451 77.0913)
(2.58053e-14 -37.9233 77.4202)
(2.20406e-14 -47.3414 77.3417)
(1.65794e-14 -55.4241 75.7191)
(2.33122e-14 -98.3866 113.083)
(3.84485e-14 -71.0068 116.523)
(2.68203e-14 -71.8079 125.212)
(2.44152e-14 -69.3829 122.821)
(2.01172e-14 -69.6992 118.182)
(1.68847e-14 -68.5859 113.715)
(1.42592e-14 -68.7839 110.449)
(1.21807e-14 -68.5631 109.447)
(1.10112e-14 -68.8966 110.405)
(1.32805e-14 -69.1653 112.715)
(1.55114e-14 -69.5442 115.362)
(1.6466e-14 -69.6901 117.412)
(1.85399e-14 -69.8542 118.238)
(2.10244e-14 -68.8377 117.338)
(1.21731e-14 -39.2226 76.3903)
(2.02018e-14 -39.3334 95.0161)
(2.02831e-14 -37.0343 91.3575)
(2.05469e-14 -36.6567 86.8653)
(2.22577e-14 -35.5782 78.6341)
(2.71913e-14 -34.2698 64.0341)
(2.39575e-14 -35.0003 41.1891)
(2.2226e-14 -26.7474 -35.4412)
(2.21016e-14 -34.8181 -26.8005)
(3.11215e-14 -23.139 -33.221)
(2.577e-14 -24.3244 -19.2978)
(2.51836e-14 -18.9551 -20.9492)
(3.19539e-14 -18.8619 -26.1978)
(2.61583e-14 -12.5488 -15.7907)
(2.44861e-14 -9.67808 -17.5256)
(2.43733e-14 -7.70775 -23.6914)
(5.72445e-15 -3.21994 -15.8297)
(9.21128e-15 -0.438346 -15.6928)
(3.54024e-14 1.66447 -21.423)
(3.08742e-14 5.33842 -15.3973)
(2.94269e-14 7.84094 -15.2516)
(2.92562e-14 9.56286 -14.3157)
(3.34548e-14 14.0119 -21.0247)
(2.51148e-14 15.0552 -15.5257)
(2.51446e-14 18.976 -14.0112)
(2.7972e-14 17.879 -20.1971)
(3.03479e-14 25.6051 -20.2378)
(4.77807e-15 -1.79854 26.345)
(7.52128e-15 30.1003 13.7449)
(4.18091e-15 13.0618 17.2923)
(2.21482e-15 -19.4956 11.0922)
(1.50541e-15 -31.9713 8.29712)
(1.42481e-15 -36.4533 7.42387)
(2.08521e-15 -39.0567 5.8476)
(3.49257e-15 -39.7093 4.6917)
(5.02186e-15 -39.6715 2.90627)
(5.37728e-15 -37.209 0.37089)
(4.66416e-15 -37.9748 -2.78722)
(4.56132e-15 -37.6515 -5.28355)
(7.48536e-15 -25.2722 -8.6483)
(1.14877e-14 -11.442 -13.4822)
(1.36812e-14 2.74987 -18.8801)
(1.54864e-14 4.618 -23.4855)
(1.65739e-14 -2.18311 -25.7885)
(1.85261e-14 -7.57917 -25.3283)
(1.59173e-14 -1.8544 -27.3666)
(5.1989e-15 5.11665 30.2375)
(5.88919e-15 31.8635 24.6985)
(3.4513e-15 14.2198 32.1421)
(1.65954e-15 -18.7441 17.0088)
(1.29855e-15 -31.5376 9.8034)
(1.4309e-15 -35.9763 8.64014)
(2.1307e-15 -38.4348 6.51361)
(3.53723e-15 -38.8832 5.27386)
(5.03717e-15 -38.404 3.42742)
(5.37814e-15 -35.4255 0.887214)
(4.66974e-15 -36.1988 -2.01674)
(4.53979e-15 -35.6325 -4.24222)
(7.26867e-15 -22.199 -7.83641)
(1.08398e-14 -7.06702 -14.2001)
(1.26689e-14 6.00706 -22.9016)
(1.43916e-14 7.0778 -30.3995)
(1.55474e-14 -1.67188 -33.0306)
(1.81095e-14 -8.17216 -28.4172)
(1.40726e-14 -3.92574 -23.2341)
(5.57351e-15 4.20239 37.0782)
(6.23137e-15 29.4968 39.4673)
(5.40294e-15 16.136 46.3889)
(2.50228e-15 -12.0658 28.8366)
(1.01872e-15 -28.3792 14.0488)
(1.34303e-15 -34.9574 10.533)
(2.19248e-15 -37.6926 7.83528)
(3.61122e-15 -38.2147 6.2856)
(5.05841e-15 -37.5943 4.36842)
(5.37029e-15 -34.5368 1.68234)
(4.66647e-15 -35.4663 -0.712151)
(4.52445e-15 -34.6615 -2.5157)
(7.0719e-15 -20.5756 -6.04377)
(1.01434e-14 -4.22039 -13.7635)
(1.19074e-14 9.04036 -24.3723)
(1.35817e-14 9.20447 -34.6018)
(1.462e-14 -2.57286 -39.6163)
(1.7348e-14 -10.8484 -32.9849)
(1.39824e-14 -3.88385 -23.3385)
(6.08304e-15 4.34115 47.3521)
(7.57601e-15 27.5205 56.7905)
(8.11801e-15 18.0775 63.5188)
(5.0828e-15 -5.07842 44.8979)
(1.4462e-15 -23.4532 21.6155)
(1.3165e-15 -33.2869 13.9532)
(2.28526e-15 -36.8184 9.99591)
(3.73712e-15 -37.463 7.85456)
(5.10414e-15 -36.7125 5.73677)
(5.35706e-15 -33.3892 2.78577)
(4.66149e-15 -34.8335 0.264893)
(4.51393e-15 -34.0124 -0.00610109)
(6.9785e-15 -18.395 -3.50661)
(9.57535e-15 0.132932 -12.1465)
(1.18671e-14 13.8891 -23.2138)
(1.3696e-14 13.1602 -34.1512)
(1.41193e-14 -3.32128 -43.1478)
(1.66332e-14 -15.9026 -36.1335)
(1.4424e-14 -8.76281 -24.5195)
(6.8896e-15 1.57488 58.5622)
(9.32152e-15 23.3779 75.7885)
(1.06488e-14 19.9736 84.0688)
(8.44089e-15 5.18391 68.546)
(3.04097e-15 -16.4432 32.6719)
(1.63014e-15 -30.2232 18.4861)
(2.51339e-15 -35.3799 13.4776)
(3.95358e-15 -36.4808 10.2362)
(5.20835e-15 -35.6525 7.81832)
(5.35897e-15 -32.5354 4.3138)
(4.62117e-15 -34.5451 4.88105)
(4.55802e-15 -32.9573 3.21371)
(7.02507e-15 -15.832 0.175675)
(9.94234e-15 4.65059 -7.80882)
(1.26129e-14 18.0471 -16.9175)
(1.5834e-14 18.1109 -22.2528)
(1.52593e-14 0.161579 -37.499)
(1.64464e-14 -17.1416 -36.7279)
(1.28167e-14 -6.34946 -26.1206)
(7.62182e-15 -2.88022 69.1375)
(1.00609e-14 17.7163 94.3806)
(1.11059e-14 20.2246 105.418)
(1.01299e-14 15.9665 98.2441)
(6.06335e-15 -3.7644 57.9339)
(2.4869e-15 -25.0111 23.7269)
(2.76329e-15 -33.7145 17.6876)
(4.19728e-15 -35.0837 13.705)
(5.25873e-15 -34.4167 10.2674)
(5.20227e-15 -31.81 7.0838)
(4.62842e-15 -34.5134 9.45771)
(4.7031e-15 -32.6252 7.16054)
(7.4488e-15 -13.7547 4.74168)
(1.12629e-14 7.4057 0.485426)
(1.40897e-14 19.891 -1.00965)
(2.1667e-14 21.8761 7.70042)
(2.58104e-14 -2.50007 -3.52697)
(1.92145e-14 -22.8037 -22.1112)
(1.16686e-14 -12.8556 -27.8382)
(7.77885e-15 -9.34963 76.8594)
(8.4906e-15 9.76186 109.077)
(7.81329e-15 17.9438 120.996)
(7.0392e-15 23.8693 121.544)
(6.33823e-15 14.1817 92.2555)
(4.52197e-15 -14.8802 39.2305)
(3.02806e-15 -31.4003 20.6506)
(4.17116e-15 -33.4853 17.8212)
(5.23891e-15 -32.9765 12.8432)
(5.12119e-15 -32.153 10.4358)
(4.65711e-15 -34.6429 13.4464)
(5.10892e-15 -31.3252 11.1884)
(8.40874e-15 -12.8667 9.17758)
(1.19811e-14 5.79901 11.1854)
(1.63759e-14 15.6175 24.5339)
(2.83049e-14 19.6817 47.0576)
(3.44848e-14 10.2955 46.8995)
(1.86322e-14 -4.43648 3.29143)
(9.25974e-15 7.1844 -18.2978)
(7.06691e-15 -16.9498 78.7806)
(4.19624e-15 1.23133 113.612)
(6.79468e-16 14.8882 121.438)
(-1.18432e-15 27.7457 121.117)
(6.12408e-16 29.0921 105.558)
(4.81864e-15 3.4257 66.9616)
(4.46046e-15 -24.895 28.458)
(3.59851e-15 -31.9244 22.0199)
(4.56865e-15 -31.4726 17.7672)
(4.62813e-15 -32.3887 16.3263)
(4.22867e-15 -34.8399 19.2647)
(5.29007e-15 -30.5761 15.7971)
(9.463e-15 -13.47 14.1694)
(1.23912e-14 0.781921 25.2197)
(1.7623e-14 6.19116 53.8857)
(2.93102e-14 12.4571 87.5843)
(3.96411e-14 12.296 104.346)
(3.96216e-14 -5.98073 88.9637)
(3.02182e-14 -42.9124 76.6783)
(6.32071e-15 -24.5039 73.9553)
(-7.0456e-16 -6.03869 104.947)
(-7.74516e-15 14.3537 103.781)
(-1.01177e-14 30.2864 96.0414)
(-6.75412e-15 35.9785 88.2075)
(1.75669e-15 16.9549 77.5753)
(7.03607e-15 -14.1168 47.56)
(4.77744e-15 -28.9171 29.9301)
(3.94665e-15 -30.6667 26.408)
(4.50761e-15 -32.6123 25.2733)
(6.00711e-15 -34.5699 25.3524)
(9.56111e-15 -29.5058 19.7705)
(1.16575e-14 -16.2492 19.6781)
(1.31177e-14 -9.76211 42.6227)
(1.47651e-14 -8.15062 79.3899)
(1.85147e-14 0.95511 109.731)
(2.27564e-14 10.2606 127.475)
(2.87232e-14 4.90532 126.776)
(3.22416e-14 -11.668 101.393)
(6.22619e-15 -30.6362 65.6597)
(-4.03469e-15 -10.0822 90.5407)
(-1.41025e-14 17.7464 81.9156)
(-1.55509e-14 33.662 70.8196)
(-1.0447e-14 36.917 65.8539)
(-2.5587e-16 19.5942 73.647)
(5.79606e-15 -6.00225 67.01)
(8.6458e-15 -23.4348 45.2766)
(6.22842e-15 -29.596 36.3409)
(5.70914e-15 -32.0204 32.9135)
(3.82742e-15 -32.7335 29.0325)
(-4.12032e-15 -28.2143 23.2848)
(9.28446e-15 -22.6121 32.2475)
(4.3512e-16 -23.2796 63.2378)
(-7.11999e-16 -20.436 92.742)
(9.30615e-15 -6.61238 108.689)
(8.19819e-15 6.7663 114.191)
(1.46951e-14 6.07351 104.99)
(2.33192e-14 -2.21689 64.8031)
(6.65712e-15 -35.4812 56.7195)
(-5.82112e-15 -12.2739 77.641)
(-1.721e-14 21.8069 70.1846)
(-1.76627e-14 36.5965 61.5177)
(-1.21401e-14 35.5146 58.5155)
(1.7908e-15 15.8987 73.6388)
(1.28082e-14 -2.67014 81.9982)
(7.94465e-15 -16.6744 65.7511)
(8.00855e-15 -25.624 50.6039)
(5.60015e-15 -29.687 42.1226)
(1.67742e-15 -30.899 37.3427)
(-2.46745e-15 -30.7834 38.9668)
(1.53972e-15 -32.3803 57.5464)
(-5.31816e-15 -33.929 82.0825)
(-3.12754e-15 -26.658 99.49)
(-2.3324e-15 -8.24459 108.104)
(-8.56639e-15 10.8853 111)
(-6.06039e-15 19.97 103.664)
(5.21117e-15 20.8417 70.5396)
(7.47318e-15 -39.6183 48.3785)
(-5.47483e-15 -15.0181 67.1314)
(-1.69088e-14 24.0414 64.0459)
(-1.76933e-14 38.1529 57.7714)
(-1.3925e-14 32.6004 56.5433)
(-3.35843e-15 9.39838 76.2015)
(3.83349e-15 -2.75785 91.955)
(5.00163e-15 -11.0973 85.5845)
(5.30368e-15 -19.9676 73.817)
(3.49654e-15 -26.7167 64.4061)
(6.30134e-16 -31.4762 61.8254)
(-1.31288e-15 -35.9417 67.8855)
(-2.1323e-15 -39.7868 82.0956)
(-4.91716e-15 -40.0472 95.1763)
(-6.72308e-15 -30.5744 102.266)
(-1.48325e-14 -10.7121 100.427)
(-2.17218e-14 10.0617 90.0774)
(-2.1818e-14 22.287 85.7133)
(-2.16439e-14 29.4766 82.3138)
(8.51494e-15 -43.2845 41.1241)
(-3.99439e-15 -18.4849 57.9076)
(-1.57138e-14 25.3919 57.7313)
(-1.69391e-14 39.2869 52.0245)
(-1.39275e-14 28.8711 51.1338)
(-3.39688e-15 1.3474 72.1396)
(9.99482e-16 -6.09069 89.6391)
(1.80097e-15 -9.79327 93.3821)
(2.54742e-15 -17.1292 91.8782)
(2.33649e-15 -25.0226 87.847)
(1.31236e-15 -32.3547 86.828)
(3.16061e-16 -38.9301 89.8221)
(-1.22204e-15 -43.1384 95.1541)
(-4.46778e-15 -41.7496 98.4239)
(-1.12083e-14 -28.632 91.9118)
(-1.74566e-14 -3.58022 66.1981)
(-1.38416e-14 16.9498 32.7145)
(-9.26988e-15 17.529 23.6381)
(-6.45233e-15 38.5252 53.2491)
(9.58585e-15 -46.3029 35.0598)
(-1.5835e-15 -21.9181 49.5038)
(-1.30703e-14 26.4116 50.3055)
(-1.54514e-14 40.449 44.6194)
(-1.44527e-14 25.5662 43.5108)
(-4.53512e-15 -6.31501 61.4635)
(-1.1926e-15 -11.0882 77.6742)
(-3.70093e-16 -12.0909 86.6119)
(1.12182e-15 -17.6527 92.1031)
(2.31997e-15 -24.8039 93.5514)
(2.77866e-15 -32.366 93.9337)
(2.48999e-15 -39.4055 94.435)
(4.3213e-16 -43.4252 94.9627)
(-4.49869e-15 -38.7063 89.9166)
(-1.11865e-14 -18.1453 68.9406)
(-1.13063e-14 11.9231 31.1762)
(-7.51104e-15 26.2144 11.0756)
(-6.28458e-15 16.2369 8.00402)
(8.20799e-15 -13.7112 -12.6509)
(1.05516e-14 -48.8396 30.3601)
(1.25317e-15 -25.106 41.991)
(-1.01638e-14 27.3308 42.1246)
(-1.42085e-14 41.5625 36.7638)
(-1.53379e-14 23.2342 36.0627)
(-6.10767e-15 -12.6375 48.847)
(-2.97293e-15 -16.1663 62.6689)
(-2.24652e-15 -15.6509 72.7355)
(-4.44844e-16 -19.7488 80.6386)
(1.68271e-15 -25.7599 84.8352)
(3.17838e-15 -32.7071 86.8007)
(3.40634e-15 -39.1716 86.8111)
(1.30956e-15 -41.3187 84.5088)
(-3.56192e-15 -31.2332 71.5315)
(-7.93585e-15 -4.9376 41.0935)
(-7.49668e-15 20.0804 11.6537)
(-8.59327e-15 27.1405 4.09357)
(-8.70582e-15 23.3067 5.00659)
(-1.75627e-15 1.02003 -20.625)
(1.13393e-14 -50.4862 27.0458)
(4.06196e-15 -27.0087 35.8273)
(-7.32663e-15 28.5053 34.0034)
(-1.31042e-14 42.409 29.5821)
(-1.58715e-14 21.8947 29.5661)
(-7.68953e-15 -17.3625 37.2531)
(-4.27791e-15 -20.6099 48.5142)
(-3.79818e-15 -19.3726 57.9302)
(-2.35374e-15 -22.3791 66.1068)
(4.48702e-17 -27.2975 71.1355)
(2.25101e-15 -33.2062 74.0168)
(3.08908e-15 -38.4249 74.0858)
(1.48772e-15 -37.3233 68.4386)
(-2.338e-15 -21.5182 49.7718)
(-5.31286e-15 6.21687 17.5644)
(-6.94773e-15 25.6053 1.38236)
(-9.90658e-15 28.343 -1.97747)
(-9.45465e-15 25.6938 1.27781)
(-5.83392e-15 5.31196 -12.1276)
(1.20729e-14 -52.1199 25.9512)
(6.50136e-15 -28.5492 31.1789)
(-4.99391e-15 29.6653 26.6875)
(-1.22057e-14 42.8647 24.1152)
(-1.60245e-14 21.5204 23.6399)
(-9.54467e-15 -21.0772 27.0466)
(-5.3902e-15 -24.4016 36.4095)
(-4.79115e-15 -22.7685 44.661)
(-4.02412e-15 -24.8925 52.4534)
(-2.01361e-15 -28.9227 57.3766)
(4.58232e-16 -33.79 60.0013)
(1.92652e-15 -36.9116 59.0176)
(1.15713e-15 -31.7915 51.1344)
(-1.75044e-15 -11.1503 29.2164)
(-4.68175e-15 13.9815 -0.0132719)
(-8.00332e-15 27.9513 -6.01111)
(-1.14587e-14 27.8698 -6.59274)
(-9.64061e-15 26.3212 -2.77076)
(-6.04207e-15 9.36899 -8.4139)
(1.27326e-14 -51.9995 26.6967)
(8.18659e-15 -26.9589 28.6448)
(-3.43625e-15 30.8656 21.2363)
(-1.12615e-14 43.0615 20.6413)
(-1.59963e-14 22.1863 17.8867)
(-1.19042e-14 -23.258 17.9794)
(-6.9005e-15 -27.5666 26.5508)
(-5.51721e-15 -25.9767 33.5293)
(-5.17863e-15 -27.4658 40.597)
(-3.95226e-15 -30.4398 44.9116)
(-1.72307e-15 -33.8695 46.6259)
(1.91813e-16 -34.6185 44.524)
(3.03765e-16 -25.507 35.7164)
(-2.12727e-15 -0.239734 11.6977)
(-5.64214e-15 19.6737 -8.753)
(-9.64582e-15 28.274 -9.72816)
(-1.22908e-14 26.994 -8.76869)
(-9.391e-15 25.9182 -5.2733)
(-5.17066e-15 10.6461 -8.0455)
(1.41892e-14 -53.4284 29.7374)
(9.62126e-15 -27.4983 26.7882)
(-2.43097e-15 32.7582 18.0233)
(-1.02604e-14 43.521 17.9045)
(-1.58798e-14 23.3346 13.5427)
(-1.43349e-14 -25.5151 9.97399)
(-8.87883e-15 -30.4096 18.5238)
(-6.1073e-15 -28.2932 25.0229)
(-5.46871e-15 -29.1689 31.6639)
(-5.06153e-15 -31.2455 35.6009)
(-3.57944e-15 -33.6476 36.3856)
(-1.56942e-15 -32.5797 33.2577)
(-8.19763e-16 -19.6801 23.4969)
(-3.49647e-15 8.50006 -0.643175)
(-7.00349e-15 22.483 -8.73379)
(-1.06205e-14 28.2906 -9.7475)
(-1.22888e-14 26.3788 -9.71788)
(-9.08619e-15 25.5651 -6.97957)
(-4.77051e-15 10.9393 -8.24084)
(1.63679e-14 -49.896 41.9497)
(9.81148e-15 -19.709 28.737)
(-1.60544e-15 34.7751 18.5668)
(-9.58945e-15 45.1816 14.7659)
(-1.57142e-14 28.0371 11.9475)
(-1.67562e-14 -25.913 5.96341)
(-1.2761e-14 -33.4247 9.99011)
(-9.19796e-15 -31.6933 14.7308)
(-7.15267e-15 -31.9995 19.5953)
(-6.42467e-15 -32.5891 23.1009)
(-5.74532e-15 -32.8653 23.6681)
(-4.35486e-15 -28.9575 20.7932)
(-3.12986e-15 -11.5443 12.7584)
(-4.41541e-15 12.9732 -1.95137)
(-7.40042e-15 23.9045 -7.9963)
(-1.07728e-14 28.6254 -9.96869)
(-1.22652e-14 25.7252 -10.6845)
(-8.83161e-15 25.0413 -8.04014)
(-4.37828e-15 9.71261 -8.99782)
(-3.05189e-15 91.3339 155.063)
(-4.35654e-14 138.131 237.317)
(-3.60488e-14 150.918 247.974)
(-3.52603e-14 145.802 235.92)
(-3.64935e-14 137.957 216.125)
(-5.05402e-14 128.015 195.808)
(-5.55263e-14 117.972 175.58)
(-5.37804e-14 109.843 160.867)
(-5.16192e-14 102.884 147.869)
(-5.51749e-14 96.1409 136.083)
(-5.97695e-14 89.5864 124.847)
(-6.23015e-14 82.9539 113.785)
(-6.04274e-14 76.2364 102.681)
(-5.81677e-14 69.6273 92.1044)
(-5.90133e-14 64.3361 83.8535)
(-6.96393e-14 62.1925 82.0913)
(-8.76932e-14 65.3878 89.9959)
(-9.87197e-14 71.6586 105.97)
(-9.26264e-14 74.8297 115.774)
(-1.1156e-13 55.9646 94.9914)
(-9.15219e-16 82.9259 137.203)
(-3.06784e-14 134.331 233.943)
(-1.99413e-14 145.989 245.83)
(-2.18418e-14 137.559 232.317)
(-2.28612e-14 127.37 211.569)
(-3.65674e-14 116.469 192.007)
(-4.02792e-14 107.822 175.063)
(-3.96832e-14 100.337 160.226)
(-4.00971e-14 94.0855 147.634)
(-4.87158e-14 88.7674 136.728)
(-5.55201e-14 83.9332 126.832)
(-6.51445e-14 79.2803 117.352)
(-7.05115e-14 74.5409 107.813)
(-7.72839e-14 69.6479 97.9214)
(-8.38093e-14 64.6236 88.0419)
(-8.9633e-14 60.3105 79.4956)
(-9.37518e-14 56.7111 74.4761)
(-9.43024e-14 54.1932 72.4584)
(-8.93772e-14 46.8588 68.6897)
(-1.20107e-13 27.4653 39.636)
(3.77753e-16 90.2159 150.687)
(-7.28293e-15 149.704 255.523)
(-5.40052e-15 158.863 264.63)
(-6.61693e-15 148.973 246.823)
(-4.14269e-15 137.735 224.984)
(-1.47276e-14 127.354 205.225)
(-1.3676e-14 118.632 188.039)
(-1.11499e-14 111.196 173.003)
(-1.17314e-14 104.484 159.361)
(-1.3688e-14 98.0624 146.546)
(-1.53577e-14 91.6626 134.311)
(-1.71508e-14 85.2412 122.578)
(-2.06452e-14 78.7438 111.38)
(-2.49953e-14 72.2768 100.58)
(-2.95426e-14 65.5387 90.0228)
(-3.47847e-14 58.7513 79.2368)
(-3.96861e-14 50.9298 68.4561)
(-4.44308e-14 43.0269 56.7177)
(-5.18369e-14 29.2698 41.1841)
(-7.82238e-14 10.8111 8.74447)
(-1.17441e-16 102.677 169.697)
(1.84832e-15 163.332 273.202)
(1.55321e-15 166.091 273.618)
(1.64426e-15 154.471 252.039)
(1.91409e-15 142.989 230.508)
(-8.01557e-15 133.779 211.886)
(-9.96771e-15 126.03 195.82)
(-9.45082e-15 119.074 180.722)
(-1.00073e-14 112.035 165.911)
(-1.16982e-14 104.683 151.01)
(-1.30079e-14 96.8961 136.08)
(-1.33414e-14 88.7611 121.253)
(-1.61323e-14 80.2755 106.747)
(-1.87629e-14 71.5974 92.6015)
(-2.26681e-14 62.4269 78.8758)
(-2.79837e-14 53.0308 64.9892)
(-3.46122e-14 42.0539 50.6175)
(-4.52826e-14 30.4647 33.4245)
(-6.63746e-14 9.97459 8.96984)
(-1.70139e-13 -4.99196 -27.1555)
(1.37232e-17 128.244 215.486)
(-5.04981e-16 179.645 296.396)
(-5.29655e-16 171.855 284.289)
(-5.07839e-16 160.979 262.057)
(-7.79105e-16 150.959 243.974)
(1.76372e-15 144.273 228.293)
(2.91597e-15 137.772 213.805)
(2.94724e-15 131.033 198.061)
(3.09732e-15 123.021 181.059)
(3.56319e-15 114.165 163.047)
(4.03086e-15 104.569 144.618)
(4.52262e-15 94.4848 126.027)
(5.23786e-15 83.8431 107.491)
(6.1834e-15 72.727 88.995)
(7.18891e-15 60.6888 70.6717)
(8.40242e-15 48.0183 51.9854)
(1.00614e-14 32.9039 33.2747)
(1.17738e-14 17.9897 12.5407)
(1.44142e-14 -6.3149 -13.0237)
(-9.32229e-14 -18.5986 -50.8622)
(4.43466e-18 152.041 263.552)
(1.51299e-16 181.327 302.995)
(1.73995e-16 165.234 284.75)
(1.59539e-16 157.546 267.713)
(2.51608e-16 148.475 254.838)
(-3.43132e-16 142.976 242.787)
(-7.31221e-16 135.294 229.528)
(-8.37763e-16 125.947 211.934)
(-8.92099e-16 114.148 191.883)
(-9.92816e-16 101.668 170.555)
(-1.10571e-15 88.4407 148.87)
(-1.24482e-15 74.7097 126.56)
(-1.42696e-15 59.9951 103.433)
(-1.69521e-15 44.1809 79.0293)
(-2.15335e-15 26.678 52.9686)
(-2.74309e-15 7.46568 24.1175)
(-1.69823e-15 -14.5512 -8.13146)
(6.97645e-15 -20.0281 -27.6104)
(9.56713e-15 -41.7905 -49.7758)
(-3.01244e-14 -34.4811 -73.1039)
(-4.1441e-18 154.355 275.271)
(-4.57114e-17 162.186 280.908)
(-4.92081e-17 149.178 270.232)
(-5.12095e-17 142.212 257.984)
(-5.65227e-17 131.92 246.861)
(1.15098e-16 124.133 235.76)
(2.18988e-16 112.704 221.13)
(2.45512e-16 98.9378 200.861)
(2.62671e-16 83.2239 178.603)
(2.9699e-16 67.6648 155.875)
(3.50568e-16 51.6623 133.006)
(4.13119e-16 35.2927 109.236)
(4.03732e-16 18.2445 84.5286)
(1.35741e-16 1.12406 59.2232)
(-4.89573e-16 -14.9895 34.7246)
(-7.98513e-16 -28.4351 12.8029)
(9.44746e-16 -37.8243 -6.16231)
(5.45735e-15 -39.361 -19.1307)
(8.94605e-15 -27.3714 -14.423)
(3.75072e-15 -4.07142 6.77702)
(2.13774e-18 135.93 243.023)
(1.10822e-17 145.266 257.836)
(1.11602e-17 134.1 245.803)
(1.13461e-17 123.695 231.086)
(2.35609e-18 111.584 217.98)
(-3.91877e-17 101.281 205.8)
(-5.65702e-17 88.1206 190.999)
(-5.84392e-17 73.3161 171.519)
(-5.79561e-17 57.194 150.307)
(-4.91265e-17 41.2643 128.27)
(-1.8317e-17 25.1069 105.915)
(2.5437e-17 9.33921 83.5124)
(7.40942e-18 -5.19319 62.4803)
(-1.73707e-16 -16.3621 45.1666)
(-4.64454e-16 -20.7594 35.9063)
(-5.72377e-16 -13.9079 41.2358)
(-2.64656e-16 6.98286 65.9878)
(1.93185e-16 38.7823 104.086)
(1.73705e-16 67.64 132.597)
(-2.40151e-16 55.9974 110.279)
(-5.57662e-19 124.77 219.298)
(-2.01085e-18 143.105 248.529)
(-1.84126e-18 131.163 230.638)
(-1.67062e-18 119.461 208.924)
(9.72144e-19 106.977 192.446)
(8.91737e-18 98.4275 177.382)
(1.03872e-17 87.6821 163.647)
(8.19014e-18 77.7085 146.871)
(5.38816e-18 66.303 129.271)
(5.19264e-18 55.7066 110.223)
(1.09209e-17 45.2659 91.2165)
(1.90887e-17 36.7775 73.7658)
(1.68791e-17 32.1792 62.1589)
(-2.10884e-18 34.5059 61.5443)
(-1.73127e-17 44.8412 74.0549)
(-6.78514e-18 59.5625 95.051)
(6.87766e-18 75.3915 118.642)
(-2.41719e-17 85.9234 138.642)
(-1.02683e-16 87.8685 141.009)
(-9.12905e-17 62.7411 111.265)
(9.63683e-20 124.115 217.529)
(2.88599e-19 151.729 257.981)
(2.39568e-19 137.782 238.014)
(2.12824e-19 126.587 211.262)
(-1.90159e-19 114.945 195.927)
(-1.5332e-18 109.469 180.404)
(-1.72945e-18 101.156 168.232)
(-1.21985e-18 95.7435 155.11)
(-5.96417e-19 89.532 143.581)
(-3.51839e-19 84.8022 131.98)
(-7.21469e-19 80.2967 120.745)
(-9.47254e-19 76.404 109.327)
(5.76113e-19 72.8946 97.9503)
(4.6075e-18 69.9103 87.8069)
(9.96445e-18 68.0866 81.0904)
(1.5567e-17 67.6385 80.1556)
(2.25394e-17 68.3429 84.7486)
(3.1332e-17 67.698 91.0047)
(3.98371e-17 61.2153 89.7702)
(3.85294e-17 40.1908 63.3909)
(-1.15102e-20 126.924 222.881)
(-3.07303e-20 161.033 270.022)
(-2.17332e-20 141.634 245.294)
(-1.70158e-20 131.958 217.674)
(3.55747e-20 120.642 204.325)
(2.16434e-19 116.24 189.209)
(2.22533e-19 108.239 177.106)
(1.17138e-19 102.699 163.741)
(3.21784e-20 96.2366 151.753)
(6.70766e-20 90.6466 140.062)
(1.37992e-19 85.1379 129.112)
(-9.69594e-20 79.957 118.654)
(-9.37779e-19 74.9356 108.564)
(-2.19794e-18 70.0217 98.606)
(-3.14587e-18 64.9124 88.7658)
(-3.18589e-18 59.7613 79.2735)
(-3.07448e-18 53.7912 70.8681)
(-5.32128e-18 47.4737 62.5146)
(-1.11456e-17 35.8856 51.1186)
(-1.80793e-17 15.7311 17.451)
(5.6234e-22 132.593 234.34)
(1.46234e-21 167.807 277.443)
(-2.56875e-22 141.876 248.689)
(-1.11828e-21 136.222 222.87)
(-6.59341e-21 123.727 211.233)
(-2.54592e-20 120.286 195.433)
(-1.91708e-20 111.398 183.616)
(2.41218e-21 106.059 169.814)
(1.17981e-20 99.0704 157.574)
(-1.31984e-20 93.1129 145.002)
(-3.97274e-20 86.8714 132.971)
(3.33237e-20 80.826 121.106)
(2.68722e-19 74.6482 109.555)
(5.57463e-19 68.3812 98.1107)
(6.35314e-19 61.5114 86.6145)
(2.83146e-19 54.1841 74.3943)
(-4.23865e-19 44.9835 61.2281)
(-9.58413e-19 34.9534 45.2525)
(3.72438e-21 17.752 24.0673)
(-1.31148e-18 0.666536 -11.0886)
(1.49115e-22 142.368 254.785)
(4.32412e-22 171.978 279.784)
(7.34109e-22 142.896 254.022)
(7.98515e-22 142.457 230.43)
(9.15076e-22 128.217 220.228)
(1.74536e-21 126.407 203.669)
(-6.19975e-22 116.722 192.316)
(-4.40436e-21 112.395 178.368)
(-4.47462e-21 105.552 166.561)
(3.04363e-21 100.315 153.971)
(9.87475e-21 94.3607 141.646)
(-5.82302e-21 88.2863 128.574)
(-5.5114e-20 81.2516 114.709)
(-1.09465e-19 73.1667 99.6602)
(-1.04418e-19 63.4823 83.5528)
(2.57257e-20 52.7259 66.0857)
(3.15344e-19 39.4722 47.4402)
(7.74925e-19 25.5774 25.3538)
(1.61215e-18 3.08476 -0.915997)
(2.12657e-18 -12.0385 -37.4919)
(-5.9525e-23 151.391 277.158)
(-1.75838e-22 171.854 276.932)
(-2.20638e-22 142.895 259.849)
(-2.1014e-22 147.092 238.485)
(-7.58138e-23 130.593 229.942)
(2.05769e-22 130.902 213.369)
(9.21232e-22 120.171 203.611)
(1.63207e-21 117.625 190.434)
(1.30982e-21 110.856 180.242)
(-6.73566e-22 106.897 168.513)
(-2.52878e-21 101.002 156.507)
(-4.49375e-22 94.2642 141.716)
(6.35471e-21 84.6807 123.876)
(1.14455e-20 72.6866 102.9)
(4.69024e-21 58.323 80.1506)
(-2.29922e-20 42.8073 55.8773)
(-1.0313e-19 24.9813 31.1342)
(-2.11447e-19 7.87472 2.31142)
(7.23256e-20 -18.8373 -27.2136)
(2.41374e-18 -26.238 -65.048)
(1.4989e-23 153.228 287.081)
(4.27225e-23 165.184 267.18)
(3.94079e-23 138.671 259.524)
(1.02771e-23 143.768 239.305)
(-5.4214e-23 125.464 231.936)
(-1.04403e-22 125.868 216.095)
(-7.81381e-23 113.756 207.977)
(5.72004e-23 111.419 196.176)
(3.01994e-22 103.53 187.981)
(5.75342e-22 99.2652 177.344)
(3.146e-22 91.035 164.931)
(-2.65042e-21 80.5943 145.981)
(-1.31031e-20 65.0936 120.705)
(-3.22465e-20 47.5307 91.546)
(-4.34124e-20 29.3373 62.1854)
(-4.95549e-20 11.1925 32.7248)
(-1.97862e-19 -4.4556 8.21531)
(-3.13357e-19 -18.0977 -15.3333)
(5.45176e-19 -39.3926 -46.414)
(2.02247e-18 -30.7259 -54.1645)
(-2.6789e-24 146.56 278.504)
(-6.81058e-24 158.472 256.324)
(-9.32863e-24 131.619 250.151)
(-1.30674e-23 135.816 229.604)
(1.23136e-23 117.276 221.99)
(1.07988e-22 115.573 206.588)
(2.66094e-22 103.486 197.83)
(3.67264e-22 98.5827 186.533)
(2.32133e-22 89.9139 177.818)
(-6.8975e-23 82.9094 167.186)
(-4.68462e-22 72.5342 153.566)
(-3.27325e-21 59.2547 133.308)
(-1.46887e-20 42.7828 107.668)
(-3.61043e-20 26.5891 80.8892)
(-5.76088e-20 11.5401 54.7809)
(-7.75594e-20 -3.88443 26.3352)
(-7.51719e-20 -18.1313 -1.42286)
(6.49423e-20 -22.1685 -13.8195)
(4.03193e-19 -9.52222 0.319072)
(4.60508e-19 9.4994 31.3177)
(5.20648e-25 139.067 270.187)
(2.64893e-25 156.445 246.394)
(-3.86908e-24 125.173 241.218)
(-1.27713e-23 132.554 218.74)
(-1.41516e-23 112.812 211.062)
(2.72627e-23 111.671 194.55)
(1.40664e-22 99.7733 184.531)
(2.94276e-22 94.5361 171.905)
(3.87508e-22 86.0861 161.562)
(3.69423e-22 79.2435 150.249)
(2.79465e-22 70.8274 138.066)
(-4.12032e-22 61.843 123.272)
(-3.98083e-21 52.4716 106.711)
(-1.37553e-20 44.371 90.2628)
(-2.98228e-20 37.827 74.9593)
(-4.56019e-20 32.8719 60.8157)
(-5.49237e-20 30.5776 49.462)
(-6.83103e-20 27.7638 41.6613)
(-1.03748e-19 33.0642 43.3961)
(-2.59215e-19 30.1192 52.2741)
(1.28843e-25 130.949 268.882)
(3.08986e-25 156.387 241.642)
(-1.0495e-24 119.356 239.86)
(-3.95705e-24 128.294 218.161)
(-1.43478e-24 109.299 210.48)
(2.25487e-23 107.389 195.327)
(8.51446e-23 97.1997 184.942)
(1.84219e-22 92.0802 172.764)
(2.78954e-22 85.1792 162.099)
(3.11898e-22 79.8043 151.273)
(3.10614e-22 74.356 141.014)
(5.3328e-22 69.6341 130.772)
(1.44855e-21 65.2443 120.38)
(3.40237e-21 61.1711 109.39)
(5.91332e-21 56.9286 97.3385)
(6.36475e-21 51.3135 82.5214)
(5.0164e-22 42.2317 61.9083)
(-1.15184e-20 28.0224 32.677)
(-3.10692e-20 7.12389 -0.540382)
(-1.06595e-19 -6.62834 -27.9592)
(4.41759e-26 108.695 255.143)
(-3.0171e-25 149.073 225.666)
(-1.57521e-24 108.282 228.589)
(-3.60992e-24 114.781 213.114)
(-2.15527e-24 98.7756 207.233)
(1.24417e-23 94.312 197.351)
(5.16201e-23 85.6314 189.625)
(1.17527e-22 79.7625 181.286)
(1.89897e-22 73.5909 173.506)
(2.39226e-22 68.4216 165.764)
(2.96354e-22 63.6192 158.209)
(5.34552e-22 59.2951 150.569)
(1.17774e-21 55.1595 142.562)
(2.09899e-21 51.0274 133.759)
(2.3735e-21 46.5506 123.469)
(2.14426e-22 40.8518 109.974)
(-7.09974e-21 31.6872 89.2287)
(-2.28662e-20 15.8096 54.3074)
(-4.34484e-20 -7.65034 2.74426)
(-4.09895e-20 -19.416 -37.0365)
(7.65779e-26 35.9625 158.158)
(1.90882e-25 78.4108 130.838)
(-4.07409e-26 52.7616 138.973)
(-8.89507e-25 52.6189 134.947)
(-2.13373e-24 44.1854 134.965)
(-2.64916e-24 39.845 133.369)
(1.97524e-26 34.9042 132.158)
(1.06506e-23 31.0692 130.609)
(3.64433e-23 27.6497 128.94)
(8.04769e-23 24.8499 127.02)
(1.28083e-22 22.5568 124.844)
(1.46797e-22 20.8229 122.417)
(1.29031e-22 19.6932 119.817)
(1.6002e-22 19.2578 117.154)
(4.18933e-22 19.7339 114.47)
(1.04066e-21 21.1182 111.848)
(1.9169e-21 23.0207 109.216)
(2.57545e-21 27.5463 103.567)
(2.23092e-21 30.8262 90.4435)
(6.34869e-22 7.0896 64.9019)
(-8.89401e-26 -35.9664 158.166)
(1.72613e-26 -78.4052 130.85)
(6.08096e-26 -52.7548 138.988)
(-1.12773e-25 -52.6048 134.966)
(-6.30334e-25 -44.1663 134.99)
(-9.30676e-25 -39.8185 133.402)
(1.32081e-24 -34.8694 132.198)
(1.01785e-23 -31.0235 130.654)
(2.8657e-23 -27.5899 128.988)
(5.38161e-23 -24.7737 127.067)
(7.34236e-23 -22.4655 124.891)
(7.01501e-23 -20.7216 122.47)
(4.11313e-23 -19.5883 119.883)
(3.36818e-23 -19.1543 117.24)
(1.64945e-22 -19.6341 114.582)
(5.6127e-22 -21.0219 111.999)
(1.18818e-21 -22.9331 109.41)
(1.65425e-21 -27.4881 103.761)
(1.33076e-21 -30.7987 90.5425)
(2.8105e-22 -7.09902 64.897)
(4.15428e-25 -108.742 255.215)
(1.21458e-25 -149.102 225.762)
(-6.41188e-25 -108.328 228.686)
(-2.13645e-24 -114.815 213.234)
(-3.49564e-24 -98.8221 207.362)
(-1.13515e-24 -94.3596 197.5)
(1.10383e-23 -85.6905 189.787)
(4.12433e-23 -79.8307 181.463)
(1.00051e-22 -73.6713 173.693)
(1.95743e-22 -68.5094 165.949)
(3.22599e-22 -63.7048 158.374)
(4.64963e-22 -59.3633 150.695)
(6.2559e-22 -55.2021 142.649)
(8.06872e-22 -51.0502 133.834)
(8.10294e-22 -46.5639 123.571)
(-2.54574e-22 -40.821 110.053)
(-4.44755e-21 -31.4524 88.9792)
(-1.35624e-20 -15.0973 53.2274)
(-2.41948e-20 8.83345 0.974487)
(-2.22103e-20 20.0757 -37.9078)
(-1.49125e-24 -130.988 269.044)
(-3.30416e-25 -156.545 241.743)
(8.64844e-25 -119.45 239.995)
(1.0023e-24 -128.494 218.238)
(2.43816e-24 -109.476 210.566)
(1.22729e-23 -107.646 195.37)
(3.96078e-23 -97.4794 184.969)
(8.95253e-23 -92.427 172.748)
(1.58358e-22 -85.5812 162.051)
(2.36184e-22 -80.2947 151.207)
(3.26267e-22 -74.9599 140.982)
(5.37547e-22 -70.3834 130.843)
(1.24917e-21 -66.1361 120.618)
(2.81808e-21 -62.1733 109.816)
(4.12209e-21 -57.884 97.8388)
(1.36872e-21 -52.1146 82.937)
(-8.99721e-21 -42.7899 62.3213)
(-2.96423e-20 -28.3546 32.9462)
(-4.77345e-20 -6.97775 -0.332712)
(-1.46499e-20 7.24612 -29.1446)
(5.71648e-24 -138.859 269.838)
(1.79824e-24 -156.378 245.876)
(-5.36976e-24 -124.958 240.746)
(-1.50787e-23 -132.579 218.079)
(-2.51084e-23 -112.701 210.395)
(-2.61725e-23 -111.713 193.695)
(-5.43509e-24 -99.751 183.588)
(3.90948e-23 -94.5794 170.78)
(7.87413e-23 -86.111 160.298)
(3.79229e-23 -79.3265 148.865)
(-2.04422e-22 -71.0385 136.724)
(-1.00757e-21 -62.3838 122.247)
(-3.51863e-21 -53.5436 106.344)
(-8.18695e-21 -46.0942 90.7806)
(-9.22787e-21 -40.287 76.5814)
(3.83705e-21 -36.2152 63.8287)
(2.86399e-20 -33.8629 52.4172)
(6.7823e-20 -29.7531 42.6942)
(1.36551e-19 -33.0695 42.261)
(8.84739e-20 -29.694 48.818)
(-2.12573e-23 -146.043 277.539)
(-4.65662e-24 -158.075 255.517)
(2.32624e-23 -131.14 249.243)
(5.41653e-23 -135.326 228.509)
(9.41895e-23 -116.695 220.871)
(1.63104e-22 -114.967 205.363)
(2.80709e-22 -102.807 196.548)
(4.59574e-22 -97.8186 185.18)
(6.39137e-22 -89.0657 176.399)
(5.30988e-22 -81.9085 165.655)
(-4.89867e-22 -71.3431 151.798)
(-3.91192e-21 -57.9261 131.363)
(-1.47249e-20 -41.6646 105.973)
(-3.75198e-20 -25.9946 79.8591)
(-4.05031e-20 -11.4528 54.2678)
(7.17904e-20 3.32986 26.4325)
(3.25769e-19 15.8586 1.07851)
(5.04427e-19 16.8737 -6.52701)
(4.09202e-19 1.33469 12.2204)
(1.22966e-19 -16.2857 42.7908)
(7.65037e-23 -153.128 286.486)
(1.51187e-23 -164.183 265.821)
(-9.47058e-23 -138.013 258.451)
(-2.3046e-22 -143.021 238.579)
(-3.91488e-22 -124.842 231.15)
(-5.76607e-22 -125.127 215.447)
(-7.56305e-22 -113.069 207.393)
(-9.3745e-22 -110.715 195.772)
(-1.1976e-21 -102.823 187.686)
(-1.76582e-21 -98.4472 177.045)
(-2.887e-21 -89.9223 164.376)
(-4.91791e-21 -79.0177 144.879)
(-1.02558e-20 -63.0688 119.102)
(-2.52586e-20 -45.3608 89.9032)
(-4.27488e-20 -27.2158 60.7542)
(-1.77508e-20 -9.29406 31.87)
(7.58664e-20 5.98978 8.00706)
(2.10089e-19 20.5605 -16.5131)
(1.9879e-19 39.3005 -45.7796)
(-2.38944e-19 28.6246 -48.0634)
(-2.74062e-22 -150.402 276.48)
(-2.78464e-23 -173.312 278.352)
(3.98767e-22 -143.494 260.098)
(9.42967e-22 -147.617 238.007)
(1.59327e-21 -131.177 229.677)
(2.41094e-21 -131.615 213.179)
(3.36989e-21 -120.946 203.457)
(4.53459e-21 -118.312 190.282)
(5.95261e-21 -111.556 180.236)
(7.61284e-21 -107.657 168.765)
(8.49072e-21 -101.757 156.855)
(5.8743e-21 -94.8289 141.925)
(-3.35457e-21 -84.91 123.818)
(-1.91592e-20 -72.5968 102.635)
(-3.60118e-20 -58.0174 79.7944)
(-4.02866e-20 -42.3019 55.4596)
(-1.44402e-20 -24.4373 30.7399)
(3.82426e-20 -7.36003 1.96764)
(3.21899e-19 19.1805 -27.0299)
(-1.07287e-18 25.6134 -63.7728)
(9.78685e-22 -145.973 255.969)
(-3.84254e-23 -161.792 268.549)
(-1.75116e-21 -147.325 249.924)
(-4.07194e-21 -141.513 230.52)
(-6.93186e-21 -132.1 217.185)
(-1.03649e-20 -127.409 202.916)
(-1.41736e-20 -120.446 191.497)
(-1.84405e-20 -115.706 179.215)
(-2.36437e-20 -109.341 167.461)
(-3.04882e-20 -103.478 154.624)
(-3.54984e-20 -97.3399 142.435)
(-2.57045e-20 -91.2473 129.869)
(1.36499e-20 -84.0173 116.146)
(7.83385e-20 -75.6413 101.141)
(1.43191e-19 -65.7042 85.0611)
(1.75712e-19 -54.6696 67.6259)
(1.61433e-19 -41.2231 48.9761)
(8.94592e-20 -27.1377 27.1912)
(1.9263e-19 -5.41134 1.91264)
(-2.15673e-18 9.84801 -33.1583)
(-4.04704e-21 -139.147 238.887)
(-2.39357e-21 -146.406 247.701)
(3.26827e-21 -140.336 233.987)
(1.22022e-20 -133.49 219.466)
(2.39534e-20 -126.643 206.234)
(3.78604e-20 -120.367 193.62)
(5.3115e-20 -114.406 182.048)
(6.93279e-20 -109.087 171.104)
(8.75285e-20 -103.847 160.844)
(1.14536e-19 -98.1978 149.927)
(1.38846e-19 -91.5847 137.969)
(7.87881e-20 -84.9073 125.906)
(-1.20392e-19 -78.2041 114.151)
(-4.22698e-19 -71.3799 102.436)
(-7.19954e-19 -63.9732 90.5832)
(-9.08457e-19 -56.0776 77.999)
(-9.82445e-19 -46.4516 64.3656)
(-1.18212e-18 -35.9257 48.0865)
(-1.8889e-18 -19.2891 26.8429)
(-3.38695e-18 -2.57499 -5.76414)
(1.19198e-20 -132.678 227.357)
(1.9324e-20 -135.763 232.067)
(1.26451e-20 -132.25 223.349)
(-6.53723e-21 -126.584 213.521)
(-3.58214e-20 -120.067 202.266)
(-7.05108e-20 -112.708 189.998)
(-1.05733e-19 -105.667 177.556)
(-1.46261e-19 -99.8271 166.317)
(-2.22115e-19 -95.8492 156.831)
(-3.75549e-19 -92.5621 147.914)
(-4.20671e-19 -87.8678 137.495)
(-1.24663e-19 -82.5353 126.725)
(5.14791e-19 -77.0755 116.137)
(1.25026e-18 -71.5359 105.598)
(1.687e-18 -65.6869 95.1634)
(1.47005e-18 -59.6979 84.8412)
(6.82539e-19 -52.7253 74.8327)
(1.8589e-19 -45.1466 63.8824)
(4.51774e-19 -32.7321 49.153)
(-8.05011e-19 -13.7145 16.5267)
(-1.74587e-20 -129.034 221.917)
(-4.61486e-20 -130.851 226.77)
(-5.07609e-20 -129.219 224.514)
(-1.98171e-20 -124.482 218.9)
(5.24407e-20 -117.203 208.969)
(1.48964e-19 -107.265 194.679)
(2.33578e-19 -95.3107 176.159)
(3.50437e-19 -82.9801 154.897)
(6.40349e-19 -73.6737 135.842)
(9.20437e-19 -71.9715 126.347)
(7.82881e-19 -73.2067 122.25)
(8.0749e-19 -72.1354 114.67)
(1.55087e-18 -70.525 105.726)
(3.44957e-18 -68.7866 97.2087)
(6.83781e-18 -67.1844 90.6578)
(1.16831e-17 -65.6578 87.1882)
(1.64473e-17 -63.5251 86.1356)
(1.89342e-17 -59.5634 84.3407)
(2.03292e-17 -50.056 75.7953)
(2.03589e-17 -30.1572 47.3093)
(1.02674e-19 -130.555 226.802)
(6.93477e-20 -134.571 237.167)
(-6.91195e-20 -133.936 239.4)
(-3.17025e-19 -129.726 236.161)
(-8.73364e-19 -122.247 227.303)
(-1.787e-18 -110.909 212.201)
(-2.3842e-18 -94.3338 187.995)
(-2.00371e-18 -71.1227 151.674)
(-9.29212e-19 -47.9583 115.044)
(-1.29735e-18 -34.1426 92.086)
(-6.48789e-18 -29.5375 81.6928)
(-2.02304e-17 -25.8183 71.0753)
(-4.35655e-17 -23.8243 63.2766)
(-6.49067e-17 -27.4969 64.1707)
(-6.82234e-17 -37.6525 75.5751)
(-6.18921e-17 -51.7508 93.3894)
(-7.37613e-17 -64.611 109.897)
(-1.02501e-16 -70.9439 118.905)
(-1.1422e-16 -68.7853 113.263)
(-7.07719e-17 -46.6233 82.1068)
(-1.54894e-18 -140.121 245.762)
(-1.98102e-18 -145.062 255.942)
(-3.68336e-19 -143.945 258.239)
(1.75855e-18 -140.673 254.797)
(6.50243e-18 -134.932 247.381)
(1.71212e-17 -126.271 235.162)
(2.61807e-17 -111.996 214.301)
(2.84418e-17 -91.4639 185.174)
(2.65692e-17 -71.0638 157.231)
(2.79148e-17 -45.4284 123.114)
(2.78844e-17 -22.4825 92.2102)
(-3.84069e-18 -12.3388 79.3732)
(-8.48002e-17 0.285209 63.1922)
(-1.29095e-16 11.2089 46.9858)
(2.84504e-17 17.9019 35.1713)
(3.76078e-16 15.0942 34.7754)
(6.43083e-16 0.398937 49.5638)
(6.20913e-16 -22.435 72.7587)
(4.13417e-16 -43.0229 89.8734)
(2.83464e-16 -36.9665 76.1664)
(1.17603e-17 -148.126 258.401)
(2.63684e-17 -156.713 269.93)
(1.89363e-17 -152.758 265.116)
(8.73134e-18 -149.844 257.547)
(-1.45608e-17 -146.583 249.727)
(-1.04251e-16 -143.188 241.241)
(-1.87345e-16 -137.748 230.045)
(-2.3641e-16 -127.491 213.081)
(-2.49873e-16 -115.361 193.945)
(-2.45331e-16 -98.0801 169.146)
(-2.59134e-16 -74.9967 136.016)
(-2.9479e-16 -58.4846 114.17)
(-3.71102e-16 -42.7617 93.3797)
(-4.50965e-16 -26.1213 70.7726)
(-3.26419e-16 -7.96933 45.9376)
(2.68122e-16 11.1673 18.0298)
(1.04463e-15 29.4465 -12.2283)
(4.30283e-16 39.4314 -32.7829)
(-3.63956e-15 35.9076 -34.3656)
(-9.40101e-15 17.482 -23.216)
(-5.98713e-17 -139.299 237.312)
(-2.02515e-16 -157.609 263.621)
(-1.89276e-16 -151.237 249.424)
(-1.53486e-16 -146.441 235.318)
(-8.15442e-17 -143.392 224.132)
(5.88879e-16 -141.926 215.244)
(1.16154e-15 -141.083 207.48)
(1.37167e-15 -138.794 198.086)
(1.39979e-15 -134.707 186.716)
(1.361e-15 -129.088 174.044)
(1.38907e-15 -120.289 158.207)
(1.47486e-15 -110 142.387)
(1.55369e-15 -99.1136 126.786)
(1.5778e-15 -86.9528 110.223)
(1.60639e-15 -72.5109 91.6423)
(1.69837e-15 -55.8517 70.0114)
(1.92792e-15 -35.7245 45.5119)
(2.18746e-15 -15.8669 17.4749)
(6.69584e-16 22.9898 -23.6655)
(-2.41837e-14 25.1363 -71.4181)
(2.19231e-16 -120.15 200.754)
(1.18211e-15 -143.966 239.855)
(1.23973e-15 -138.826 224.928)
(1.16024e-15 -132.404 209.179)
(1.17187e-15 -128.179 197.061)
(-3.35503e-15 -125.562 187.967)
(-6.26737e-15 -123.91 180.672)
(-6.85453e-15 -122.143 173.427)
(-7.09065e-15 -119.315 164.937)
(-7.20028e-15 -115.983 155.993)
(-7.6207e-15 -112.342 147.311)
(-8.21187e-15 -107.939 138.598)
(-8.81415e-15 -102.696 129.687)
(-8.90427e-15 -96.2768 119.808)
(-8.93924e-15 -87.8783 108.19)
(-9.15233e-15 -77.6019 93.8757)
(-9.6103e-15 -63.8203 76.8177)
(-1.08318e-14 -48.7652 55.3532)
(-1.45772e-14 -23.2477 26.661)
(-1.72289e-15 -0.858572 -19.5517)
(-3.27657e-16 -102.815 171.254)
(-4.96396e-15 -127.487 214.854)
(-5.29242e-15 -125.109 203.886)
(-5.08594e-15 -119.1 190.939)
(-6.17607e-15 -115.088 180.935)
(1.57975e-14 -112.093 173.409)
(2.07178e-14 -109.683 167.075)
(2.08279e-14 -107.275 160.905)
(2.24606e-14 -104.195 153.844)
(2.35479e-14 -100.727 146.304)
(2.50504e-14 -97.7446 139.82)
(2.61437e-14 -95.2929 134.565)
(2.87343e-14 -92.8091 129.85)
(2.98621e-14 -89.6916 124.517)
(3.1307e-14 -85.0827 117.711)
(3.16033e-14 -78.9464 108.724)
(3.57029e-14 -69.9972 97.4058)
(3.90784e-14 -59.0304 82.0837)
(4.79338e-14 -40.3301 58.9339)
(1.18502e-13 -14.9177 15.4988)
(-1.23438e-15 -94.0728 158.826)
(1.48173e-14 -115.681 197.434)
(1.34064e-14 -115.732 190.797)
(1.24368e-14 -111.589 182.119)
(1.44902e-14 -108.947 174.679)
(3.92757e-14 -106.461 168.562)
(3.72966e-14 -104.322 163.036)
(3.29079e-14 -102.185 157.613)
(3.47158e-14 -99.5719 151.224)
(3.64136e-14 -96.547 144.202)
(3.92548e-14 -93.9597 137.951)
(4.26728e-14 -92.2166 133.165)
(4.60767e-14 -91.0393 129.418)
(4.59561e-14 -89.9195 126.02)
(4.51359e-14 -88.3738 122.691)
(4.48623e-14 -86.1921 119.531)
(4.43427e-14 -82.4019 116.098)
(4.44333e-14 -75.968 109.904)
(4.6401e-14 -62.2315 94.6181)
(8.53229e-14 -35.6545 55.6566)
(6.68165e-15 -86.6522 146.4)
(6.25442e-14 -99.8708 175.479)
(5.16364e-14 -100.068 171.866)
(5.32324e-14 -95.0893 165.849)
(5.94551e-14 -92.4084 159.705)
(7.61149e-14 -89.6891 154.76)
(6.56016e-14 -87.6589 149.644)
(6.4846e-14 -85.024 143.051)
(6.64263e-14 -82.4194 136.108)
(7.3529e-14 -80.1078 129.012)
(8.13979e-14 -78.4683 122.771)
(8.45592e-14 -77.8194 117.931)
(8.61804e-14 -78.3017 114.783)
(8.78103e-14 -79.8953 114.112)
(8.97769e-14 -83.1247 116.954)
(8.88327e-14 -87.3921 124.221)
(8.20869e-14 -91.6367 133.432)
(7.67924e-14 -91.81 139.48)
(7.25538e-14 -83.3055 131.544)
(1.14953e-13 -57.1953 95.1276)
(1.18052e-14 -100.326 172.582)
(8.05541e-14 -116.92 200.235)
(6.55467e-14 -117.412 197.652)
(6.47257e-14 -111.857 188.176)
(7.07193e-14 -105.317 174.766)
(7.06873e-14 -99.5095 164.566)
(5.48966e-14 -93.56 152.071)
(5.43652e-14 -87.5927 142.761)
(5.35165e-14 -81.3315 131.052)
(5.57977e-14 -74.78 119.858)
(6.13998e-14 -69.4218 110.297)
(6.08716e-14 -65.4661 103.312)
(5.97852e-14 -63.8207 100.015)
(6.60794e-14 -65.2492 102.594)
(7.22058e-14 -71.4756 112.719)
(7.47746e-14 -81.1973 131.168)
(7.40039e-14 -93.9767 152.063)
(7.14556e-14 -101.106 169.165)
(6.87114e-14 -100.648 165.359)
(1.02745e-13 -74.4704 131.791)
)
;

boundaryField
{
    outletWall
    {
        type            zeroGradient;
    }
    fineWalls
    {
        type            noSlip;
    }
    fineFrontAndBack
    {
        type            zeroGradient;
    }
    fineplugLeft
    {
        type            cyclicAMI;
        value           nonuniform List<vector> 
20
(
(-9.30656e-14 60.0468 101.237)
(-7.61287e-14 75.5242 118.895)
(-8.08618e-14 72.8233 109.361)
(-7.02625e-14 68.0652 95.0401)
(-5.41027e-14 65.5258 87.7347)
(-4.52199e-14 67.389 89.0234)
(-4.55301e-14 71.687 96.129)
(-4.85948e-14 77.0849 105.276)
(-5.1158e-14 82.517 114.759)
(-4.97673e-14 87.8647 123.995)
(-4.64388e-14 93.0957 133.205)
(-4.39155e-14 98.3893 142.781)
(-4.6048e-14 103.891 153.197)
(-4.91963e-14 110.037 164.573)
(-4.30239e-14 112.259 176.419)
(-3.14564e-14 119.673 191.872)
(-3.0686e-14 125.727 206.716)
(-3.184e-14 129.419 214.714)
(-3.85596e-14 118.849 203.203)
(-5.55985e-15 81.4632 131.853)
)
;
    }
    fineplugRight
    {
        type            cyclicAMI;
        value           nonuniform List<vector> 
20
(
(8.98858e-14 -73.7777 128.738)
(6.03332e-14 -94.8798 157.329)
(6.20475e-14 -94.7615 159.896)
(6.32266e-14 -89.1212 145.287)
(6.31966e-14 -78.675 127.677)
(6.06165e-14 -70.9373 112.265)
(5.52997e-14 -65.912 103.965)
(5.00304e-14 -64.8358 102.093)
(5.13534e-14 -66.2059 105.192)
(5.22221e-14 -69.4463 111.31)
(4.79314e-14 -73.762 119.369)
(4.65212e-14 -79.0361 128.489)
(4.76971e-14 -83.8417 137.677)
(5.00386e-14 -87.3815 143.465)
(6.05902e-14 -87.4743 150.656)
(6.06321e-14 -91.6608 158.085)
(5.58899e-14 -96.8173 167.913)
(5.68889e-14 -101.045 173.849)
(6.98816e-14 -100.39 172.995)
(1.42357e-14 -87.2608 146.303)
)
;
    }
    inletOutletLeft
    {
        type            cyclicAMI;
        value           nonuniform List<vector> 
20
(
(-9.30656e-14 60.0468 101.237)
(-7.61287e-14 75.5242 118.895)
(-8.08618e-14 72.8233 109.361)
(-7.02625e-14 68.0652 95.0401)
(-5.41027e-14 65.5258 87.7347)
(-4.52199e-14 67.389 89.0234)
(-4.55301e-14 71.687 96.129)
(-4.85948e-14 77.0849 105.276)
(-5.1158e-14 82.517 114.759)
(-4.97673e-14 87.8647 123.995)
(-4.64388e-14 93.0957 133.205)
(-4.39155e-14 98.3893 142.781)
(-4.6048e-14 103.891 153.197)
(-4.91963e-14 110.037 164.573)
(-4.30239e-14 112.259 176.419)
(-3.14564e-14 119.673 191.872)
(-3.0686e-14 125.727 206.716)
(-3.184e-14 129.419 214.714)
(-3.85596e-14 118.849 203.203)
(-5.55985e-15 81.4632 131.853)
)
;
    }
    inletLeft
    {
        type            fixedValue;
        value           uniform (0 -60 140);
    }
    inletWallsLeft
    {
        type            noSlip;
    }
    inletFacesLeft
    {
        type            zeroGradient;
    }
    inletOutletRight
    {
        type            cyclicAMI;
        value           nonuniform List<vector> 
20
(
(8.98858e-14 -73.7777 128.738)
(6.03332e-14 -94.8798 157.329)
(6.20475e-14 -94.7615 159.896)
(6.32266e-14 -89.1212 145.287)
(6.31966e-14 -78.675 127.677)
(6.06165e-14 -70.9373 112.265)
(5.52997e-14 -65.912 103.965)
(5.00304e-14 -64.8358 102.093)
(5.13534e-14 -66.2059 105.192)
(5.22221e-14 -69.4463 111.31)
(4.79314e-14 -73.762 119.369)
(4.65212e-14 -79.0361 128.489)
(4.76971e-14 -83.8417 137.677)
(5.00386e-14 -87.3815 143.465)
(6.05902e-14 -87.4743 150.656)
(6.06321e-14 -91.6608 158.085)
(5.58899e-14 -96.8173 167.913)
(5.68889e-14 -101.045 173.849)
(6.98816e-14 -100.39 172.995)
(1.42357e-14 -87.2608 146.303)
)
;
    }
    inletRight
    {
        type            fixedValue;
        value           uniform (0 60 140);
    }
    inletWallsRight
    {
        type            noSlip;
    }
    inletFacesRight
    {
        type            zeroGradient;
    }
}


// ************************************************************************* //
