/*--------------------------------*- C++ -*----------------------------------*\
| =========                 |                                                 |
| \\      /  F ield         | OpenFOAM: The Open Source CFD Toolbox           |
|  \\    /   O peration     | Version:  4.1                                   |
|   \\  /    A nd           | Web:      www.OpenFOAM.org                      |
|    \\/     M anipulation  |                                                 |
\*---------------------------------------------------------------------------*/
FoamFile
{
    version     2.0;
    format      ascii;
    class       volVectorField;
    location    "22";
    object      U;
}
// * * * * * * * * * * * * * * * * * * * * * * * * * * * * * * * * * * * * * //

dimensions      [0 1 -1 0 0 0 0];

internalField   nonuniform List<vector> 
1680
(
(-4.03997e-14 -324.276 -279.298)
(-1.56036e-14 89.1542 -154.043)
(-6.85623e-15 -28.6849 -57.5658)
(-4.92924e-16 3.07144 -3.78219)
(6.19949e-16 15.4861 0.420439)
(-7.32985e-16 8.13831 3.54138)
(-1.28245e-15 6.04839 3.03001)
(-2.35748e-15 8.50293 4.18854)
(-4.43975e-16 8.53447 6.45491)
(1.2533e-15 5.93629 5.05484)
(3.07047e-15 7.4702 6.76536)
(2.40844e-15 5.12848 4.09666)
(2.46579e-15 5.40007 3.46283)
(1.42104e-15 5.96965 1.79612)
(2.71315e-16 4.59628 0.389895)
(-6.07895e-16 6.26217 0.209842)
(-9.70006e-16 4.7731 0.337397)
(-1.71488e-15 5.05475 0.739746)
(-2.24794e-15 6.12129 2.26116)
(-1.72904e-15 2.96303 -0.189097)
(-1.32147e-15 4.63729 3.8348)
(-7.82454e-16 3.48886 1.88341)
(-2.67011e-15 5.25581 7.79265)
(-2.74703e-15 5.60399 8.39797)
(-2.57534e-15 5.77093 8.98573)
(-3.79304e-15 5.88204 9.55257)
(-3.551e-15 6.01418 10.0823)
(-3.3822e-15 6.08587 10.5613)
(-3.35312e-15 6.21976 11.0302)
(-3.42494e-15 6.16639 11.3883)
(-3.51087e-15 6.45964 11.9958)
(-2.25738e-15 6.08191 10.8356)
(-3.58747e-15 7.39954 13.7815)
(-3.71711e-15 7.50483 14.2025)
(-3.77994e-15 7.5818 14.577)
(-3.8179e-15 7.55783 14.9175)
(-4.0513e-15 7.67002 15.2353)
(-4.32548e-15 7.49311 15.3671)
(-4.19494e-15 7.86386 16.1732)
(-5.14779e-15 7.45764 14.7342)
(-4.94676e-15 10.1309 16.1328)
(-3.2402e-15 6.87364 11.2034)
(-2.91357e-15 5.96785 10.4637)
(-3.77915e-15 6.41361 13.2679)
(-2.65658e-15 4.53465 9.35492)
(-2.61645e-15 4.28884 9.20984)
(-2.56602e-15 3.53959 8.97064)
(-3.16052e-15 3.15533 10.4946)
(-2.10664e-15 2.02801 6.85644)
(-2.07608e-15 1.86475 6.72848)
(-1.49067e-15 0.569931 5.66046)
(-7.85074e-16 0.498575 2.67272)
(3.8344e-16 0.171437 2.40052)
(-2.62254e-15 0.159399 3.06571)
(2.1032e-14 -0.910188 -3.72513)
(5.38418e-15 -0.321718 -3.13492)
(6.18859e-15 -0.198821 -3.51672)
(5.65527e-15 -0.0149902 -3.82752)
(4.9259e-15 0.059323 -4.60074)
(7.92658e-16 -0.148119 -3.14682)
(8.62868e-16 -12.0456 9.69989)
(-5.54581e-16 -1.70434 15.5575)
(-4.17824e-16 10.5721 10.979)
(-1.07332e-15 6.12187 -0.292603)
(-2.96801e-16 -2.39949 -5.65692)
(-1.43658e-17 7.55525 -1.31861)
(1.517e-16 6.87674 -4.83793)
(8.35225e-16 -1.35843 -6.21272)
(1.90978e-15 -6.42389 -5.41154)
(1.05535e-16 -9.07269 1.48615)
(3.14483e-16 -11.8481 5.45641)
(-9.25848e-17 -12.1524 7.00023)
(-2.45152e-15 -6.8077 8.63956)
(-3.09494e-15 2.27748 7.96748)
(-2.4188e-15 6.05394 9.02792)
(-3.12003e-15 6.62079 11.4787)
(-4.73133e-15 5.39953 16.1387)
(5.54289e-16 4.35223 14.0153)
(8.46137e-15 1.88202 5.22544)
(6.80462e-16 -14.8527 9.58759)
(-3.8565e-16 -1.96005 19.0576)
(1.67003e-16 12.2769 13.2692)
(-1.17658e-15 7.97114 1.61232)
(-5.96184e-16 -2.30723 -6.10928)
(-6.09438e-17 7.46372 -1.8821)
(1.04291e-16 7.34548 -4.18141)
(1.05786e-15 -1.48789 -5.48313)
(1.50504e-15 -7.29658 -2.3797)
(-5.25178e-16 -10.0218 3.94862)
(2.08828e-16 -12.2025 5.37791)
(-3.95167e-16 -12.3913 6.22606)
(-2.69162e-15 -6.90623 7.56212)
(-3.37248e-15 2.19929 7.18224)
(-2.25184e-15 5.77657 8.12044)
(-1.76921e-15 5.95418 9.4638)
(-4.73729e-15 4.91939 13.4826)
(-5.00254e-15 5.23596 14.7343)
(2.15588e-15 4.1607 9.24442)
(5.49357e-16 -18.0569 8.82147)
(2.98164e-16 -2.47901 22.9793)
(1.60256e-15 14.1538 15.6541)
(-6.92673e-16 10.1115 3.97589)
(-8.79377e-16 -1.92292 -6.55652)
(-1.01429e-16 7.27511 -2.89218)
(1.27622e-16 7.6573 -3.56281)
(1.29028e-15 -1.89534 -4.59096)
(8.23769e-16 -8.24992 0.656631)
(-8.88191e-16 -10.613 4.99813)
(4.17709e-17 -12.305 4.97694)
(-7.46762e-16 -12.5505 5.36023)
(-2.96707e-15 -7.00457 6.40359)
(-3.68933e-15 2.09014 6.35455)
(-2.41373e-15 5.63092 7.26874)
(-7.5161e-16 5.61865 7.8271)
(-1.69367e-15 4.29331 9.45436)
(-3.87179e-15 5.21665 12.576)
(-4.73414e-15 5.41156 12.1669)
(5.38605e-16 -21.614 7.26501)
(1.61531e-15 -3.34323 26.7468)
(4.13276e-15 16.173 17.5943)
(6.55891e-16 12.5631 6.57712)
(-9.20063e-16 -1.29986 -7.21646)
(-1.19846e-16 7.00248 -4.23488)
(1.53552e-16 7.7487 -3.06867)
(1.48221e-15 -2.51028 -3.606)
(1.263e-16 -9.14121 2.9061)
(-1.06703e-15 -10.8809 5.09971)
(-1.74614e-16 -12.2729 4.46913)
(-1.12128e-15 -12.639 4.41102)
(-3.23174e-15 -7.1027 5.16169)
(-3.91435e-15 1.93217 5.46242)
(-2.64417e-15 5.51437 6.30424)
(-6.64103e-16 5.59035 7.00611)
(-3.57364e-16 3.88297 6.62138)
(-1.88154e-15 4.67755 9.46823)
(-3.64562e-15 5.71208 12.7251)
(6.2089e-16 -25.4159 5.21539)
(3.54305e-15 -4.55657 29.9342)
(7.71521e-15 18.2807 18.3915)
(2.96017e-15 15.3262 9.02888)
(5.16592e-16 -0.229285 -8.25439)
(-7.82541e-17 6.64043 -5.59083)
(1.37057e-16 7.58213 -2.69742)
(1.57438e-15 -3.25811 -2.56892)
(-4.23731e-16 -9.90737 4.11356)
(-1.16774e-15 -10.9276 4.77824)
(-4.13739e-16 -12.1626 3.9444)
(-1.48537e-15 -12.6525 3.39073)
(-3.46883e-15 -7.20227 3.85303)
(-4.14088e-15 1.73177 4.55283)
(-2.84732e-15 5.3649 5.11495)
(-8.4114e-16 5.6324 6.36111)
(-3.88309e-17 3.74251 5.37435)
(-8.66593e-16 3.96281 6.50075)
(-3.2323e-15 5.35582 11.1895)
(7.31064e-16 -29.3852 3.42456)
(5.97372e-15 -5.9812 32.4044)
(1.19405e-14 20.4404 17.4303)
(5.97187e-15 18.2163 10.8633)
(2.25872e-15 1.23816 -9.25915)
(-7.39869e-17 6.13162 -6.47859)
(9.88015e-17 7.1806 -2.37074)
(1.58044e-15 -4.01519 -1.67219)
(-8.01002e-16 -10.5365 4.49374)
(-1.25499e-15 -10.8529 4.34901)
(-6.5082e-16 -11.9891 3.43507)
(-1.80938e-15 -12.5849 2.32337)
(-3.67171e-15 -7.29913 2.48006)
(-4.38696e-15 1.52328 3.57359)
(-3.02366e-15 5.2025 3.74413)
(-1.09051e-15 5.62057 5.42319)
(-2.94591e-16 3.78674 4.63264)
(-3.00221e-16 3.44809 4.40829)
(-2.10351e-15 4.81041 7.89722)
(8.81416e-16 -33.5001 2.61191)
(8.81445e-15 -7.34608 34.2918)
(1.61435e-14 22.6597 14.5293)
(9.20009e-15 20.9291 11.7573)
(2.86835e-15 2.88126 -9.54953)
(-1.78648e-16 5.51836 -6.47851)
(7.7772e-17 6.6345 -1.98164)
(1.52909e-15 -4.73037 -0.948706)
(-1.05079e-15 -11.0457 4.36874)
(-1.35592e-15 -10.7239 3.93494)
(-8.73655e-16 -11.7497 2.96388)
(-2.0745e-15 -12.4254 1.25022)
(-3.8239e-15 -7.38846 1.01383)
(-4.59278e-15 1.33826 2.36005)
(-3.17948e-15 5.05932 2.2538)
(-1.2774e-15 5.55079 4.18835)
(-5.3872e-16 3.86761 3.7001)
(-4.25018e-16 3.3626 3.51982)
(-5.69574e-16 2.65702 3.36455)
(1.20822e-15 -37.8863 3.00598)
(1.2089e-14 -8.32403 35.8365)
(1.98247e-14 24.9905 10.0958)
(1.21531e-14 23.2737 11.69)
(3.2862e-15 4.49615 -9.52645)
(-2.87917e-16 4.85721 -5.6019)
(8.89785e-17 6.05617 -1.49172)
(1.4387e-15 -5.36318 -0.350111)
(-1.22443e-15 -11.4546 3.979)
(-1.47914e-15 -10.5826 3.55206)
(-1.0855e-15 -11.4449 2.5536)
(-2.27968e-15 -12.161 0.22411)
(-3.9159e-15 -7.4218 -0.546653)
(-4.68568e-15 1.04262 0.752361)
(-3.29883e-15 4.94041 0.669099)
(-1.44339e-15 5.43943 2.76739)
(-6.63388e-16 3.82793 2.55552)
(-6.6956e-16 3.49705 2.96892)
(-1.36348e-15 3.07206 2.64807)
(1.92116e-15 -42.5272 4.27686)
(1.5988e-14 -8.66731 37.3676)
(2.29903e-14 27.5116 4.82985)
(1.45507e-14 25.113 10.8088)
(3.46814e-15 5.92993 -9.22077)
(-3.88776e-16 4.17952 -4.11092)
(1.26382e-16 5.53406 -0.951708)
(1.31354e-15 -5.89338 0.179733)
(-1.35662e-15 -11.773 3.45437)
(-1.62559e-15 -10.4497 3.16415)
(-1.29841e-15 -11.0748 2.21451)
(-2.44186e-15 -11.7695 -0.707586)
(-3.95184e-15 -7.31821 -2.14019)
(-4.68317e-15 0.579177 -1.19999)
(-3.35348e-15 4.81867 -0.971613)
(-1.57866e-15 5.29824 1.20921)
(-7.9331e-16 3.72396 1.35977)
(-6.58826e-16 3.32031 1.94707)
(-1.55204e-15 3.2583 2.96233)
(3.21264e-15 -47.7488 5.82927)
(2.08464e-14 -8.31516 39.2718)
(2.59987e-14 30.3044 -0.715005)
(1.64679e-14 26.3728 9.30515)
(3.42965e-15 7.04847 -8.66989)
(-4.76917e-16 3.51686 -2.39753)
(1.68728e-16 5.1063 -0.424812)
(1.14422e-15 -6.29969 0.676445)
(-1.46446e-15 -12.0057 2.85026)
(-1.79196e-15 -10.3494 2.70589)
(-1.51908e-15 -10.6661 1.93824)
(-2.57646e-15 -11.2614 -1.50405)
(-3.93652e-15 -7.08654 -3.67463)
(-4.62986e-15 0.116905 -3.17212)
(-3.31958e-15 4.65821 -2.61393)
(-1.65677e-15 5.12215 -0.41989)
(-9.01657e-16 3.56365 0.138196)
(-7.17389e-16 3.2466 0.834988)
(-1.03832e-15 3.01162 1.14458)
(5.22764e-15 -53.0689 7.16338)
(2.7081e-14 -7.03804 42.5025)
(2.91762e-14 33.4284 -6.32377)
(1.8182e-14 27.0213 7.27286)
(3.2438e-15 7.79276 -7.98172)
(-5.24125e-16 2.88886 -0.806671)
(1.88453e-16 4.78303 0.0851773)
(9.46941e-16 -6.57418 1.12827)
(-1.55045e-15 -12.1346 2.18499)
(-1.97307e-15 -10.2753 2.08816)
(-1.74137e-15 -10.2163 1.6833)
(-2.69001e-15 -10.6096 -2.13218)
(-3.87767e-15 -6.72924 -5.02481)
(-4.54205e-15 -0.13322 -4.98675)
(-3.20661e-15 4.44052 -4.18662)
(-1.6653e-15 4.90821 -1.98876)
(-9.70982e-16 3.35101 -1.1713)
(-8.37127e-16 3.1266 -0.376928)
(-8.51056e-16 3.23274 0.252244)
(7.99515e-15 -59.8574 8.37746)
(3.47404e-14 -5.52536 47.5264)
(3.26654e-14 37.0461 -12.0319)
(1.98948e-14 27.0956 4.7427)
(2.95101e-15 8.11619 -7.16692)
(-4.79079e-16 2.32831 0.552213)
(1.78765e-16 4.53607 0.618907)
(7.53883e-16 -6.73779 1.51881)
(-1.6036e-15 -12.1667 1.47161)
(-2.15988e-15 -10.2775 1.23055)
(-1.96188e-15 -9.83351 1.31372)
(-2.77421e-15 -9.91509 -2.60925)
(-3.77324e-15 -6.34972 -6.08645)
(-4.34819e-15 -0.554688 -6.52078)
(-3.0156e-15 4.15172 -5.63739)
(-1.61112e-15 4.68479 -3.43736)
(-1.01857e-15 3.12238 -2.57226)
(-9.77627e-16 2.97644 -1.9839)
(-7.07024e-16 2.86332 -0.610844)
(1.0989e-14 -65.7159 9.92479)
(4.08751e-14 -2.65241 55.5031)
(3.65588e-14 41.8257 -18.2382)
(2.16024e-14 26.5267 2.17193)
(2.56294e-15 7.99237 -6.05653)
(-3.15713e-16 1.88246 1.66854)
(1.48388e-16 4.34299 1.21331)
(5.9109e-16 -6.7288 1.83479)
(-1.60172e-15 -12.0296 0.71726)
(-2.32212e-15 -10.222 0.098888)
(-2.19184e-15 -9.39394 0.546225)
(-2.82201e-15 -9.04858 -3.11079)
(-3.60652e-15 -5.77335 -6.89858)
(-4.03107e-15 -0.246501 -7.77637)
(-2.76096e-15 3.89063 -6.92951)
(-1.51247e-15 4.46768 -4.78645)
(-1.05896e-15 2.93596 -4.19658)
(-1.17852e-15 2.68887 -4.10828)
(-1.26586e-16 2.45684 -0.276007)
(1.24807e-14 -76.8112 10.4324)
(3.68658e-14 4.26141 57.7566)
(4.08437e-14 47.6934 -25.107)
(2.31044e-14 25.2501 -0.176314)
(2.06806e-15 7.42185 -4.55158)
(-1.32647e-16 1.5355 2.41493)
(1.07651e-16 4.18061 1.89596)
(4.7065e-16 -6.6694 2.11018)
(-1.52471e-15 -11.8265 -0.0298425)
(-2.3981e-15 -10.3413 -1.19003)
(-2.42048e-15 -9.29436 -0.830965)
(-2.84101e-15 -8.52186 -3.95214)
(-3.37573e-15 -5.45822 -7.72869)
(-3.63438e-15 -1.09548 -9.12038)
(-2.46276e-15 3.48195 -8.06427)
(-1.41509e-15 4.32683 -6.26664)
(-1.15586e-15 2.87174 -6.47803)
(-1.47087e-15 2.11194 -6.96939)
(8.41211e-16 1.90569 2.24734)
(1.25379e-14 -78.1345 4.18299)
(3.12219e-14 5.40871 38.266)
(4.54301e-14 52.3773 -32.8195)
(2.38002e-14 23.2216 -2.05831)
(1.42744e-15 6.56283 -2.68517)
(-1.51192e-16 1.30786 2.6849)
(5.78846e-17 4.05757 2.68905)
(3.96167e-16 -6.23468 2.32313)
(-1.36564e-15 -11.2318 -0.754595)
(-2.32801e-15 -9.89094 -2.50594)
(-2.55392e-15 -8.57492 -2.66261)
(-2.81834e-15 -7.35575 -5.27036)
(-3.10378e-15 -4.37653 -8.78435)
(-3.20746e-15 0.394703 -10.3978)
(-2.14128e-15 3.45045 -9.04341)
(-1.41199e-15 4.30965 -8.46834)
(-1.43019e-15 2.92966 -10.1339)
(-1.84097e-15 1.20558 -10.8032)
(1.41601e-16 -2.0048 2.32202)
(1.07218e-14 -97.3396 -3.88354)
(3.48288e-14 11.4774 -7.52921)
(5.02904e-14 53.9242 -41.0077)
(2.27403e-14 20.188 -2.67213)
(6.16479e-16 5.6434 -0.778858)
(-1.79603e-16 1.23564 2.98696)
(2.20404e-18 3.97548 3.60256)
(3.52388e-16 -6.21048 2.67429)
(-1.14419e-15 -11.0815 -1.28507)
(-2.10694e-15 -10.4478 -3.59161)
(-2.50283e-15 -9.34528 -4.47291)
(-2.70369e-15 -7.92652 -6.89858)
(-2.80104e-15 -5.08313 -10.1511)
(-2.76697e-15 -2.41564 -11.8584)
(-1.8621e-15 2.68414 -10.4322)
(-1.63753e-15 4.69313 -12.3093)
(-1.96594e-15 3.19426 -15.4772)
(-2.327e-15 -1.47702 -16.0456)
(-6.91677e-16 2.40813 -6.17518)
(1.27015e-14 -60.8202 -22.5214)
(4.80872e-14 24.3955 -42.1923)
(5.53895e-14 52.1184 -48.5841)
(1.87849e-14 16.0625 -1.45275)
(-3.87815e-17 4.43618 0.782958)
(-1.87445e-16 1.14451 3.32046)
(-5.33754e-17 3.75794 4.52419)
(3.55294e-16 -4.64456 2.80213)
(-8.70319e-16 -9.28938 -1.85898)
(-1.74774e-15 -8.14447 -4.60579)
(-2.22399e-15 -6.50623 -5.90986)
(-2.41489e-15 -4.71632 -8.12244)
(-2.40914e-15 -1.80036 -10.9872)
(-2.23001e-15 2.54181 -11.7831)
(-1.78794e-15 4.18704 -13.1365)
(-2.13685e-15 5.68943 -17.8467)
(-2.50956e-15 3.77516 -20.4686)
(-2.87929e-15 1.452 -20.362)
(-1.27354e-15 -13.5606 -6.35412)
(-8.56545e-15 -135.021 -5.38953)
(7.14791e-14 -2.77504 -84.2578)
(5.69669e-14 41.8279 -48.8748)
(1.08919e-14 11.2625 2.61002)
(-1.79324e-16 3.07747 1.69134)
(-1.86949e-16 0.900378 3.77526)
(-9.82539e-17 3.35326 5.52662)
(2.94989e-16 -6.41567 3.81868)
(-6.43665e-16 -11.2399 -1.75809)
(-1.4064e-15 -12.3788 -5.29188)
(-1.90389e-15 -11.8857 -7.55081)
(-2.11808e-15 -10.1636 -10.1863)
(-2.12949e-15 -7.54748 -13.4213)
(-1.75286e-15 -5.45459 -13.1438)
(-2.17403e-15 2.65944 -19.3365)
(-2.53225e-15 5.85658 -22.0373)
(-2.16814e-15 4.14848 -17.4321)
(-3.27752e-15 -5.6884 -26.1198)
(-2.27583e-15 10.1126 -17.8179)
(8.35019e-14 74.9324 -112.046)
(1.00637e-13 17.7391 -107.043)
(4.69362e-14 30.6558 -28.9199)
(1.20115e-15 6.50464 10.5104)
(-1.05801e-17 5.02821 1.68397)
(-1.45852e-16 0.793703 4.20628)
(-1.22378e-16 4.94687 5.98549)
(5.62029e-16 0.688895 1.72877)
(-2.79386e-16 -3.08242 -2.48284)
(-8.10357e-16 -0.316448 -4.72147)
(-1.14379e-15 2.18811 -5.28903)
(-1.25311e-15 4.14353 -6.36276)
(-1.11889e-15 6.2301 -7.64508)
(-1.97664e-15 8.79503 -19.2934)
(-2.7135e-15 7.70027 -25.3516)
(-1.857e-15 5.37587 -16.8846)
(-3.16735e-16 -0.910022 -1.21735)
(-1.13926e-15 9.7178 14.3786)
(-1.96473e-15 -53.5158 -1.92649)
(-5.26909e-13 -333.603 452.032)
(5.09119e-14 93.456 -75.5192)
(2.33155e-14 42.3972 -2.29664)
(-7.858e-16 7.6953 12.4766)
(2.31983e-17 7.12249 0.728943)
(-1.12904e-18 1.47488 2.7531)
(-1.13612e-16 2.9466 5.42055)
(-2.84831e-16 -12.3333 14.821)
(-5.41406e-16 -19.8009 -1.84144)
(-1.4636e-15 -25.5835 -12.4906)
(-2.35328e-15 -26.0667 -21.0834)
(-2.97732e-15 -22.8915 -28.1751)
(-3.31159e-15 -16.3156 -33.3372)
(-3.18274e-15 -8.29225 -32.5465)
(-1.90701e-15 0.535991 -18.7049)
(1.49237e-16 2.91792 -1.06294)
(1.13386e-15 13.3749 12.0726)
(-7.20613e-15 -27.9482 -70.7614)
(7.78065e-15 87.6813 58.9969)
(4.48031e-17 5.08739 9.25284)
(-8.67226e-15 9.75018 16.6667)
(-6.55497e-15 9.82793 16.8308)
(-6.4025e-15 9.56694 16.1424)
(-6.32732e-15 9.53288 16.0035)
(-9.67968e-15 9.59575 15.977)
(-6.89446e-15 9.62781 15.9643)
(-5.97126e-15 9.67063 15.9487)
(-5.94366e-15 9.69182 15.9382)
(-6.38899e-15 9.73074 15.9444)
(-6.56536e-15 9.73274 15.9326)
(-6.64738e-15 9.67158 15.7738)
(-6.30321e-15 9.70735 15.8962)
(-6.30885e-15 9.70907 15.9535)
(-6.29032e-15 9.69806 15.9838)
(-5.83512e-15 9.65623 16.0326)
(-6.32819e-15 9.64505 16.0416)
(-6.06765e-15 9.74592 16.4586)
(-5.80363e-15 10.257 17.1423)
(-8.73971e-15 6.34774 11.1132)
(1.5382e-16 4.8915 8.22763)
(-7.3065e-15 9.28811 15.8674)
(-5.30811e-15 9.13691 15.6366)
(-5.4148e-15 8.82676 15.0907)
(-5.62137e-15 8.80746 15.0867)
(-9.49518e-15 8.84269 15.1136)
(-5.37053e-15 8.84699 15.1418)
(-5.0743e-15 8.86862 15.1604)
(-5.10589e-15 8.87885 15.1897)
(-5.50757e-15 8.8948 15.2128)
(-5.3844e-15 8.91026 15.2467)
(-5.92436e-15 8.94581 15.3121)
(-5.40373e-15 8.95964 15.3188)
(-6.15125e-15 8.964 15.3487)
(-5.71445e-15 8.9854 15.3752)
(-4.96322e-15 8.97865 15.4094)
(-5.60769e-15 9.0039 15.4316)
(-5.46417e-15 9.18119 15.8152)
(-5.26084e-15 9.56854 16.4374)
(-8.08356e-15 5.69899 9.93279)
(-1.17918e-17 5.49144 9.54479)
(-2.62904e-15 9.58996 16.4046)
(-2.3145e-15 9.28377 15.9966)
(-1.86258e-15 9.04069 15.5171)
(-2.11584e-15 9.00821 15.5059)
(-5.24541e-15 9.02807 15.5064)
(-2.3654e-15 9.01741 15.5129)
(-2.52255e-15 9.02567 15.5095)
(-2.6856e-15 9.01999 15.5139)
(-2.19608e-15 9.02452 15.5155)
(-2.04607e-15 9.02245 15.5192)
(-2.87187e-15 9.01735 15.5169)
(-2.31168e-15 9.01962 15.5275)
(-2.6234e-15 9.01608 15.5398)
(-2.23939e-15 9.02279 15.5445)
(-2.20642e-15 9.00693 15.558)
(-2.85476e-15 9.02418 15.559)
(-2.65973e-15 9.19514 15.9343)
(-2.17768e-15 9.59489 16.5444)
(-3.80857e-15 5.78644 10.1482)
(-2.60956e-18 5.58587 9.62501)
(5.68253e-16 9.47802 16.2638)
(4.84483e-16 9.12624 15.7379)
(4.09906e-16 8.90718 15.3193)
(5.21717e-16 8.8864 15.3272)
(-2.99477e-15 8.90568 15.3351)
(-2.83717e-15 8.89668 15.3483)
(-2.33148e-15 8.90547 15.3516)
(-2.68265e-15 8.9011 15.3624)
(-2.14309e-15 8.90604 15.3683)
(-2.50091e-15 8.90509 15.3779)
(-2.78369e-15 8.9081 15.3882)
(-2.35299e-15 8.9104 15.3946)
(-2.59674e-15 8.9076 15.406)
(-2.18937e-15 8.91507 15.4111)
(-2.80448e-15 8.90273 15.4224)
(-3.22863e-15 8.91867 15.4238)
(-2.3927e-15 9.09486 15.7875)
(-2.51028e-15 9.4863 16.4169)
(-3.35266e-15 5.80994 10.156)
(1.27066e-18 5.84619 10.1151)
(-1.43883e-16 9.52303 16.3412)
(-1.0685e-16 9.11226 15.7312)
(-8.88522e-17 8.92275 15.3572)
(-1.14485e-16 8.90161 15.3672)
(7.7451e-16 8.91703 15.3701)
(5.48739e-16 8.90563 15.3795)
(5.95712e-16 8.91148 15.3796)
(6.1993e-16 8.9047 15.3867)
(5.38782e-16 8.90711 15.3895)
(5.16685e-16 8.90362 15.3953)
(6.71364e-16 8.90299 15.3999)
(5.58026e-16 8.90281 15.405)
(6.13176e-16 8.89918 15.4129)
(5.57981e-16 8.90374 15.4155)
(5.31426e-16 8.8914 15.4232)
(6.71277e-16 8.90406 15.4203)
(6.27153e-16 9.06397 15.7537)
(5.4193e-16 9.4765 16.4206)
(8.74494e-16 5.96825 10.4468)
(-4.16734e-19 6.02211 10.4019)
(3.19239e-17 9.49169 16.3018)
(2.16188e-17 9.05 15.626)
(1.98741e-17 8.88343 15.2973)
(2.58856e-17 8.86694 15.3119)
(-1.91598e-16 8.88126 15.3155)
(-1.29704e-16 8.87109 15.3255)
(-1.37916e-16 8.87691 15.3269)
(-1.31013e-16 8.87093 15.3347)
(-1.34063e-16 8.87356 15.3382)
(-1.36445e-16 8.8704 15.3448)
(-1.46126e-16 8.87071 15.3501)
(-1.33578e-16 8.87029 15.3555)
(-1.39607e-16 8.86755 15.3631)
(-1.36014e-16 8.87133 15.3664)
(-1.24957e-16 8.86108 15.374)
(-1.43604e-16 8.87078 15.37)
(-1.38667e-16 9.014 15.6682)
(-1.29019e-16 9.44687 16.3798)
(-2.03586e-16 6.12911 10.7199)
(1.35884e-19 6.22305 10.7516)
(-7.19174e-18 9.48282 16.2904)
(-4.82772e-18 9.01344 15.5662)
(-4.9612e-18 8.86964 15.2775)
(-6.39786e-18 8.85498 15.2937)
(4.39526e-17 8.86759 15.296)
(2.92765e-17 8.8576 15.3049)
(3.05372e-17 8.86257 15.3059)
(2.86232e-17 8.85658 15.3128)
(3.22782e-17 8.85868 15.3157)
(3.30596e-17 8.85522 15.3217)
(3.23446e-17 8.85533 15.3261)
(3.01786e-17 8.85423 15.3312)
(3.12872e-17 8.85196 15.3377)
(3.0029e-17 8.85456 15.3411)
(2.88717e-17 8.84582 15.3479)
(3.01897e-17 8.85284 15.3426)
(2.97295e-17 8.97773 15.604)
(2.94596e-17 9.42773 16.3496)
(4.44707e-17 6.30907 11.032)
(-4.26327e-20 6.40985 11.0676)
(1.69698e-18 9.45652 16.2518)
(1.18022e-18 8.97055 15.4927)
(1.27032e-18 8.8476 15.2431)
(1.5907e-18 8.83531 15.2606)
(-1.0275e-17 8.8467 15.2626)
(-6.78729e-18 8.83756 15.2712)
(-7.20787e-18 8.84214 15.2725)
(-7.01516e-18 8.83668 15.2794)
(-7.91214e-18 8.83868 15.2824)
(-7.81948e-18 8.8354 15.2884)
(-7.58368e-18 8.8358 15.2927)
(-7.20105e-18 8.83443 15.298)
(-7.1492e-18 8.83292 15.304)
(-6.64015e-18 8.83466 15.3079)
(-6.94502e-18 8.82775 15.3146)
(-6.8745e-18 8.83251 15.3091)
(-7.03218e-18 8.94002 15.5349)
(-7.3244e-18 9.40049 16.304)
(-1.01597e-17 6.48821 11.3396)
(1.22513e-20 6.59941 11.3916)
(-4.04777e-19 9.42927 16.2097)
(-2.91717e-19 8.9338 15.4301)
(-3.08652e-19 8.83059 15.2167)
(-3.78917e-19 8.81984 15.2345)
(2.40348e-18 8.82997 15.236)
(1.61586e-18 8.82149 15.244)
(1.75069e-18 8.82553 15.2454)
(1.76638e-18 8.82048 15.2518)
(1.87032e-18 8.82222 15.2547)
(1.81069e-18 8.81905 15.2605)
(1.76737e-18 8.81956 15.2645)
(1.79137e-18 8.81786 15.2698)
(1.6395e-18 8.81698 15.2752)
(1.50908e-18 8.81782 15.2795)
(1.68378e-18 8.81256 15.2858)
(1.64239e-18 8.81536 15.2806)
(1.72507e-18 8.90636 15.4724)
(1.85887e-18 9.37022 16.2522)
(2.32298e-18 6.66918 11.6512)
(-3.17047e-21 6.78563 11.7083)
(9.40801e-20 9.39444 16.155)
(6.97845e-20 8.89791 15.3685)
(7.05121e-20 8.81292 15.1891)
(8.62202e-20 8.80354 15.2067)
(-5.45579e-19 8.81253 15.208)
(-3.82155e-19 8.80483 15.2154)
(-4.14058e-19 8.8084 15.2171)
(-4.24539e-19 8.80385 15.2232)
(-4.18329e-19 8.80539 15.2262)
(-4.10914e-19 8.80243 15.2318)
(-3.98855e-19 8.80307 15.2356)
(-4.35027e-19 8.80116 15.241)
(-3.73934e-19 8.80093 15.246)
(-3.49885e-19 8.80094 15.2508)
(-3.96798e-19 8.79733 15.2566)
(-3.88256e-19 8.79845 15.2523)
(-4.11891e-19 8.87432 15.4124)
(-4.47307e-19 9.33405 16.19)
(-5.08695e-19 6.84905 11.9603)
(7.44325e-22 6.97114 12.0243)
(-2.0931e-20 9.35481 16.0917)
(-1.59277e-20 8.86502 15.312)
(-1.5468e-20 8.79677 15.164)
(-1.88815e-20 8.78839 15.1808)
(1.1959e-19 8.7963 15.1819)
(8.83312e-20 8.78933 15.1889)
(9.34946e-20 8.79241 15.1907)
(9.63357e-20 8.78836 15.1964)
(9.01834e-20 8.78963 15.1994)
(9.1825e-20 8.78691 15.2048)
(8.81219e-20 8.7876 15.2085)
(1.00338e-19 8.78554 15.214)
(8.47936e-20 8.78586 15.2184)
(8.13152e-20 8.78508 15.2236)
(9.00925e-20 8.78303 15.2289)
(8.87395e-20 8.78266 15.2259)
(9.4131e-20 8.84485 15.3568)
(1.00274e-19 9.29287 16.1191)
(1.05934e-19 7.02828 12.2685)
(-1.63335e-22 7.15505 12.3374)
(4.47247e-21 9.30931 16.0184)
(3.48178e-21 8.83429 15.2593)
(3.34611e-21 8.78114 15.1398)
(4.02025e-21 8.77354 15.1555)
(-2.55365e-20 8.78047 15.1565)
(-1.98983e-20 8.77424 15.163)
(-2.0316e-20 8.77683 15.165)
(-2.09673e-20 8.7733 15.1704)
(-1.9186e-20 8.77429 15.1735)
(-2.01715e-20 8.77187 15.1786)
(-1.92552e-20 8.77256 15.1822)
(-2.20652e-20 8.77043 15.1877)
(-1.90838e-20 8.77124 15.1917)
(-1.8608e-20 8.76974 15.1973)
(-1.97736e-20 8.76916 15.202)
(-1.9658e-20 8.76749 15.2006)
(-2.07276e-20 8.81759 15.3049)
(-2.13339e-20 9.24623 16.0389)
(-2.12869e-20 7.20646 12.5746)
(3.53698e-23 7.3378 12.6485)
(-9.40776e-22 9.25841 15.9357)
(-7.46222e-22 8.80611 15.2108)
(-7.34032e-22 8.76637 15.117)
(-8.51368e-22 8.75935 15.1313)
(5.38975e-21 8.76537 15.1323)
(4.40015e-21 8.75985 15.1383)
(4.33981e-21 8.76196 15.1405)
(4.47692e-21 8.75896 15.1455)
(4.09898e-21 8.75964 15.1487)
(4.35558e-21 8.75756 15.1536)
(4.179e-21 8.75816 15.1571)
(4.70577e-21 8.75606 15.1625)
(4.27192e-21 8.75724 15.1662)
(4.16348e-21 8.75513 15.1721)
(4.25673e-21 8.75591 15.1762)
(4.2752e-21 8.75305 15.1766)
(4.46753e-21 8.79274 15.2571)
(4.47867e-21 9.19429 15.9496)
(4.24576e-21 7.38372 12.879)
(-8.07911e-24 7.51934 12.9574)
(2.02631e-22 9.20191 15.8433)
(1.63297e-22 8.78031 15.1665)
(1.67574e-22 8.75222 15.0952)
(1.86352e-22 8.74565 15.108)
(-1.14985e-21 8.75085 15.109)
(-9.75005e-22 8.74602 15.1146)
(-9.3833e-22 8.74766 15.117)
(-9.64731e-22 8.7452 15.1216)
(-8.96115e-22 8.74554 15.1248)
(-9.39629e-22 8.74386 15.1294)
(-9.13723e-22 8.74431 15.133)
(-9.99823e-22 8.74233 15.1382)
(-9.63478e-22 8.74376 15.1417)
(-9.23445e-22 8.74118 15.1478)
(-9.26896e-22 8.74316 15.1514)
(-9.32526e-22 8.73923 15.1536)
(-9.65451e-22 8.77024 15.2132)
(-9.73873e-22 9.13696 15.8512)
(-8.74928e-22 7.55999 13.1815)
(2.02862e-24 7.69989 13.2645)
(-4.62555e-23 9.13992 15.7413)
(-3.7949e-23 8.75695 15.1265)
(-4.03342e-23 8.73878 15.0745)
(-4.36905e-23 8.73251 15.0857)
(2.54955e-22 8.73697 15.0868)
(2.22773e-22 8.73282 15.0919)
(2.11561e-22 8.73398 15.0944)
(2.1665e-22 8.73205 15.0987)
(2.05058e-22 8.73206 15.102)
(2.09183e-22 8.73077 15.1063)
(2.07095e-22 8.73101 15.1099)
(2.19061e-22 8.72928 15.1149)
(2.23139e-22 8.73077 15.1182)
(2.0948e-22 8.72792 15.1245)
(2.11856e-22 8.73089 15.1274)
(2.09794e-22 8.72601 15.1316)
(2.1547e-22 8.75008 15.1733)
(2.27305e-22 9.07422 15.7437)
(1.93458e-22 7.7353 13.4818)
(-5.52503e-25 7.87976 13.5702)
(1.12732e-23 9.0725 15.6298)
(9.47457e-24 8.73614 15.0909)
(1.01651e-23 8.72618 15.055)
(1.10287e-23 8.72014 15.0646)
(-5.99013e-23 8.72388 15.0658)
(-5.34852e-23 8.72045 15.0704)
(-5.05649e-23 8.7211 15.0731)
(-5.17825e-23 8.71966 15.0769)
(-4.97629e-23 8.71937 15.0804)
(-4.93991e-23 8.71842 15.0843)
(-4.98388e-23 8.71839 15.0879)
(-5.08923e-23 8.71701 15.0927)
(-5.37216e-23 8.71831 15.0959)
(-5.00068e-23 8.71547 15.1022)
(-5.16976e-23 8.71909 15.1046)
(-4.9738e-23 8.71341 15.1105)
(-5.07651e-23 8.73226 15.1373)
(-5.69137e-23 9.00614 15.6274)
(-4.63186e-23 7.90968 13.7798)
(1.55901e-25 8.05938 13.8752)
(-2.87372e-24 8.99947 15.5081)
(-2.48898e-24 8.7178 15.0596)
(-2.62926e-24 8.71455 15.0366)
(-2.91797e-24 8.70877 15.0447)
(1.48777e-23 8.71173 15.0461)
(1.34413e-23 8.70916 15.0501)
(1.2742e-23 8.70929 15.0529)
(1.31203e-23 8.7083 15.0564)
(1.26984e-23 8.70781 15.0598)
(1.238e-23 8.70712 15.0635)
(1.27096e-23 8.70686 15.0671)
(1.25802e-23 8.70588 15.0715)
(1.34093e-23 8.70673 15.0749)
(1.26055e-23 8.70428 15.0808)
(1.32541e-23 8.70799 15.083)
(1.24368e-23 8.70176 15.0903)
(1.26366e-23 8.71698 15.1052)
(1.48363e-23 8.93309 15.5027)
(1.17062e-23 8.08318 14.0752)
(-4.3679e-26 8.23966 14.1804)
(7.429e-25 8.92059 15.3748)
(6.6479e-25 8.70165 15.0324)
(6.82372e-25 8.70362 15.0189)
(7.80314e-25 8.6985 15.0253)
(-3.81655e-24 8.70034 15.0269)
(-3.4589e-24 8.69872 15.0302)
(-3.30876e-24 8.69839 15.033)
(-3.43353e-24 8.6977 15.0361)
(-3.32039e-24 8.69712 15.0393)
(-3.20821e-24 8.69657 15.0428)
(-3.34225e-24 8.69617 15.0463)
(-3.23445e-24 8.69556 15.0503)
(-3.4147e-24 8.69586 15.054)
(-3.27739e-24 8.69426 15.0593)
(-3.45374e-24 8.69725 15.0619)
(-3.21338e-24 8.69129 15.07)
(-3.25565e-24 8.70425 15.0762)
(-3.89323e-24 8.85558 15.3705)
(-3.0106e-24 8.25515 14.3661)
(1.20417e-26 8.42319 14.4926)
(-1.92701e-25 8.83808 15.2311)
(-1.78389e-25 8.69069 15.012)
(-1.77106e-25 8.69522 15.0051)
(-2.08253e-25 8.69182 15.0089)
(9.98729e-25 8.69212 15.0105)
(9.02922e-25 8.69114 15.0126)
(8.76646e-25 8.69035 15.0148)
(9.16283e-25 8.68951 15.0171)
(8.79839e-25 8.68862 15.0196)
(8.46745e-25 8.68775 15.0224)
(8.93299e-25 8.68688 15.0254)
(8.51622e-25 8.68604 15.0287)
(8.82586e-25 8.68543 15.0321)
(8.65902e-25 8.68433 15.0364)
(9.02442e-25 8.68532 15.0397)
(8.48575e-25 8.68103 15.0469)
(8.58453e-25 8.69107 15.0483)
(1.01981e-24 8.77265 15.2324)
(7.7645e-25 8.42326 14.6449)
(-2.67886e-27 8.61058 14.8239)
(4.06923e-26 8.7527 15.0801)
(3.90933e-26 8.69281 15.0032)
(3.75334e-26 8.695 15.0014)
(4.53221e-26 8.69441 15.0021)
(-2.14657e-25 8.69407 15.0026)
(-1.94879e-25 8.69366 15.0031)
(-1.91869e-25 8.69304 15.0038)
(-2.01548e-25 8.69232 15.0046)
(-1.92009e-25 8.69143 15.0056)
(-1.84347e-25 8.69038 15.0067)
(-1.96252e-25 8.68914 15.008)
(-1.85838e-25 8.68772 15.0095)
(-1.88738e-25 8.68604 15.0113)
(-1.88232e-25 8.68416 15.0133)
(-1.92809e-25 8.68208 15.0156)
(-1.85638e-25 8.67892 15.0189)
(-1.87457e-25 8.67938 15.02)
(-2.18991e-25 8.69418 15.0844)
(-1.63922e-25 8.5934 14.8933)
(1.23275e-15 -0.0962159 -3.7726)
(1.55455e-15 0.0621811 -3.36697)
(3.11034e-16 0.31969 0.497711)
(1.00916e-16 -0.0428341 0.224003)
(-7.38869e-17 -0.219432 0.423952)
(-1.6252e-16 -0.361794 2.43264)
(8.4822e-17 -0.905373 4.15805)
(4.43231e-16 -1.15945 4.06955)
(6.69252e-16 -1.30758 4.23718)
(1.63574e-15 -2.15773 6.83607)
(8.17898e-16 -2.77518 6.07448)
(1.64642e-15 -2.93842 6.07263)
(2.91043e-15 -4.16907 8.3939)
(2.27347e-15 -4.30428 6.33189)
(2.04154e-15 -4.9126 6.29469)
(1.57774e-15 -4.89105 6.25271)
(1.08639e-15 -6.73132 9.11569)
(6.86273e-17 -6.27099 7.37859)
(-5.3827e-16 -6.81018 8.59142)
(-9.11658e-16 -9.58159 13.9507)
(1.70694e-16 -7.73765 13.1277)
(-6.91847e-16 -7.98952 14.1049)
(-1.61823e-15 -7.88072 13.3876)
(-2.95829e-15 -8.05648 12.9538)
(-3.67041e-15 -8.08995 12.8268)
(-3.33802e-15 -8.22334 13.1598)
(-2.39076e-15 -8.29766 13.7157)
(-1.5558e-15 -8.35402 14.1482)
(-1.25562e-15 -7.99342 13.8347)
(1.79735e-16 -7.83633 12.9669)
(1.22743e-15 -7.75476 12.6549)
(1.73509e-15 -7.74434 12.2753)
(2.18589e-15 -7.6548 12.0495)
(2.40907e-15 -7.54346 11.9786)
(2.31065e-15 -7.40164 12.0309)
(1.86114e-15 -7.21679 12.0715)
(1.71801e-15 -6.92997 11.8719)
(1.47755e-15 -6.60072 10.8933)
(9.98321e-16 -1.66896 -2.08916)
(8.58489e-16 -4.8749 2.21015)
(8.33064e-16 -2.03791 -3.60141)
(1.02175e-15 -6.3427 -0.748964)
(6.93871e-16 -3.78484 -1.96053)
(3.96735e-16 -3.7736 -1.48189)
(3.6751e-16 -4.43585 -2.27865)
(1.90361e-17 -2.93282 -1.78134)
(-1.03377e-16 -3.51558 -2.79291)
(-4.39907e-16 -2.55783 -2.61337)
(-5.52793e-16 -1.82506 -2.09479)
(-9.42967e-16 -2.24889 -2.98074)
(-1.04228e-15 -0.655033 -1.99068)
(-1.70615e-15 -1.09056 -3.07657)
(-1.952e-15 -0.210804 -2.22449)
(-1.1295e-15 0.76542 -1.2583)
(-1.80289e-15 0.445154 -0.804684)
(-2.33705e-15 1.14014 0.512301)
(-1.56599e-15 0.981206 0.566849)
(-1.76135e-15 0.998292 1.43731)
(-5.631e-16 0.477369 1.23922)
(-2.90803e-15 0.621083 1.24962)
(-4.25399e-17 -0.0719753 0.803168)
(-1.40949e-17 0.00797359 1.20815)
(5.87069e-17 0.201032 -0.758799)
(-3.26604e-17 -0.0586707 -0.687382)
(-3.06897e-16 -0.105356 1.04204)
(-5.8991e-16 -0.226643 2.78814)
(-9.35581e-16 -0.174155 4.61982)
(-1.12794e-15 -0.0485539 5.2199)
(-1.1768e-15 0.113731 4.66536)
(-1.17599e-15 0.285281 2.67343)
(-1.16144e-15 0.341481 -0.272224)
(-1.08559e-15 0.129446 -2.75503)
(-1.05762e-15 0.0838173 -3.60725)
(-8.61278e-16 0.249441 -5.11335)
(-5.51122e-16 0.416308 -8.34352)
(-3.52695e-16 0.189833 -12.357)
(-6.24444e-16 -0.637029 -12.5964)
(-5.8983e-16 -0.814359 -4.30928)
(-3.38848e-15 0.122469 4.91498)
(9.50729e-18 -0.267957 1.17826)
(1.70467e-16 0.100007 1.45023)
(1.19569e-16 0.418816 -0.993705)
(-2.52927e-16 -0.477502 0.159176)
(-8.362e-16 -0.507027 3.29778)
(-1.11154e-15 -0.546329 4.84745)
(-1.31377e-15 -0.253892 5.64316)
(-1.3119e-15 0.0785086 4.82107)
(-1.27323e-15 0.357647 3.98781)
(-1.24799e-15 0.7438 2.38582)
(-1.24776e-15 0.908296 -0.288421)
(-9.76774e-16 0.435796 -2.56255)
(-7.11734e-16 0.32786 -3.48954)
(1.79055e-16 0.775306 -4.66522)
(9.80883e-16 1.09288 -7.68448)
(1.61334e-15 0.777958 -10.9171)
(8.23914e-16 -1.08302 -14.5852)
(-4.44471e-16 -2.56711 -10.2283)
(-3.5137e-15 -0.984895 2.50655)
(3.62736e-17 -0.494215 0.724995)
(7.4322e-17 0.243639 1.6573)
(-1.21264e-16 0.603301 -0.620155)
(-3.77508e-16 -0.987932 0.181782)
(-1.05659e-15 -0.943132 3.74248)
(-1.26501e-15 -0.709878 4.49598)
(-1.31687e-15 -0.15444 4.12068)
(-1.18949e-15 0.265717 3.18505)
(-1.03681e-15 0.522171 3.01787)
(-1.01296e-15 1.13801 1.7667)
(-1.19867e-15 1.38136 -0.800106)
(-6.05308e-16 0.699974 -2.43498)
(2.02891e-16 0.480213 -2.89343)
(1.44329e-15 1.13768 -3.08135)
(2.09137e-15 1.71452 -5.76396)
(2.43157e-15 1.48571 -9.47883)
(2.39546e-15 -1.00446 -12.3349)
(3.38278e-16 -4.00286 -12.0385)
(-3.06862e-15 -2.36983 -1.2796)
(2.3606e-17 -0.692012 -0.100269)
(-1.2651e-16 0.290788 1.57603)
(-4.33625e-16 0.865228 0.0211848)
(-4.44358e-16 -1.42071 -0.47429)
(-1.12644e-15 -1.34062 3.27633)
(-1.31481e-15 -0.69148 3.39379)
(-1.16126e-15 0.0170899 2.49254)
(-7.22809e-16 0.313855 2.17568)
(-4.53509e-16 0.584605 2.64739)
(-5.70054e-16 1.52849 1.64479)
(-9.5914e-16 1.79551 -1.01584)
(1.18576e-16 0.820178 -1.84921)
(1.35441e-15 0.392829 -1.27158)
(1.97795e-15 1.39998 -0.737105)
(2.18996e-15 2.40862 -3.60669)
(2.41639e-15 2.13704 -7.51157)
(3.10215e-15 -0.755539 -9.98605)
(1.22261e-15 -4.81343 -11.6939)
(-2.12771e-15 -3.55714 -3.99276)
(-1.71227e-17 -0.768925 -0.751625)
(-1.16655e-16 0.164561 0.964403)
(-4.99978e-16 1.15277 0.541201)
(-5.1448e-16 -1.70371 -1.25394)
(-1.14875e-15 -1.70909 2.58138)
(-1.35411e-15 -0.608425 2.37647)
(-9.24827e-16 0.138169 1.39417)
(-1.85983e-16 0.249072 1.68321)
(1.55877e-16 0.573689 2.6178)
(-8.68311e-17 1.90771 1.77794)
(-4.86299e-16 2.12315 -0.584637)
(1.11445e-15 0.662827 -0.402657)
(1.98404e-15 0.152836 1.34696)
(1.82342e-15 1.70854 1.46047)
(1.99806e-15 3.11398 -1.31053)
(2.39442e-15 2.81307 -5.05425)
(3.14685e-15 -0.377997 -7.7628)
(1.94877e-15 -5.14115 -10.4148)
(-1.09605e-15 -4.51981 -5.44758)
(3.79858e-17 -0.681802 -1.06267)
(3.42105e-17 -0.142294 -0.246373)
(-2.3548e-16 1.37075 0.663223)
(-6.03563e-16 -1.86171 -1.80814)
(-1.17695e-15 -2.06011 2.05537)
(-1.42663e-15 -0.500021 1.5581)
(-1.04374e-15 0.192717 0.287358)
(8.38818e-17 0.0897375 1.3009)
(5.97222e-16 0.485219 2.56456)
(3.74743e-16 2.20037 1.91305)
(1.14663e-16 2.26968 0.449278)
(1.70303e-15 0.340901 1.56121)
(1.76232e-15 0.0535905 3.26039)
(1.60141e-15 1.98283 3.60129)
(1.819e-15 3.73496 1.27092)
(2.35159e-15 3.54119 -2.2898)
(2.88987e-15 0.00416377 -5.52595)
(2.44853e-15 -5.15061 -8.71285)
(-2.14001e-16 -5.20944 -5.85438)
(5.34658e-16 -0.464425 -0.966417)
(3.14766e-16 -0.312226 -0.916684)
(8.00103e-17 1.50557 0.720378)
(-7.1298e-16 -1.96551 -1.94169)
(-1.2297e-15 -2.38485 1.88708)
(-1.56351e-15 -0.336511 1.09884)
(-1.87394e-15 0.266062 -1.3893)
(-2.59889e-16 -0.186097 0.505988)
(8.79682e-16 0.341006 2.46253)
(8.02798e-16 2.3696 2.00931)
(6.20541e-16 2.22654 1.7939)
(1.7209e-15 0.0121821 3.28481)
(1.49789e-15 -0.195637 5.21889)
(1.31962e-15 2.15926 6.09574)
(1.59042e-15 4.31919 3.99785)
(2.25987e-15 4.38191 0.544461)
(3.06693e-15 0.439724 -3.60296)
(2.86431e-15 -4.91394 -6.82438)
(4.76497e-16 -5.64087 -5.5809)
(1.51162e-15 -0.352262 0.0630225)
(5.0717e-16 -0.426434 -0.867248)
(1.7992e-16 1.62155 1.08317)
(-8.65121e-16 -2.08669 -1.63693)
(-1.30984e-15 -2.67648 1.96833)
(-1.60902e-15 0.05864 1.07812)
(-1.76583e-15 0.381378 -1.89837)
(-8.41363e-16 -0.559525 -0.665493)
(9.64169e-16 0.0934319 2.14826)
(1.14431e-15 2.41241 1.97967)
(9.00383e-16 2.03239 3.10379)
(1.55703e-15 -0.380263 4.83361)
(1.20925e-15 -0.541082 7.26883)
(9.8373e-16 2.25605 8.73509)
(1.30778e-15 4.8859 6.80302)
(2.13567e-15 5.31455 3.32805)
(3.44348e-15 0.879252 -1.51542)
(3.23073e-15 -4.5404 -4.76524)
(1.01316e-15 -5.93784 -4.88007)
(2.15716e-15 -0.400898 1.03548)
(4.50173e-16 -0.441618 -0.506613)
(6.40383e-17 1.66372 1.57641)
(-1.04814e-15 -2.16445 -1.02631)
(-1.36597e-15 -2.89709 1.99633)
(-1.3943e-15 0.486669 0.118216)
(-1.51129e-15 0.62275 -2.76708)
(-1.32651e-15 -0.927888 -2.1966)
(4.40404e-16 -0.355618 1.16498)
(1.31991e-15 2.26137 1.76651)
(1.00053e-15 1.67708 4.15891)
(1.34326e-15 -0.830308 6.21003)
(9.04621e-16 -1.01445 9.3413)
(6.26803e-16 2.2795 11.3552)
(9.74299e-16 5.44035 9.55333)
(1.93384e-15 6.23116 6.05602)
(3.52368e-15 1.57913 1.04452)
(3.48847e-15 -4.07578 -2.53746)
(1.42403e-15 -5.99462 -3.76374)
(2.18309e-15 -0.487883 1.56163)
(3.63496e-16 -0.448373 0.00366483)
(-1.84048e-16 1.69405 2.12575)
(-1.22186e-15 -2.16048 -0.447893)
(-1.40824e-15 -2.97573 1.9236)
(-1.22449e-15 1.03547 -1.35972)
(-1.28359e-15 0.870542 -4.39683)
(-1.42282e-15 -1.27857 -3.8436)
(-2.28167e-16 -0.924111 -0.339721)
(1.27758e-15 1.86385 1.4596)
(1.02276e-15 1.16262 4.91982)
(1.12834e-15 -1.40041 7.39019)
(6.02682e-16 -1.61541 11.3042)
(2.4594e-16 2.24054 13.7295)
(5.62574e-16 5.97963 12.0554)
(1.60485e-15 7.13073 8.68717)
(3.43223e-15 2.35164 3.67522)
(3.6173e-15 -3.52252 -0.164305)
(1.69625e-15 -5.88628 -2.51631)
(2.05298e-15 -0.686302 1.90452)
(2.75687e-16 -0.517462 0.615647)
(-5.71573e-16 1.74358 2.72365)
(-1.35636e-15 -2.08336 -0.24785)
(-1.47338e-15 -2.81278 1.81119)
(-9.87674e-16 1.74131 -2.74735)
(-9.27191e-16 1.1204 -6.47008)
(-1.22174e-15 -1.6779 -5.55053)
(-4.48349e-16 -1.53185 -1.97125)
(1.07968e-15 1.21195 1.22014)
(1.01932e-15 0.515356 5.38247)
(9.3985e-16 -2.10379 8.28865)
(3.02639e-16 -2.33105 12.9881)
(-2.27339e-16 2.15683 15.5635)
(1.67083e-17 6.47939 14.0164)
(1.15915e-15 7.98006 11.0164)
(3.19744e-15 3.20726 6.27331)
(3.63018e-15 -2.8441 2.18931)
(1.87424e-15 -5.38781 -1.41234)
(1.9173e-15 -0.992226 2.18354)
(1.25286e-16 -0.636607 1.43292)
(-9.82933e-16 1.86616 3.33308)
(-1.43787e-15 -1.90478 -0.419242)
(-1.57338e-15 -2.58445 1.82039)
(-6.50571e-16 2.67452 -4.09947)
(-3.82426e-16 1.40952 -8.61242)
(-8.68334e-16 -2.15396 -7.46054)
(-3.40239e-16 -2.29197 -3.59732)
(8.70706e-16 0.388334 0.855564)
(9.92171e-16 -0.200519 5.35662)
(7.92655e-16 -2.92907 8.82049)
(-3.0687e-17 -3.12552 14.2055)
(-9.18282e-16 2.06304 16.5397)
(-7.2807e-16 6.91521 15.124)
(5.91241e-16 8.7237 12.8192)
(2.85995e-15 4.01212 8.69881)
(3.42787e-15 -2.06608 4.41472)
(1.92285e-15 -5.10939 0.231633)
(1.78672e-15 -1.41678 2.49867)
(-8.22845e-17 -0.795211 2.48354)
(-1.13545e-15 2.10192 3.86809)
(-1.48365e-15 -1.73784 -0.807153)
(-1.75235e-15 -2.14802 2.33854)
(-2.5148e-16 4.00353 -5.05842)
(2.00718e-16 1.83285 -9.96699)
(-4.22224e-16 -2.65908 -9.41487)
(-1.24039e-16 -3.18053 -5.39151)
(7.49892e-16 -0.60286 -0.743598)
(9.5289e-16 -0.969825 4.16057)
(6.91112e-16 -3.89669 8.95118)
(-4.43258e-16 -3.93898 14.8006)
(-1.88129e-15 1.99697 16.4291)
(-1.62429e-15 7.24594 15.1653)
(-9.62292e-17 9.2995 13.9083)
(2.44783e-15 4.82759 10.9209)
(3.32435e-15 -1.28491 5.69566)
(2.20725e-15 -3.88989 0.40627)
(1.64286e-15 -1.98433 2.90626)
(-2.43079e-16 -0.956781 3.67424)
(-8.19278e-16 2.5571 4.2544)
(-1.38147e-15 -1.5118 -1.8837)
(-1.78543e-15 -1.84827 1.19653)
(9.81714e-17 5.25447 -5.23404)
(5.58716e-16 2.32704 -9.75405)
(2.12355e-17 -3.0615 -10.8176)
(1.57726e-16 -4.01643 -7.27877)
(9.63488e-16 -1.57039 -3.48356)
(9.05817e-16 -1.99552 1.87226)
(6.27234e-16 -5.06903 8.76747)
(-9.30169e-16 -4.69892 14.7468)
(-2.91746e-15 1.99412 15.2962)
(-2.42564e-15 7.43209 14.242)
(-8.3479e-16 9.61454 14.1957)
(1.91426e-15 5.79265 13.0776)
(2.67579e-15 0.145407 6.83716)
(1.03162e-15 -3.66024 5.4079)
(1.48408e-15 -2.70947 3.3932)
(-2.34456e-16 -1.12496 4.82614)
(-2.23745e-16 3.22082 4.52976)
(-1.18542e-15 -1.02762 -2.86301)
(-1.40194e-15 -1.66282 -1.86031)
(3.15154e-16 6.13411 -4.64994)
(5.70218e-16 2.92812 -8.44506)
(3.50109e-16 -3.18835 -11.3827)
(5.02008e-16 -4.6724 -9.00267)
(1.30578e-15 -2.46115 -5.98298)
(8.68993e-16 -3.3144 -0.177491)
(5.86404e-16 -6.4401 8.52828)
(-1.39973e-15 -5.33357 14.1881)
(-3.6032e-15 2.07959 13.6191)
(-2.84884e-15 7.47574 12.9058)
(-1.51694e-15 9.55205 13.8313)
(1.34498e-15 6.18384 15.2859)
(2.00624e-15 -0.00295992 11.5433)
(2.61796e-16 -5.03785 9.58229)
(1.33278e-15 -3.59953 4.03091)
(-8.31394e-17 -1.27539 6.0288)
(1.66714e-16 4.11571 4.92674)
(-6.18558e-16 -0.0664858 -3.82667)
(-8.76812e-16 -1.63852 -3.78104)
(3.7287e-16 6.60075 -3.70744)
(4.11004e-16 3.6217 -7.07926)
(4.9211e-16 -2.99148 -11.068)
(8.56048e-16 -5.11303 -10.2224)
(1.63831e-15 -3.3398 -7.83517)
(8.18784e-16 -4.85707 -1.02143)
(5.51308e-16 -7.89169 8.44304)
(-1.7451e-15 -5.80467 13.3532)
(-3.70533e-15 2.22154 12.0645)
(-2.88472e-15 7.40408 11.8597)
(-2.06064e-15 9.17673 13.2079)
(7.89821e-16 6.23449 16.2964)
(3.04742e-15 0.839475 14.8548)
(1.25318e-15 -4.47677 10.4552)
(1.2034e-15 -4.68855 4.95599)
(-9.50374e-18 -1.39972 7.40875)
(9.32326e-17 5.16722 5.58298)
(2.79859e-16 1.03062 -3.67476)
(-7.25247e-17 -1.77563 -4.13562)
(3.42505e-16 6.89457 -2.80448)
(3.83289e-16 4.35736 -6.36072)
(5.00244e-16 -2.57468 -10.1003)
(1.16405e-15 -5.33678 -10.6538)
(1.87638e-15 -4.28666 -8.69223)
(7.21167e-16 -6.55425 -0.399333)
(5.05512e-16 -9.26181 8.47589)
(-1.94696e-15 -6.12771 12.4307)
(-3.48065e-15 2.35398 11.0104)
(-2.81998e-15 7.27089 11.3585)
(-2.43189e-15 8.69533 12.789)
(-9.66715e-17 5.86738 16.2025)
(2.95333e-15 1.31705 16.3194)
(2.95874e-15 -3.52917 11.2769)
(1.11887e-15 -6.03617 6.2246)
(-5.44507e-17 -1.48824 8.98975)
(-2.30513e-16 6.31922 6.48414)
(3.67453e-17 2.01563 -3.02461)
(2.33082e-16 -1.99359 -4.02247)
(2.50763e-16 7.1667 -2.01606)
(4.61255e-16 5.05615 -6.07961)
(4.98949e-16 -2.12092 -8.87008)
(1.43645e-15 -5.41224 -10.2783)
(1.90511e-15 -5.35746 -8.12422)
(5.79182e-16 -8.29171 1.36405)
(4.3396e-16 -10.4029 8.42953)
(-2.0664e-15 -6.35785 11.5157)
(-3.28774e-15 2.41828 10.3335)
(-2.8718e-15 7.08174 11.1173)
(-2.75658e-15 8.24938 12.7912)
(-7.12334e-16 5.47893 15.6038)
(1.8093e-15 1.66917 15.4987)
(2.54595e-15 -2.68195 11.5749)
(1.06891e-15 -7.68668 7.59706)
(-2.12636e-16 -1.56252 10.8148)
(-4.43268e-16 7.60813 7.61769)
(-3.19618e-16 3.19258 -2.47707)
(1.57609e-16 -2.16827 -4.35446)
(1.41286e-16 7.40286 -1.43532)
(4.28874e-16 5.70604 -5.81427)
(5.51722e-16 -1.74688 -7.73935)
(1.70603e-15 -5.50197 -9.27165)
(1.58991e-15 -6.5645 -5.83896)
(4.51936e-16 -9.88245 3.41925)
(3.19619e-16 -11.2388 8.15937)
(-2.16584e-15 -6.54242 10.6036)
(-3.16258e-15 2.40706 9.64614)
(-2.91777e-15 6.81265 10.707)
(-3.1847e-15 7.84067 12.9973)
(-1.08165e-15 5.32387 15.4882)
(1.9357e-15 2.07386 12.7834)
(3.97309e-16 -1.58275 9.21633)
(1.00139e-15 -9.67852 9.19487)
(-4.24951e-16 -1.60727 12.8659)
(-5.23552e-16 9.0258 9.07931)
(-7.06888e-16 4.53869 -1.64205)
(-3.93196e-17 -2.32513 -5.03563)
(4.91592e-17 7.53657 -1.18334)
(2.84977e-16 6.31656 -5.40576)
(6.63976e-16 -1.47791 -6.88452)
(1.91881e-15 -5.80441 -7.69697)
(9.08559e-16 -7.86209 -2.16876)
(3.78132e-16 -11.0983 4.87911)
(1.46726e-16 -11.7941 7.66167)
(-2.2824e-15 -6.69254 9.65126)
(-3.05333e-15 2.3476 8.80781)
(-2.75326e-15 6.44264 9.96339)
(-3.5289e-15 7.32569 12.7644)
(-2.40361e-15 5.47571 16.2554)
(3.47649e-15 3.04655 11.8533)
(3.30736e-15 -0.406584 4.19269)
(-1.02466e-27 -2.62012 17.0634)
(-4.44878e-26 -8.04403 13.7091)
(-1.49533e-25 -5.17974 14.5572)
(-1.89738e-25 -4.98275 14.1719)
(4.21703e-25 -4.06479 14.1351)
(2.89128e-24 -3.50269 13.9673)
(8.63103e-24 -2.93415 13.8167)
(1.82245e-23 -2.47083 13.6336)
(3.02007e-23 -2.0681 13.4278)
(4.01519e-23 -1.73424 13.1908)
(4.12491e-23 -1.46402 12.9237)
(2.83465e-23 -1.26188 12.6302)
(5.58426e-24 -1.13196 12.3165)
(-8.44476e-24 -1.08649 11.9825)
(1.58671e-23 -1.14195 11.6224)
(1.08813e-22 -1.2661 11.2488)
(2.78153e-22 -1.48327 10.8031)
(4.46157e-22 -2.08419 9.93343)
(4.07723e-22 -2.30693 8.51681)
(9.60548e-23 0.234562 6.33924)
(9.0006e-27 -11.1571 28.5308)
(-6.14774e-26 -17.107 24.9779)
(-5.75928e-25 -12.0478 25.3645)
(-1.34791e-24 -12.7499 23.6164)
(9.1525e-25 -11.0204 22.847)
(1.36552e-23 -10.387 21.7276)
(4.4757e-23 -9.42111 20.7853)
(9.37054e-23 -8.68419 19.8142)
(1.41944e-22 -7.95994 18.8952)
(1.55221e-22 -7.32876 17.9995)
(1.08798e-22 -6.74967 17.1232)
(2.42806e-23 -6.21455 16.2248)
(-2.65706e-23 -5.69484 15.2591)
(1.58194e-23 -5.1718 14.1787)
(7.41256e-23 -4.61156 12.9014)
(-2.90866e-22 -3.89147 11.2216)
(-2.25994e-21 -2.75613 8.66462)
(-7.73368e-21 -0.932117 4.52292)
(-1.67253e-20 1.44513 -0.933611)
(-2.09649e-20 2.22911 -4.3161)
(2.49353e-26 -13.9562 30.2419)
(-7.8256e-27 -18.0409 27.2233)
(-1.16551e-24 -13.2223 27.1224)
(-2.65917e-24 -14.2783 24.6349)
(2.56198e-24 -12.1354 23.6631)
(2.6966e-23 -11.7236 21.9764)
(7.69679e-23 -10.6005 20.7115)
(1.37333e-22 -9.88958 19.3363)
(1.68687e-22 -9.08428 18.0845)
(1.3664e-22 -8.39027 16.8347)
(5.44208e-23 -7.70973 15.5965)
(-1.13505e-23 -7.07616 14.3053)
(5.65706e-24 -6.46366 12.9285)
(1.24054e-22 -5.85606 11.4486)
(3.26908e-22 -5.22066 9.84892)
(4.8363e-22 -4.47233 7.96065)
(-1.10282e-22 -3.26668 5.35475)
(6.06285e-23 -1.63141 1.68992)
(-2.68478e-20 0.0790228 -1.57872)
(-4.24869e-20 0.575233 -2.74352)
(1.04969e-25 -15.0523 30.3613)
(-6.41664e-25 -18.1006 27.9145)
(-2.52204e-24 -13.9736 27.4269)
(-4.27649e-24 -14.9783 24.7843)
(4.52036e-24 -12.6903 23.8461)
(4.04075e-23 -12.4336 21.9921)
(1.02996e-22 -11.1584 20.7662)
(1.45419e-22 -10.4596 19.3485)
(7.30409e-23 -9.52591 18.0926)
(-1.54678e-22 -8.65608 16.697)
(-3.59565e-22 -7.61904 15.0741)
(-1.69041e-22 -6.49949 13.1436)
(5.41724e-22 -5.4337 11.133)
(9.99884e-22 -4.55827 9.26959)
(-8.92573e-22 -3.73382 7.39915)
(-8.24549e-21 -2.83066 5.25941)
(-2.30379e-20 -2.15475 3.1317)
(-5.19651e-20 -2.79047 2.49117)
(-8.10309e-20 0.380196 -1.2234)
(-4.51015e-20 -3.15834 5.77257)
(-3.26453e-25 -15.9809 31.3418)
(2.7328e-24 -18.4081 29.0041)
(2.64382e-24 -14.7716 28.4851)
(-6.0575e-25 -15.5896 25.9503)
(3.18875e-24 -13.2982 25.0575)
(3.4544e-23 -13.1296 23.2198)
(1.01805e-22 -11.7636 22.1231)
(1.31096e-22 -11.1543 20.7669)
(-3.9719e-23 -10.1654 19.6131)
(-4.99197e-22 -9.24989 18.1679)
(-9.59049e-22 -7.9279 16.2424)
(-7.43734e-22 -6.26322 13.5955)
(3.34459e-22 -4.42849 10.637)
(1.15289e-21 -2.84157 7.95674)
(2.46815e-22 -1.43763 5.46504)
(-5.13346e-21 0.182748 2.5265)
(-2.14801e-20 2.14175 -1.00065)
(-4.88201e-20 3.67428 -4.0113)
(-7.51211e-20 3.97227 -4.53429)
(-6.14382e-20 1.17735 -0.906631)
(2.04735e-24 -16.4614 31.636)
(-1.22863e-23 -19.2566 30.3715)
(-2.46261e-23 -15.4268 29.3365)
(-2.73114e-23 -16.4069 26.795)
(-4.58301e-24 -14.0399 25.9633)
(7.25342e-23 -14.1559 24.0174)
(1.75002e-22 -12.7228 22.9945)
(2.29014e-22 -12.3727 21.5576)
(9.95368e-23 -11.4587 20.4523)
(-3.27981e-22 -10.8021 19.0445)
(-9.32137e-22 -9.72389 17.3034)
(-1.23938e-21 -8.30237 14.8408)
(-8.63327e-22 -6.44896 11.8159)
(-2.4799e-22 -4.53062 8.68597)
(8.81992e-23 -2.73048 5.71243)
(4.12184e-22 -0.764648 2.57938)
(1.10604e-21 1.12562 -0.11644)
(-6.4188e-22 1.39055 -1.73619)
(-4.83145e-20 4.42735 -5.2024)
(-7.7503e-20 3.73645 -7.71211)
(-8.61295e-24 -15.9102 29.7114)
(4.39001e-23 -19.9436 31.5442)
(9.20936e-23 -15.9808 29.3166)
(9.5616e-23 -16.6062 26.5999)
(3.57603e-23 -14.5713 25.5988)
(-1.13435e-22 -14.5734 23.6233)
(-2.5052e-22 -13.3557 22.4008)
(-2.93779e-22 -12.9415 20.8434)
(-2.99199e-22 -12.1789 19.5436)
(-4.05117e-22 -11.598 18.1015)
(-6.9402e-22 -10.8488 16.5479)
(-1.0185e-21 -9.9329 14.6908)
(-9.88236e-22 -8.73821 12.5136)
(-3.53386e-22 -7.32116 10.0962)
(5.85216e-22 -5.74333 7.58801)
(9.90216e-22 -4.08917 5.00017)
(-4.52014e-22 -2.2434 2.44364)
(-3.70614e-21 -0.430408 -0.515318)
(-8.09374e-20 2.2335 -3.4418)
(3.45131e-20 2.76807 -7.11894)
(3.06192e-23 -14.5904 26.4998)
(-1.07884e-22 -19.8053 31.7635)
(-3.00093e-22 -16.1788 28.8132)
(-3.48487e-22 -16.0452 25.7397)
(-1.9491e-22 -14.3423 24.4706)
(2.66777e-22 -14.0524 22.537)
(1.05704e-21 -12.9876 21.1302)
(1.69477e-21 -12.3811 19.5024)
(1.94621e-21 -11.6089 18.0358)
(1.92082e-21 -10.9235 16.5231)
(2.08234e-21 -10.1946 14.9945)
(2.74916e-21 -9.41435 13.393)
(2.82585e-21 -8.53522 11.7044)
(-2.91152e-22 -7.54292 9.92083)
(-8.42982e-21 -6.41224 8.06639)
(-2.02336e-20 -5.19045 6.13275)
(-3.45153e-20 -3.77301 4.1362)
(-5.3989e-20 -2.26871 1.8152)
(-1.0408e-19 0.0577292 -0.786565)
(2.94048e-19 1.31908 -4.47364)
(-8.68693e-23 -13.2428 23.6355)
(-1.38383e-22 -19.1421 31.3003)
(4.23258e-22 -16.1222 28.2825)
(6.65672e-22 -15.3461 24.9199)
(8.40863e-22 -13.8343 23.4008)
(1.23449e-21 -13.3466 21.5533)
(-1.41261e-21 -12.3815 20.0846)
(-4.72979e-21 -11.6765 18.4743)
(-6.83153e-21 -10.8913 16.9661)
(-7.74723e-21 -10.1548 15.4761)
(-1.05557e-20 -9.42772 14.0328)
(-1.91822e-20 -8.70928 12.6324)
(-2.83657e-20 -7.98992 11.2725)
(-1.87195e-20 -7.26076 9.93876)
(3.15525e-20 -6.48586 8.61335)
(1.27848e-19 -5.66658 7.25716)
(2.61232e-19 -4.7021 5.87313)
(4.29055e-19 -3.66129 4.32291)
(5.84056e-19 -1.97792 2.43652)
(7.80545e-19 -0.273511 -1.1404)
(2.345e-22 -12.4044 22.0987)
(3.90879e-21 -18.37 30.5815)
(2.9677e-21 -15.8068 27.7035)
(2.03139e-21 -14.7401 24.2156)
(-3.36142e-21 -13.289 22.5458)
(-2.01498e-20 -12.7292 20.7178)
(-1.39533e-20 -11.7994 19.2264)
(1.39299e-21 -11.107 17.6476)
(1.41441e-20 -10.3797 16.1956)
(2.41235e-20 -9.73261 14.8083)
(4.84187e-20 -9.12695 13.4818)
(1.08263e-19 -8.5487 12.1951)
(1.78221e-19 -7.98698 10.9284)
(1.68908e-19 -7.42629 9.69186)
(-2.3214e-20 -6.87403 8.54194)
(-4.10434e-19 -6.35973 7.61715)
(-8.00307e-19 -5.88917 7.05048)
(-7.41643e-19 -5.41881 6.73198)
(1.99219e-19 -4.45817 6.13748)
(1.54318e-18 -2.38534 3.03697)
(-9.28844e-22 -12.1691 21.7129)
(-3.00573e-20 -17.4977 29.6568)
(-3.23806e-20 -15.0977 26.5857)
(-3.06505e-20 -13.9265 23.1595)
(1.04037e-20 -12.4214 21.4823)
(1.58891e-19 -11.7688 19.5784)
(1.64571e-19 -10.6525 18.0689)
(1.08339e-19 -9.86413 16.3873)
(4.13075e-20 -8.94453 14.819)
(-3.98896e-20 -8.17248 13.2132)
(-1.75449e-19 -7.43781 11.6604)
(-3.99786e-19 -6.8276 10.1833)
(-6.10542e-19 -6.36437 8.87595)
(-5.80693e-19 -6.12264 7.92208)
(-3.12373e-19 -6.22741 7.59918)
(-6.7661e-19 -6.667 8.12807)
(-2.80678e-18 -7.393 9.399)
(-6.13366e-18 -7.83572 10.9093)
(-7.82304e-18 -7.63675 11.3611)
(-5.64891e-18 -5.19706 8.7264)
(2.2593e-21 -13.1886 23.7594)
(1.64521e-19 -16.6713 29.0679)
(1.93517e-19 -14.3686 26.1262)
(1.97184e-19 -13.2557 23.6004)
(-2.03929e-20 -11.8402 22.2181)
(-8.15757e-19 -10.9242 20.6401)
(-9.95113e-19 -9.55699 19.114)
(-8.29788e-19 -8.22261 17.1255)
(-5.32823e-19 -6.64137 14.9241)
(-2.82659e-19 -5.11344 12.5433)
(-4.23763e-19 -3.5969 10.1613)
(-7.87552e-19 -2.23122 7.8786)
(2.73818e-19 -1.14811 5.97563)
(5.47509e-18 -0.623016 4.87301)
(1.50055e-17 -0.981865 5.11048)
(2.29749e-17 -2.4671 7.08613)
(2.22968e-17 -4.93458 10.5451)
(1.61981e-17 -7.61132 14.2072)
(1.78344e-17 -9.29349 15.876)
(2.30677e-17 -6.60784 12.3618)
(2.4295e-20 -15.0133 27.0412)
(-6.76555e-19 -18.1576 30.9748)
(-8.15656e-19 -15.0677 27.5252)
(-9.42475e-19 -14.3157 25.8195)
(-8.63184e-19 -13.1399 24.9585)
(2.54611e-18 -12.3435 23.7201)
(4.3809e-18 -10.9933 22.2789)
(4.90496e-18 -9.52515 20.1952)
(5.26345e-18 -7.718 17.8168)
(5.1693e-18 -5.93667 15.3052)
(3.73337e-18 -4.11539 12.8232)
(-7.53897e-20 -2.31504 10.3079)
(-4.04671e-18 -0.519197 7.79249)
(2.12655e-18 1.12989 5.3925)
(2.84751e-17 2.43217 3.34857)
(5.79812e-17 3.11851 1.92818)
(4.22259e-17 2.81308 1.59766)
(-4.76057e-17 0.951674 3.14201)
(-1.51911e-16 -2.2265 6.49994)
(-1.09163e-16 -3.43605 7.77669)
(-4.88541e-20 -14.0533 24.7249)
(2.32637e-18 -20.7737 33.7504)
(2.67739e-18 -18.2523 31.0521)
(2.64369e-18 -16.6839 28.1942)
(4.54229e-18 -15.4408 26.9936)
(-5.13882e-18 -14.8547 25.8231)
(-1.22373e-17 -13.8031 24.5366)
(-1.45034e-17 -12.6746 22.6306)
(-1.61783e-17 -11.1233 20.3799)
(-1.81438e-17 -9.53386 17.8917)
(-2.15487e-17 -7.84305 15.3818)
(-2.77407e-17 -6.13893 12.7861)
(-3.42194e-17 -4.34246 10.0881)
(-3.0816e-17 -2.48617 7.26276)
(-3.19983e-19 -0.594593 4.35088)
(6.18353e-17 1.22116 1.51778)
(9.66636e-17 2.59278 -0.765283)
(-6.92681e-17 3.71679 -2.87038)
(-5.23161e-16 4.80164 -5.05971)
(-5.15959e-16 2.70402 -4.09408)
(-2.92035e-19 -9.51854 16.0772)
(-8.2564e-18 -19.4157 30.5377)
(-7.28437e-18 -20.4554 32.7883)
(-8.07547e-18 -18.947 30.2047)
(-1.20297e-17 -17.2796 27.7512)
(2.25363e-17 -16.3655 25.9122)
(3.89662e-17 -15.522 24.4165)
(4.45558e-17 -14.7104 22.7496)
(5.10707e-17 -13.6771 20.8759)
(5.72065e-17 -12.5219 18.7932)
(6.48309e-17 -11.2405 16.6084)
(7.80257e-17 -9.88797 14.3514)
(9.55822e-17 -8.44928 12.0443)
(1.13711e-16 -6.92885 9.67861)
(1.30219e-16 -5.29963 7.26579)
(1.42501e-16 -3.59125 4.7778)
(1.53242e-16 -1.72692 2.29689)
(1.01395e-16 0.0641225 -0.577277)
(-6.52267e-16 2.65823 -3.30706)
(1.32341e-15 2.87246 -7.36762)
(4.66361e-18 -4.55435 7.31705)
(2.86603e-17 -16.2637 26.3244)
(1.81497e-17 -19.8836 32.7582)
(2.32014e-17 -18.8438 30.802)
(2.5044e-17 -16.9456 27.5557)
(-1.22852e-16 -15.6687 25.0493)
(-1.14208e-16 -14.7343 23.21)
(-1.20622e-16 -13.9476 21.5359)
(-1.42842e-16 -13.1093 19.8324)
(-1.5643e-16 -12.1898 18.0254)
(-1.69125e-16 -11.1826 16.1362)
(-2.11283e-16 -10.1086 14.1971)
(-2.75251e-16 -8.97716 12.2428)
(-3.61039e-16 -7.80383 10.2872)
(-4.57934e-16 -6.56553 8.34553)
(-5.44494e-16 -5.28611 6.37689)
(-6.59341e-16 -3.83116 4.36286)
(-8.22331e-16 -2.32798 2.02945)
(-1.40273e-15 0.0746101 -0.715156)
(4.98658e-15 1.50329 -4.70688)
(-2.34141e-17 -3.30972 5.17161)
(-1.09681e-16 -15.1644 26.3542)
(-7.13771e-17 -18.5157 32.2583)
(-8.09532e-17 -17.3065 29.7976)
(-9.32689e-17 -15.4173 26.3573)
(4.79313e-16 -14.1024 23.7224)
(3.32842e-16 -13.1431 21.8155)
(4.52397e-16 -12.3694 20.1694)
(4.95794e-16 -11.6049 18.5852)
(6.2565e-16 -10.81 16.9743)
(6.11875e-16 -9.96932 15.3341)
(6.31994e-16 -9.09276 13.6855)
(8.07855e-16 -8.18684 12.0565)
(9.81873e-16 -7.26885 10.4603)
(1.12897e-15 -6.3172 8.90744)
(1.55267e-15 -5.35616 7.34732)
(2.00833e-15 -4.26241 5.75573)
(2.5302e-15 -3.13994 3.92365)
(3.27974e-15 -1.28578 1.61313)
(1.12859e-14 0.301722 -2.13376)
(2.50122e-17 -5.11937 8.51538)
(4.68496e-16 -15.4823 27.6907)
(2.99121e-16 -17.7778 31.3911)
(3.61724e-16 -16.3353 28.4605)
(5.12728e-16 -14.5722 25.1323)
(1.05984e-15 -13.3146 22.569)
(4.07425e-16 -12.3725 20.6892)
(3.50958e-16 -11.6297 19.0935)
(4.46816e-16 -10.9201 17.6151)
(5.05942e-16 -10.2159 16.1668)
(5.83447e-16 -9.49527 14.7404)
(8.30491e-16 -8.76248 13.3405)
(1.10248e-15 -8.02065 11.9869)
(1.44555e-15 -7.28262 10.6723)
(1.83008e-15 -6.52112 9.38104)
(2.1382e-15 -5.76003 8.0758)
(2.5103e-15 -4.92551 6.81866)
(2.98312e-15 -4.14025 5.55456)
(3.30386e-15 -2.91445 4.21595)
(4.45756e-15 -0.992583 0.512713)
(1.70642e-16 -5.96375 9.39197)
(1.88714e-15 -15.613 27.7632)
(1.17128e-15 -16.9199 29.3589)
(1.39951e-15 -15.1378 26.2428)
(1.51487e-15 -13.5121 23.1572)
(2.29148e-15 -12.2756 20.7971)
(1.82881e-15 -11.3701 19.0411)
(1.99649e-15 -10.6638 17.5882)
(2.37146e-15 -10.0269 16.2906)
(2.8767e-15 -9.42956 15.0621)
(3.39321e-15 -8.84997 13.8733)
(3.84186e-15 -8.28585 12.7261)
(4.6812e-15 -7.71741 11.5582)
(5.32138e-15 -7.12757 10.352)
(5.60355e-15 -6.52645 9.14581)
(5.55922e-15 -5.99196 8.07319)
(6.09819e-15 -5.55584 7.3835)
(6.48871e-15 -5.28438 7.09692)
(6.65716e-15 -4.69758 6.94141)
(8.46635e-15 -2.77809 3.91105)
(5.24121e-17 -6.95536 11.7742)
(2.51594e-15 -16.6454 29.0006)
(1.88125e-15 -18.0301 30.1214)
(2.01756e-15 -16.3824 26.9187)
(2.11916e-15 -14.7936 23.616)
(3.04506e-15 -13.51 21.0823)
(3.19454e-15 -12.5537 19.1646)
(3.32725e-15 -11.7687 17.5868)
(3.57195e-15 -11.0265 16.1606)
(3.80456e-15 -10.2901 14.7721)
(3.78457e-15 -9.51425 13.4207)
(3.3809e-15 -8.68686 11.9541)
(3.04794e-15 -7.8498 10.583)
(2.53236e-15 -7.03509 9.29861)
(1.96556e-15 -6.34807 8.24027)
(2.25817e-15 -5.96987 7.80678)
(4.15151e-15 -6.15044 8.38215)
(6.63311e-15 -6.72457 9.88904)
(7.70188e-15 -7.14941 11.0618)
(8.3447e-15 -5.10928 8.64795)
)
;

boundaryField
{
    outletWallLeft
    {
        type            noSlip;
    }
    fineWallsLeft
    {
        type            noSlip;
    }
    fineFrontAndBackLeft
    {
        type            zeroGradient;
    }
    fineplugLeft
    {
        type            cyclicAMI;
        value           nonuniform List<vector> 
20
(
(-2.28451e-16 4.99737 8.16923)
(-7.7558e-15 9.02288 14.9496)
(-5.77799e-15 8.91351 15.0232)
(-5.6714e-15 8.77435 14.5936)
(-5.57693e-15 8.78049 14.5999)
(-8.50235e-15 8.85301 14.6921)
(-6.22577e-15 8.90508 14.7879)
(-5.45344e-15 8.95368 14.8712)
(-5.42555e-15 8.99741 14.9566)
(-5.79618e-15 9.01787 15.0332)
(-5.95447e-15 9.07812 15.1452)
(-6.13745e-15 9.25462 15.2002)
(-5.76006e-15 9.24579 15.4732)
(-5.7905e-15 9.26822 15.6033)
(-5.78824e-15 9.27481 15.7025)
(-5.43167e-15 9.23655 15.8096)
(-5.87281e-15 9.25004 15.8803)
(-5.71922e-15 9.29536 16.2403)
(-5.48189e-15 9.77838 16.9485)
(-8.02132e-15 6.56972 11.8374)
)
;
    }
    symmetryWallLeft
    {
        type            cyclicAMI;
        value           nonuniform List<vector> 
20
(
(1.0127e-15 -0.122167 -3.45971)
(5.88436e-15 0.737717 4.70907)
(2.01539e-15 3.69939 12.9343)
(-3.56747e-15 5.43762 16.1971)
(-3.32446e-15 6.97324 12.1216)
(-2.58603e-15 6.24829 9.49566)
(-3.07414e-15 2.31254 8.38765)
(-2.36696e-15 -6.75012 9.14541)
(2.70704e-17 -11.9732 7.33095)
(3.46308e-16 -11.4732 5.16776)
(5.07047e-16 -8.46739 -0.341307)
(1.9143e-15 -6.11415 -6.55425)
(7.496e-16 -1.41817 -6.54862)
(2.18339e-16 6.59665 -5.12185)
(1.73967e-17 7.54591 -1.25098)
(-1.6806e-16 -2.36231 -5.34627)
(-8.90103e-16 5.33028 -0.967327)
(-4.70688e-16 9.79893 10.0292)
(-4.89766e-16 -1.6558 14.2117)
(9.32131e-16 -10.862 9.44738)
)
;
    }
    inletOutletLeft
    {
        type            cyclicAMI;
        value           nonuniform List<vector> 
20
(
(-8.02132e-15 6.56972 11.8374)
(-5.48189e-15 9.77838 16.9485)
(-5.71922e-15 9.29536 16.2403)
(-5.87281e-15 9.25004 15.8803)
(-5.43167e-15 9.23655 15.8096)
(-5.78824e-15 9.27481 15.7025)
(-5.7905e-15 9.26822 15.6033)
(-5.76006e-15 9.24579 15.4732)
(-6.13745e-15 9.25462 15.2002)
(-5.95447e-15 9.07812 15.1452)
(-5.79618e-15 9.01787 15.0332)
(-5.42555e-15 8.99741 14.9566)
(-5.45344e-15 8.95368 14.8712)
(-6.22577e-15 8.90508 14.7879)
(-8.50235e-15 8.85301 14.6921)
(-5.57693e-15 8.78049 14.5999)
(-5.6714e-15 8.77435 14.5936)
(-5.77799e-15 8.91351 15.0232)
(-7.7558e-15 9.02288 14.9496)
(-2.28451e-16 4.99737 8.16923)
)
;
    }
    inletLeft
    {
        type            fixedValue;
        value           uniform (0 8.7 15);
    }
    inletWallsLeft
    {
        type            noSlip;
    }
    inletFacesLeft
    {
        type            zeroGradient;
    }
    fineWallsRight
    {
        type            noSlip;
    }
    outletWallRight
    {
        type            noSlip;
    }
    fineplugRight
    {
        type            cyclicAMI;
        value           nonuniform List<vector> 
20
(
(6.7099e-15 -5.63495 9.5439)
(6.02314e-15 -7.31743 11.6704)
(4.98284e-15 -6.9558 10.5887)
(2.72955e-15 -6.53164 9.29648)
(1.07246e-15 -6.39388 8.81079)
(9.04847e-16 -6.72313 9.22419)
(1.54774e-15 -7.2876 10.182)
(2.12719e-15 -7.95064 11.296)
(2.84233e-15 -8.60632 12.1726)
(3.0636e-15 -9.17867 13.3299)
(3.28913e-15 -9.78305 14.3487)
(3.20458e-15 -10.3701 15.3835)
(3.09898e-15 -10.9459 16.4793)
(3.03744e-15 -11.5516 17.7274)
(2.89818e-15 -12.2883 19.272)
(2.06755e-15 -13.2782 21.3071)
(1.95765e-15 -14.4919 23.9093)
(1.80051e-15 -15.7442 26.2757)
(2.33966e-15 -14.9058 25.3893)
(2.13628e-16 -6.53927 9.86141)
)
;
    }
    fineFrontAndBackRight
    {
        type            zeroGradient;
    }
    symmetryWallRight
    {
        type            cyclicAMI;
        value           nonuniform List<vector> 
20
(
(1.0127e-15 -0.122167 -3.45971)
(5.88436e-15 0.737717 4.70907)
(2.01539e-15 3.69939 12.9343)
(-3.56747e-15 5.43762 16.1971)
(-3.32446e-15 6.97324 12.1216)
(-2.58603e-15 6.24829 9.49566)
(-3.07414e-15 2.31254 8.38765)
(-2.36696e-15 -6.75012 9.14541)
(2.70704e-17 -11.9732 7.33095)
(3.46308e-16 -11.4732 5.16776)
(5.07047e-16 -8.46739 -0.341307)
(1.9143e-15 -6.11415 -6.55425)
(7.496e-16 -1.41817 -6.54862)
(2.18339e-16 6.59665 -5.12185)
(1.73967e-17 7.54591 -1.25098)
(-1.6806e-16 -2.36231 -5.34627)
(-8.90103e-16 5.33028 -0.967327)
(-4.70688e-16 9.79893 10.0292)
(-4.89766e-16 -1.6558 14.2117)
(9.32131e-16 -10.862 9.44738)
)
;
    }
    inletOutletRight
    {
        type            cyclicAMI;
        value           nonuniform List<vector> 
20
(
(6.7099e-15 -5.63495 9.5439)
(6.02314e-15 -7.31743 11.6704)
(4.98284e-15 -6.9558 10.5887)
(2.72955e-15 -6.53164 9.29648)
(1.07246e-15 -6.39388 8.81079)
(9.04847e-16 -6.72313 9.22419)
(1.54774e-15 -7.2876 10.182)
(2.12719e-15 -7.95064 11.296)
(2.84233e-15 -8.60632 12.1726)
(3.0636e-15 -9.17867 13.3299)
(3.28913e-15 -9.78305 14.3487)
(3.20458e-15 -10.3701 15.3835)
(3.09898e-15 -10.9459 16.4793)
(3.03744e-15 -11.5516 17.7274)
(2.89818e-15 -12.2883 19.272)
(2.06755e-15 -13.2782 21.3071)
(1.95765e-15 -14.4919 23.9093)
(1.80051e-15 -15.7442 26.2757)
(2.33966e-15 -14.9058 25.3893)
(2.13628e-16 -6.53927 9.86141)
)
;
    }
    inletRight
    {
        type            fixedValue;
        value           uniform (0 8.7 15);
    }
    inletWallsRight
    {
        type            noSlip;
    }
    inletFacesRight
    {
        type            zeroGradient;
    }
}


// ************************************************************************* //
