/*--------------------------------*- C++ -*----------------------------------*\
| =========                 |                                                 |
| \\      /  F ield         | OpenFOAM: The Open Source CFD Toolbox           |
|  \\    /   O peration     | Version:  4.1                                   |
|   \\  /    A nd           | Web:      www.OpenFOAM.org                      |
|    \\/     M anipulation  |                                                 |
\*---------------------------------------------------------------------------*/
FoamFile
{
    version     2.0;
    format      ascii;
    class       volVectorField;
    location    "17";
    object      U;
}
// * * * * * * * * * * * * * * * * * * * * * * * * * * * * * * * * * * * * * //

dimensions      [0 1 -1 0 0 0 0];

internalField   nonuniform List<vector> 
1280
(
(-8.40847e-16 -1.6946 -4.11012)
(-3.38989e-16 0.682151 -3.27387)
(5.5144e-16 -0.797156 -1.32003)
(7.15443e-16 -0.104635 -1.6047)
(-1.75451e-16 1.26847 -3.0969)
(-1.17967e-16 0.828345 -2.13453)
(-2.90143e-16 1.27056 -1.93444)
(-8.89022e-18 1.39913 -1.7063)
(-1.52471e-15 2.46532 -2.72427)
(-1.4102e-15 2.29253 -1.92917)
(-1.72574e-15 2.61167 -1.71036)
(-8.64281e-16 3.65119 -2.54123)
(5.58636e-17 3.25183 -1.75119)
(6.94495e-18 3.61377 -1.54776)
(3.45094e-16 4.58833 -2.23493)
(-9.31256e-17 3.9787 -1.62377)
(-6.95325e-16 4.35477 -1.41359)
(-2.14697e-15 5.38138 -2.46458)
(-2.2236e-15 4.81658 -1.59973)
(-2.71104e-15 4.91327 -2.02235)
(-2.88626e-15 5.20012 -1.10551)
(-1.58824e-15 5.20956 1.50882)
(-2.729e-16 5.07437 6.07611)
(4.329e-16 5.04761 10.1695)
(7.17529e-16 4.9936 12.1668)
(9.47728e-16 5.54508 12.7124)
(6.98825e-16 3.36677 8.74288)
(1.08046e-15 8.87293 14.8197)
(1.00297e-15 8.8144 14.5699)
(8.52269e-16 8.88419 14.0153)
(6.26375e-16 8.91565 13.3662)
(3.38494e-16 8.90312 12.6899)
(2.16595e-18 8.88575 12.0101)
(-3.75238e-16 8.86297 11.3394)
(-7.85605e-16 8.8179 10.699)
(-1.25278e-15 8.76855 10.0994)
(-1.67985e-15 8.69224 9.59192)
(-2.32316e-15 8.60423 9.18094)
(-2.95973e-15 8.52781 8.96156)
(-4.06132e-15 8.29228 8.37267)
(-4.23826e-15 8.84639 10.5751)
(-2.05196e-15 5.517 7.59825)
(-1.4117e-15 4.92166 7.57526)
(-6.28323e-16 3.87356 7.75336)
(3.88432e-15 2.71668 7.63643)
(4.21223e-15 1.44281 4.32513)
(5.28486e-15 0.972168 4.02262)
(2.34218e-15 0.469842 3.85701)
(2.46238e-14 0.0952163 0.985403)
(3.15735e-14 0.213451 -1.27655)
(3.80157e-14 0.257519 -2.71117)
(1.0103e-14 0.510599 2.11831)
(-2.74382e-15 -0.96489 6.1289)
(-5.95266e-16 -1.59918 5.57)
(-6.13943e-16 -2.23415 5.78982)
(8.5685e-16 -3.70593 9.07454)
(1.90178e-15 -4.95738 8.44725)
(2.55202e-15 -6.09877 8.21537)
(3.4618e-15 -6.77176 8.03463)
(5.9785e-15 -10.0148 10.6212)
(4.86388e-15 -8.78578 8.43846)
(3.95084e-15 -9.01779 8.94886)
(3.45059e-15 -9.06605 9.11678)
(2.9011e-15 -9.15474 9.46581)
(2.4607e-15 -9.216 9.89168)
(1.9892e-15 -9.25543 10.3882)
(1.59342e-15 -9.28333 10.9096)
(1.25795e-15 -9.28736 11.4528)
(9.7531e-16 -9.28143 12.0085)
(7.64787e-16 -9.26486 12.574)
(6.64117e-16 -9.20605 13.127)
(6.35845e-16 -9.12249 13.5916)
(6.49493e-16 -9.11069 13.7638)
(1.67917e-15 -2.82906 7.14924)
(8.00071e-16 -5.14236 12.2895)
(9.12684e-16 -4.60437 11.2063)
(8.52033e-16 -4.75459 8.6166)
(1.04258e-15 -4.84455 3.71423)
(1.81376e-15 -5.01145 -1.51953)
(2.68397e-15 -4.98759 -4.43125)
(2.34556e-15 -4.55317 -5.31892)
(2.29759e-15 -4.00834 -4.93864)
(3.43651e-15 -3.13117 -6.6034)
(3.73346e-15 -2.69713 -3.86395)
(3.52077e-15 -1.74159 -4.64427)
(4.70425e-15 -0.767689 -5.7217)
(4.61572e-15 -0.394788 -2.59286)
(4.69217e-15 0.114539 -3.18348)
(5.80492e-15 1.01725 -4.40548)
(5.09291e-15 1.22104 -3.12239)
(4.71906e-15 1.73137 -2.81239)
(7.59994e-15 2.75834 -3.75721)
(7.09558e-15 2.59928 -2.67128)
(6.16561e-15 3.24223 -2.62741)
(4.61087e-15 3.36412 -2.38314)
(3.02798e-15 4.67166 -3.49251)
(1.06425e-15 4.26392 -2.61105)
(1.56824e-15 4.94444 -2.37572)
(8.02466e-16 5.20608 -3.45215)
(4.81135e-15 6.10569 -3.64939)
(-1.55588e-15 0.970558 -2.07715)
(-1.66009e-15 1.67088 -2.00061)
(-1.61817e-15 2.96811 -1.65395)
(-1.50284e-15 3.95609 0.257611)
(-4.52509e-16 3.6232 3.23135)
(-2.91936e-16 3.17598 4.6134)
(-9.5538e-16 3.56435 4.85651)
(-1.5028e-15 4.48305 4.51215)
(-1.76059e-15 5.69405 3.93044)
(-1.74588e-15 6.71598 3.35698)
(-1.4872e-15 6.22374 2.6651)
(-1.21827e-15 -0.9665 0.69208)
(-1.64995e-15 -6.78786 0.192942)
(-2.65123e-15 -9.17594 -0.563624)
(-3.60045e-15 -10.2745 -1.28882)
(-2.65956e-15 -10.2292 -2.45834)
(-1.1494e-15 -7.70593 -3.4201)
(2.01627e-16 -3.90486 -3.86081)
(-6.96603e-16 1.09083 -4.78115)
(-1.79945e-15 0.930514 -2.55674)
(-1.71372e-15 1.49531 -2.22334)
(-1.4337e-15 2.21509 -1.60439)
(-1.21014e-15 2.34591 0.757303)
(-5.98117e-16 2.27817 3.38832)
(-1.24136e-15 2.7393 3.9841)
(-2.23311e-15 3.64008 3.8601)
(-2.85178e-15 4.79485 3.3517)
(-3.0128e-15 6.07149 2.58924)
(-2.79333e-15 7.0918 1.84842)
(-2.2363e-15 6.91761 1.30578)
(-1.43248e-15 0.141145 0.464898)
(-1.64991e-15 -6.64061 0.10075)
(-2.64016e-15 -8.831 -0.33338)
(-3.59319e-15 -9.78663 -1.05443)
(-2.72175e-15 -9.63397 -2.21793)
(-1.27395e-15 -7.26187 -3.22751)
(4.90479e-17 -3.49385 -3.87792)
(-4.94027e-16 1.02841 -4.01058)
(-1.55702e-15 0.830191 -2.75304)
(-1.32423e-15 1.27369 -2.26305)
(-9.52777e-16 1.70141 -1.48945)
(-1.16075e-15 1.7447 0.630108)
(-1.13932e-15 2.06251 2.83257)
(-1.7871e-15 2.81276 3.54407)
(-2.61815e-15 3.778 3.6865)
(-2.99562e-15 5.01263 3.38012)
(-2.86825e-15 6.34521 2.74947)
(-2.47208e-15 7.317 2.0886)
(-1.8952e-15 6.91103 1.56898)
(-1.26386e-15 0.121322 1.05301)
(-1.6236e-15 -6.45982 0.225335)
(-2.63497e-15 -8.57714 0.075628)
(-3.58938e-15 -9.39355 -0.6655)
(-2.78673e-15 -9.18589 -1.82311)
(-1.41569e-15 -6.92261 -2.88723)
(-7.89533e-17 -3.33557 -3.80081)
(-1.67941e-15 0.833833 -3.9358)
(-1.00216e-15 0.715051 -2.96455)
(-7.03748e-16 0.994503 -2.37625)
(-3.52883e-16 1.07382 -1.52378)
(-1.05378e-15 0.770619 0.425479)
(-1.49695e-15 1.23304 2.60087)
(-2.05775e-15 2.47765 3.42734)
(-2.67425e-15 3.7431 3.61235)
(-2.8732e-15 5.17236 3.26432)
(-2.64026e-15 6.58041 2.64875)
(-2.21651e-15 7.55103 2.16078)
(-1.59175e-15 7.14552 1.90399)
(-1.07591e-15 0.587387 1.74277)
(-1.59038e-15 -6.32453 0.740388)
(-2.66045e-15 -8.40432 0.473298)
(-3.59532e-15 -9.05548 -0.141675)
(-2.83241e-15 -8.77011 -1.2704)
(-1.53671e-15 -6.52045 -2.37692)
(-1.9816e-16 -3.04805 -3.57507)
(-1.94027e-15 0.813115 -4.46996)
(-1.58044e-16 0.569592 -3.08271)
(1.02462e-16 0.689764 -2.4195)
(3.40809e-16 0.524685 -1.51549)
(-9.02593e-16 0.136217 0.207306)
(-1.64876e-15 0.773442 2.46152)
(-2.02327e-15 2.34231 3.32554)
(-2.47397e-15 3.81874 3.47103)
(-2.63922e-15 5.38755 3.05439)
(-2.43493e-15 6.78411 2.51064)
(-2.02782e-15 7.64766 2.28268)
(-1.34457e-15 7.08351 2.35611)
(-1.00257e-15 0.752283 2.67162)
(-1.64659e-15 -6.0685 1.52779)
(-2.73976e-15 -8.18391 0.805426)
(-3.60789e-15 -8.75312 0.570342)
(-2.84313e-15 -8.31858 -0.5661)
(-1.62392e-15 -6.02257 -1.69894)
(-3.062e-16 -2.38946 -3.12858)
(-1.77321e-15 0.75126 -5.31754)
(6.91938e-16 0.41298 -3.15191)
(8.52167e-16 0.380938 -2.4479)
(9.63321e-16 0.0378495 -1.60402)
(-7.23944e-16 -0.649811 -0.430375)
(-1.63519e-15 0.0615435 2.21177)
(-1.83361e-15 2.0952 3.20664)
(-2.21177e-15 3.85928 3.29154)
(-2.4409e-15 5.56478 2.81868)
(-2.30377e-15 6.88821 2.45335)
(-1.86681e-15 7.63349 2.56611)
(-1.08065e-15 6.9444 2.95388)
(-1.02111e-15 0.935289 3.67723)
(-1.83926e-15 -5.64793 2.47441)
(-2.8562e-15 -7.94575 1.3787)
(-3.61134e-15 -8.53808 1.45302)
(-2.83112e-15 -7.85452 0.27762)
(-1.65821e-15 -5.50829 -0.833535)
(-4.5803e-16 -1.5681 -2.58033)
(-4.19187e-16 2.13611 -5.19993)
(1.23232e-15 0.236769 -3.25352)
(1.3198e-15 0.0993063 -2.52079)
(1.39267e-15 -0.320068 -1.82537)
(-6.06934e-16 -1.35816 -0.97198)
(-1.6689e-15 -0.763077 1.72059)
(-1.61146e-15 1.88823 3.05196)
(-1.97759e-15 3.94142 3.08319)
(-2.30092e-15 5.72268 2.58483)
(-2.21562e-15 6.87734 2.51604)
(-1.68578e-15 7.47893 2.97517)
(-7.18612e-16 6.63866 3.66866)
(-1.03479e-15 0.969261 4.77167)
(-2.15197e-15 -5.19659 3.65717)
(-3.0123e-15 -7.69853 2.40587)
(-3.61099e-15 -8.34389 2.33213)
(-2.77422e-15 -7.40674 1.26657)
(-1.64715e-15 -4.90812 0.293821)
(-1.1899e-15 -0.331854 -3.58449)
(1.98056e-15 2.57527 -0.750595)
(1.37037e-15 0.0562561 -3.44479)
(1.43994e-15 -0.142428 -2.74267)
(1.58058e-15 -0.634844 -2.12837)
(-5.64467e-16 -1.98823 -1.23277)
(-1.79493e-15 -1.66059 1.12061)
(-1.42528e-15 1.58702 2.85862)
(-1.81412e-15 4.00317 2.867)
(-2.2016e-15 5.80382 2.38674)
(-2.14062e-15 6.72443 2.71754)
(-1.5031e-15 7.20339 3.44239)
(-2.31093e-16 6.21853 4.45574)
(-8.51051e-16 0.910574 5.87731)
(-2.49902e-15 -4.75492 4.94665)
(-3.14097e-15 -7.35262 3.64266)
(-3.54633e-15 -8.12117 3.1717)
(-2.72247e-15 -7.04643 2.49055)
(-1.43843e-15 -4.01684 1.28785)
(2.50151e-15 -0.328734 -0.339879)
(6.21139e-15 -3.83886 8.13045)
(1.25932e-15 -0.120725 -3.73672)
(1.35599e-15 -0.370981 -3.09235)
(1.58471e-15 -0.977075 -2.43903)
(-5.93478e-16 -2.57969 -1.29045)
(-1.94965e-15 -2.53495 0.656723)
(-1.31912e-15 1.28216 2.65284)
(-1.81739e-15 4.05786 2.63888)
(-2.13855e-15 5.79291 2.24741)
(-2.06526e-15 6.44387 3.02575)
(-1.37961e-15 6.81885 3.88476)
(2.82776e-16 5.66757 5.2766)
(-1.78155e-16 0.746531 6.91933)
(-3.0479e-15 -4.3352 6.16115)
(-3.34716e-15 -6.93886 4.90355)
(-3.37262e-15 -7.90674 4.14383)
(-2.38688e-15 -6.69733 3.63577)
(-5.05453e-16 -3.78797 3.20884)
(1.62195e-15 -2.42602 7.93127)
(1.81182e-15 -3.27884 11.9771)
(1.08201e-15 -0.280947 -4.08129)
(1.20299e-15 -0.60523 -3.48168)
(1.48501e-15 -1.38988 -2.69751)
(-6.81898e-16 -3.17426 -1.20716)
(-2.0782e-15 -3.35293 0.424526)
(-1.23447e-15 0.975094 2.45168)
(-1.77901e-15 4.08668 2.3911)
(-2.11254e-15 5.66036 2.20176)
(-1.97594e-15 6.05823 3.37648)
(-1.33622e-15 6.33964 4.27036)
(4.47711e-16 5.00348 6.11733)
(1.73548e-15 0.519409 7.84577)
(-3.33693e-15 -3.96921 7.20313)
(-3.41562e-15 -6.50626 6.10301)
(-3.25425e-15 -7.62316 5.22168)
(-1.75576e-15 -6.72425 4.97092)
(-8.30656e-16 -5.37715 6.72845)
(-3.9331e-17 -4.3139 10.7856)
(3.90228e-15 -2.2867 8.24227)
(8.98917e-16 -0.442764 -4.34728)
(1.04569e-15 -0.866113 -3.79808)
(1.33505e-15 -1.90845 -2.81932)
(-8.4133e-16 -3.79886 -0.972345)
(-2.144e-15 -4.08468 0.430793)
(-7.2458e-16 0.712219 2.28626)
(-1.0721e-15 4.08699 2.12368)
(-2.09864e-15 5.40478 2.28643)
(-1.87953e-15 5.60371 3.6716)
(-1.27028e-15 5.76088 4.60211)
(-1.29557e-16 4.23893 6.96791)
(-7.59161e-16 0.292889 8.67445)
(-2.33746e-15 -3.64506 8.02085)
(-2.76516e-15 -6.12011 7.14954)
(-2.55047e-15 -7.4758 6.49982)
(-2.09013e-15 -7.26107 7.00047)
(-1.30265e-15 -6.07462 9.25385)
(5.44731e-15 -2.99741 9.27175)
(1.9133e-14 0.16872 3.93144)
(7.95993e-16 -0.592327 -4.39732)
(9.57975e-16 -1.16687 -3.90177)
(1.13581e-15 -2.53491 -2.64494)
(-1.15858e-15 -4.4593 -0.521815)
(-2.10538e-15 -4.70093 0.692297)
(-8.90907e-16 0.474346 2.18121)
(-1.7953e-15 4.04107 1.84515)
(-2.02557e-15 5.0442 2.51476)
(-1.83321e-15 5.11683 3.82468)
(-1.14476e-15 5.05899 4.8922)
(2.52915e-16 3.36962 7.80314)
(-1.17362e-16 0.0907181 9.56378)
(-1.40461e-15 -3.35299 8.95193)
(-2.11423e-15 -5.8786 8.32071)
(-2.46023e-15 -7.56524 8.14013)
(-2.27149e-15 -7.8311 9.18868)
(4.80925e-16 -6.48604 11.0719)
(5.40439e-15 -3.15752 11.4214)
(3.37751e-15 0.517416 11.0409)
(7.3592e-16 -0.732335 -4.14523)
(8.89932e-16 -1.52253 -3.61377)
(7.11835e-16 -3.2528 -1.91185)
(-1.63462e-15 -5.14084 0.219953)
(-1.87661e-15 -5.17706 1.23548)
(-8.08551e-16 0.282541 2.14233)
(-1.90269e-15 3.93462 1.57472)
(-1.91193e-15 4.61608 2.82552)
(-1.81699e-15 4.63263 3.80168)
(-1.04793e-15 4.20429 5.11167)
(4.68637e-16 2.35 8.52933)
(1.42511e-16 -0.207667 10.5224)
(-9.83115e-16 -3.15679 10.2648)
(-1.80965e-15 -5.79114 9.9086)
(-2.1952e-15 -7.83014 10.0627)
(-1.25847e-15 -8.437 11.257)
(1.11945e-15 -6.79112 12.9645)
(4.15098e-17 -1.97015 13.308)
(-4.3462e-15 4.36671 11.6922)
(6.65017e-16 -0.898358 -3.58029)
(6.16201e-16 -1.96539 -2.59371)
(-1.8958e-16 -4.08324 -0.396542)
(-1.91768e-15 -5.71978 1.27048)
(-1.40217e-15 -5.45964 2.02248)
(-7.97338e-16 0.326271 2.10038)
(-2.08011e-15 3.76108 1.37564)
(-1.78559e-15 4.16095 3.07696)
(-1.82403e-15 4.17536 3.62789)
(-9.9077e-16 3.19297 5.15662)
(7.15489e-16 1.18903 8.94867)
(6.30813e-16 -0.632062 11.2077)
(-3.15451e-16 -3.12255 11.5494)
(-1.00085e-15 -5.80229 11.6303)
(-9.85284e-16 -8.10039 11.9316)
(1.33324e-16 -8.92499 12.7059)
(8.83477e-16 -7.17173 12.5956)
(-1.06688e-15 -3.00606 8.36525)
(-5.79846e-16 0.218527 3.15014)
(5.28237e-16 -1.29797 -2.45592)
(-7.83879e-17 -2.77563 -0.233064)
(-1.03078e-15 -4.83852 1.55411)
(-1.61977e-15 -6.10887 2.5356)
(-7.26224e-16 -5.50073 2.89362)
(-9.04062e-16 0.553574 1.98125)
(-2.12414e-15 3.54096 1.37846)
(-1.70219e-15 3.72638 3.13151)
(-1.83289e-15 3.76736 3.35812)
(-1.04212e-15 2.09444 4.85968)
(7.97959e-16 -0.0433727 8.71374)
(1.08512e-15 -1.25985 11.1079)
(6.2226e-16 -3.34745 12.143)
(3.00416e-16 -5.95991 12.7297)
(5.09639e-16 -8.26976 13.007)
(1.03401e-15 -8.71232 12.7598)
(2.80111e-16 -5.32383 9.9733)
(-2.0135e-15 0.986555 2.55504)
(-1.82968e-15 3.32464 -1.31288)
(4.34899e-16 -1.93454 0.0056135)
(-4.5699e-16 -3.54538 2.55937)
(-9.49275e-16 -5.18601 3.31907)
(-7.44937e-16 -6.23548 3.83614)
(-2.91405e-17 -5.22022 3.64918)
(-1.19944e-15 0.874863 1.77104)
(-2.00406e-15 3.31393 1.6568)
(-1.67661e-15 3.37849 2.95856)
(-1.83012e-15 3.45738 3.04613)
(-1.28191e-15 1.09045 4.08508)
(3.69183e-16 -1.23584 7.44905)
(1.04023e-15 -2.04333 10.075)
(1.1854e-15 -3.77839 11.6609)
(1.23561e-15 -6.16016 12.5358)
(1.33714e-15 -8.1048 12.5519)
(1.05571e-15 -7.69247 11.0987)
(-4.95723e-16 -3.04776 6.43022)
(-1.87117e-15 2.20631 -0.0460287)
(-1.69496e-15 3.39086 -1.45542)
(8.16386e-16 -2.47989 2.94872)
(9.87205e-17 -4.0512 4.51476)
(-9.09396e-18 -5.40494 4.77541)
(3.77557e-16 -6.26024 4.98318)
(4.4276e-16 -4.66211 4.07866)
(-1.73956e-15 1.21513 1.40687)
(-1.81878e-15 3.10141 2.04273)
(-1.68269e-15 3.17573 2.64698)
(-1.81187e-15 3.2968 2.73094)
(-1.59417e-15 0.366009 3.014)
(-4.19149e-16 -2.4225 5.50804)
(4.61715e-16 -2.98046 8.31658)
(1.06764e-15 -4.3238 10.1992)
(1.42507e-15 -6.31403 11.0741)
(1.38244e-15 -7.65717 10.7065)
(5.518e-16 -6.25501 8.42916)
(-1.18309e-15 -0.725031 3.05617)
(-1.59684e-15 3.52758 -1.23568)
(-1.55751e-15 4.1251 -2.57098)
(1.42669e-15 -2.69134 4.77198)
(1.07962e-15 -4.18557 5.78831)
(1.1587e-15 -5.32803 6.00885)
(1.31698e-15 -5.87685 5.89872)
(4.70437e-16 -3.70101 4.13116)
(-2.25663e-15 1.53277 1.07703)
(-1.70697e-15 2.87846 2.23919)
(-1.68713e-15 3.09493 2.33115)
(-1.78648e-15 3.25032 2.41161)
(-1.80324e-15 -0.00234025 1.95102)
(-1.17075e-15 -3.3856 3.41122)
(-3.93707e-16 -3.92727 6.15245)
(3.92157e-16 -4.88858 8.13706)
(1.01006e-15 -6.36208 8.88046)
(1.0423e-15 -6.99554 8.21257)
(1.16021e-16 -4.65986 5.63843)
(-1.4682e-15 0.920097 0.0349773)
(-1.76854e-15 4.35429 -2.68268)
(-1.53415e-15 4.19769 -3.4346)
(2.06771e-15 -2.98558 6.21617)
(2.08e-15 -4.58665 7.07703)
(2.176e-15 -5.59313 7.23907)
(1.81519e-15 -5.65677 6.43)
(4.79096e-17 -2.73778 3.62267)
(-2.29251e-15 1.86188 1.15304)
(-1.70487e-15 2.66661 2.15149)
(-1.68061e-15 3.06672 2.08824)
(-1.76532e-15 3.25559 2.07519)
(-1.87005e-15 -0.144945 1.30838)
(-1.66352e-15 -4.22861 1.53357)
(-1.1779e-15 -4.86001 3.95118)
(-5.10278e-16 -5.37413 6.09292)
(2.51627e-16 -6.32892 6.865)
(6.08174e-16 -6.34351 6.07166)
(-7.68674e-17 -3.14662 3.367)
(-1.70601e-15 2.46222 -2.00032)
(-1.86622e-15 4.93376 -3.78516)
(-1.53488e-15 4.16945 -4.07522)
(2.43182e-15 -3.04786 8.79452)
(2.48609e-15 -4.43991 8.66256)
(2.20547e-15 -4.84993 7.95439)
(1.1514e-15 -4.1237 6.01907)
(-9.45874e-16 -1.21669 2.80804)
(-2.09789e-15 2.01338 1.53907)
(-1.73629e-15 2.60437 1.96058)
(-1.674e-15 3.13921 1.91547)
(-1.75193e-15 3.52474 1.76486)
(-1.87073e-15 0.899111 1.25252)
(-1.91632e-15 -4.49888 0.331588)
(-1.78155e-15 -5.7619 1.29963)
(-1.51073e-15 -6.15097 2.82044)
(-1.02239e-15 -6.38659 3.58471)
(-4.75386e-16 -5.51746 3.08831)
(-5.09085e-16 -1.07524 0.956281)
(-1.92647e-15 3.81349 -2.8158)
(-1.86687e-15 5.33226 -4.33294)
(-1.36986e-15 3.86774 -4.3092)
(-6.64176e-17 3.97902 7.37676)
(7.58431e-16 11.8575 18.8182)
(1.28232e-15 18.232 28.5474)
(1.12136e-15 21.1741 32.8985)
(7.35375e-16 20.9681 32.2005)
(7.68069e-16 19.5671 29.5093)
(1.1216e-15 17.907 26.6356)
(1.34431e-15 16.4905 24.2099)
(1.6462e-15 15.1673 21.9595)
(2.12192e-15 13.8439 19.7854)
(2.76208e-15 12.4965 17.631)
(3.5952e-15 11.1063 15.46)
(4.49225e-15 9.64966 13.2655)
(5.2076e-15 8.12817 11.0445)
(5.6421e-15 6.51824 8.81465)
(5.96621e-15 4.87671 6.61949)
(6.0612e-15 3.23044 4.59101)
(4.78359e-15 1.8099 2.75299)
(2.24344e-15 0.0918726 0.965012)
(-1.34477e-15 -1.36943 -2.55766)
(-1.13749e-16 7.50079 13.0382)
(-1.61708e-15 15.8317 24.9897)
(-1.08169e-15 18.726 29.2035)
(-8.26592e-16 18.3535 29.1193)
(-1.31686e-15 16.4579 26.924)
(-1.76609e-15 14.5438 24.5925)
(-9.91764e-16 12.9159 22.5875)
(-5.71174e-16 11.3859 20.5915)
(9.55666e-17 9.87349 18.6027)
(1.27868e-15 8.36406 16.5724)
(3.07789e-15 6.80686 14.4704)
(5.49209e-15 5.18691 12.2364)
(7.70428e-15 3.48982 9.85182)
(8.84301e-15 1.72055 7.29022)
(9.36948e-15 -0.0906261 4.58433)
(1.07385e-14 -1.64841 2.12215)
(1.00644e-14 -2.35932 0.77527)
(4.05188e-15 -1.66475 1.23996)
(-1.29962e-15 0.322827 3.2568)
(-1.54446e-15 1.51995 4.12504)
(1.27092e-16 10.6808 18.5228)
(-1.4844e-15 18.3625 30.8834)
(-1.44911e-15 17.4982 29.2936)
(-1.16617e-15 14.6594 25.1489)
(-1.59269e-15 12.6859 22.5433)
(-2.85528e-15 11.4659 21.0968)
(-1.37951e-15 10.1774 19.5778)
(-1.09613e-15 8.7737 17.7842)
(-4.71913e-16 7.28201 15.8589)
(4.68404e-16 5.7553 13.8497)
(2.12865e-15 4.19177 11.8024)
(4.29697e-15 2.63981 9.76477)
(6.08343e-15 1.18374 7.84511)
(5.8301e-15 -0.0104575 6.20014)
(3.27719e-15 -0.651576 5.14029)
(4.22363e-16 -0.246388 5.33189)
(-9.32416e-16 1.67063 7.53275)
(-1.17833e-15 4.85293 11.3859)
(-1.25554e-15 7.68915 14.3721)
(-1.49037e-15 6.03822 11.6903)
(-1.65675e-17 10.4442 17.9421)
(2.47441e-16 16.7668 29.5407)
(2.03848e-16 14.8789 26.1727)
(1.82678e-16 12.8146 22.7371)
(-2.37506e-16 11.586 20.6687)
(-2.65824e-15 10.5783 18.9722)
(-1.55249e-15 9.50652 17.3117)
(-1.90937e-15 8.42066 15.5061)
(-1.81531e-15 7.25978 13.5806)
(-1.51096e-15 6.08788 11.5283)
(-1.21732e-15 4.92716 9.44486)
(-5.20555e-16 3.89769 7.50752)
(5.40563e-16 3.21223 6.12538)
(3.97124e-16 3.21291 5.91012)
(-1.05741e-15 4.13877 7.25718)
(-2.56555e-15 5.86992 9.94619)
(-3.02647e-15 7.94603 13.1925)
(-1.97122e-15 9.50808 15.9626)
(-1.3608e-15 10.0453 16.5947)
(-1.77011e-15 6.9525 12.556)
(-1.94757e-18 8.99633 15.6147)
(-1.75337e-17 16.6178 29.4598)
(-4.4674e-18 15.9911 27.9439)
(-4.17764e-18 14.2756 24.4994)
(4.7572e-17 12.7663 21.754)
(3.73718e-16 11.7445 19.6664)
(2.57692e-16 10.8875 18.0971)
(2.15528e-16 10.1956 16.638)
(1.4263e-16 9.51238 15.2219)
(5.81673e-17 8.87473 13.7756)
(-7.65008e-17 8.26094 12.2932)
(-2.72508e-16 7.68229 10.775)
(-6.22216e-16 7.15947 9.2868)
(-1.14605e-15 6.79111 8.10985)
(-1.70959e-15 6.73905 7.63862)
(-1.90338e-15 7.03531 8.18383)
(-1.31032e-15 7.64488 9.62279)
(-1.75611e-16 8.07876 11.3147)
(6.20208e-16 7.87455 11.9483)
(6.18382e-16 5.48866 9.10553)
(9.79401e-19 7.91538 13.6198)
(-3.51031e-18 17.244 30.0653)
(-6.58091e-18 17.142 29.7588)
(-6.05143e-18 15.182 25.8157)
(-6.51743e-18 13.4856 22.8769)
(-2.5633e-17 12.5144 20.7845)
(-7.49835e-18 11.7077 19.2279)
(7.04948e-18 11.0414 17.7888)
(2.29904e-17 10.3808 16.4193)
(4.08307e-17 9.74816 15.0891)
(5.54404e-17 9.13749 13.7946)
(7.62483e-17 8.53855 12.5136)
(1.21065e-16 7.94379 11.2165)
(1.92964e-16 7.34942 9.90922)
(2.63625e-16 6.78194 8.68977)
(3.00194e-16 6.31556 7.77533)
(3.11692e-16 5.96699 7.36942)
(3.26328e-16 5.69398 7.3227)
(2.61417e-16 4.9466 7.0785)
(4.70044e-17 2.80997 3.77599)
(-2.94595e-19 7.81489 13.2681)
(1.68961e-18 17.8218 30.2829)
(2.31345e-18 17.879 30.7016)
(2.17799e-18 15.9072 26.7023)
(8.34815e-19 14.1621 23.8167)
(-3.52487e-18 13.2124 21.7586)
(-6.83687e-18 12.3698 20.1852)
(-9.29585e-18 11.6391 18.6663)
(-1.15649e-17 10.8934 17.1913)
(-1.32744e-17 10.1554 15.7391)
(-1.34513e-17 9.4211 14.3246)
(-1.38105e-17 8.69197 12.9572)
(-1.73328e-17 7.96552 11.6366)
(-2.29213e-17 7.24072 10.3431)
(-2.33809e-17 6.48953 9.05951)
(-1.34352e-17 5.73043 7.76247)
(3.18149e-18 4.87779 6.50753)
(6.94541e-18 4.02273 5.19217)
(-3.53479e-17 2.57868 3.62417)
(-8.01206e-17 0.585823 -0.368457)
(6.02289e-20 9.38145 15.8631)
(-3.75341e-19 18.975 31.2282)
(-5.02475e-19 18.5542 31.2723)
(-4.78306e-19 16.6763 27.3076)
(-1.34766e-19 14.9609 24.6556)
(1.53786e-18 14.1138 22.6743)
(2.23028e-18 13.2677 21.1309)
(2.43906e-18 12.5502 19.5748)
(2.48755e-18 11.7867 18.0374)
(2.29598e-18 11.0061 16.4587)
(1.74693e-18 10.1813 14.8502)
(1.22019e-18 9.31068 13.2204)
(1.26027e-18 8.39303 11.5898)
(1.53078e-18 7.44043 9.97112)
(4.73569e-19 6.43247 8.37669)
(-3.68759e-18 5.39102 6.7589)
(-1.2664e-17 4.18814 5.08986)
(-2.97069e-17 2.9338 3.1544)
(-5.14371e-17 0.838859 0.688158)
(-9.78804e-17 -0.627552 -3.04349)
(-8.58465e-21 12.3326 21.3109)
(5.74049e-20 20.4979 33.0084)
(7.70956e-20 18.5305 31.2712)
(7.07966e-20 17.0881 27.6335)
(1.34976e-20 15.528 25.6397)
(-2.99789e-19 14.9567 23.8428)
(-4.12925e-19 14.1062 22.4397)
(-3.88654e-19 13.499 20.9005)
(-3.09263e-19 12.7305 19.3497)
(-1.68836e-19 11.9218 17.6239)
(4.1077e-20 10.9746 15.7739)
(2.34639e-19 9.9281 13.8107)
(2.96539e-19 8.783 11.7855)
(2.71401e-19 7.5653 9.71916)
(4.31758e-19 6.25052 7.63453)
(1.15789e-18 4.86333 5.49078)
(3.12759e-18 3.23465 3.30393)
(6.63664e-18 1.63199 0.905256)
(1.56749e-17 -0.947646 -1.82421)
(-6.00953e-17 -2.03348 -5.63703)
(7.17986e-22 15.3206 27.4692)
(-6.20277e-21 20.7859 33.4884)
(-6.75095e-21 17.2952 30.4449)
(-4.62503e-21 16.8136 27.7362)
(3.6506e-21 15.268 26.5349)
(4.58326e-20 14.9966 24.9222)
(5.01194e-20 14.0053 23.8035)
(3.19648e-20 13.5036 22.3352)
(7.85046e-21 12.5405 20.7866)
(-2.53459e-20 11.54 18.8007)
(-7.09704e-20 10.2208 16.5814)
(-1.16166e-19 8.79234 14.1547)
(-1.40188e-19 7.2267 11.6592)
(-1.52981e-19 5.57931 9.07925)
(-2.66894e-19 3.78568 6.38692)
(-6.86137e-19 1.85167 3.53806)
(-1.20758e-18 -0.684925 0.343271)
(2.38503e-18 -1.90445 -2.61262)
(1.91106e-17 -4.02764 -4.73948)
(-2.85924e-17 -3.51409 -8.22373)
(5.74344e-23 16.3829 30.2957)
(-4.66544e-23 18.8907 31.0725)
(-8.97161e-22 15.5609 28.8915)
(-1.85177e-21 15.6458 26.9588)
(-4.36117e-21 13.9011 25.9889)
(-7.04919e-21 13.5787 24.462)
(6.62257e-22 12.3627 23.5045)
(1.41579e-20 11.6899 22.0381)
(3.27012e-20 10.3376 20.356)
(5.71836e-20 8.95309 18.0209)
(7.80697e-20 7.16199 15.3886)
(7.65509e-20 5.36465 12.5521)
(5.27234e-20 3.49428 9.75052)
(9.40027e-21 1.63774 6.90316)
(-2.73426e-19 -0.227132 4.02981)
(-9.12486e-19 -1.85646 1.46424)
(3.26803e-19 -3.13697 -0.735612)
(6.67886e-18 -4.29576 -3.13414)
(1.27791e-17 -4.48882 -4.33202)
(2.56182e-18 -1.79737 -2.01287)
(-4.2012e-23 15.3151 28.5963)
(4.59156e-22 17.2635 28.8256)
(8.85476e-22 14.4874 27.21)
(1.04445e-21 14.3044 24.9972)
(4.09813e-22 12.46 23.9313)
(-2.04705e-21 11.9166 22.292)
(-4.31861e-21 10.542 21.2104)
(-3.21389e-21 9.60296 19.6987)
(2.62018e-21 8.12719 18.0143)
(1.20713e-20 6.60229 15.7774)
(1.34032e-20 4.79213 13.2184)
(-2.22376e-20 2.99469 10.4743)
(-1.16803e-19 1.25292 7.82763)
(-1.89212e-19 -0.267935 5.42991)
(7.9986e-20 -1.42781 3.47794)
(1.13312e-18 -1.92504 2.32813)
(2.96043e-18 -1.23287 2.79171)
(4.54074e-18 1.17656 5.5402)
(4.01389e-18 4.49237 9.41837)
(9.25435e-19 4.6094 9.66161)
(8.01416e-24 14.3339 26.8208)
(-2.02189e-22 17.4781 28.4502)
(-3.33139e-22 14.1971 26.2914)
(-4.1636e-22 14.2884 23.5072)
(-2.05829e-22 12.2586 22.4053)
(6.52658e-22 11.9045 20.317)
(1.4938e-21 10.4383 18.974)
(2.47752e-21 9.65494 17.2444)
(5.27658e-21 8.44493 15.6963)
(1.16551e-20 7.39391 13.8877)
(1.67667e-20 6.18734 11.9322)
(-2.03237e-23 5.0474 9.81378)
(-6.44192e-20 4.03437 7.79919)
(-1.60162e-19 3.40223 6.27484)
(-2.09555e-19 3.44546 5.82028)
(-1.88982e-19 4.32419 6.75796)
(-2.42033e-19 5.56497 8.46199)
(-5.13136e-19 6.65867 10.4178)
(-9.86361e-19 7.45617 11.3985)
(-8.97314e-19 5.35255 9.51948)
(-1.95087e-24 14.4599 27.1812)
(6.65973e-23 18.3279 29.1323)
(1.05888e-22 14.6719 26.935)
(1.23137e-22 15.0443 23.9403)
(1.81738e-23 13.0568 22.8452)
(-3.75111e-22 12.8429 20.7303)
(-9.11968e-22 11.5828 19.2943)
(-1.60575e-21 10.9236 17.5595)
(-2.67299e-21 10.0357 16.0554)
(-4.24877e-21 9.32333 14.5848)
(-5.52843e-21 8.6521 13.2245)
(-4.07654e-21 8.06705 11.9235)
(1.90285e-21 7.54006 10.6379)
(8.16603e-21 7.03998 9.34561)
(3.33997e-21 6.55917 8.08633)
(-2.15702e-20 6.08231 7.02269)
(-5.84772e-20 5.64583 6.33065)
(-7.36511e-20 5.17408 6.02911)
(-7.86619e-21 4.31111 5.58914)
(2.06673e-19 2.47213 3.29906)
(3.49176e-25 15.1291 28.7476)
(-1.67816e-23 19.0003 29.7127)
(-2.29216e-23 15.0343 27.7862)
(-4.23307e-23 15.7263 24.871)
(-7.76718e-23 13.6713 23.8003)
(-8.55707e-23 13.5254 21.7413)
(-8.62239e-23 12.3599 20.3324)
(-9.11617e-23 11.7363 18.6659)
(-1.21104e-22 10.9371 17.1573)
(-2.58465e-22 10.224 15.6418)
(-7.22726e-22 9.51991 14.1698)
(-1.75297e-21 8.83065 12.736)
(-2.96771e-21 8.14322 11.3321)
(-2.72269e-21 7.43693 9.93165)
(1.25252e-21 6.65761 8.49952)
(9.93711e-21 5.77999 6.97333)
(2.18686e-20 4.69143 5.35089)
(3.55519e-20 3.48629 3.51837)
(5.32634e-20 1.63553 1.43857)
(8.87841e-20 0.0994445 -1.75251)
(-2.8661e-25 15.7062 30.6822)
(6.90443e-24 19.2741 29.6403)
(1.30164e-23 15.0666 28.5007)
(3.83942e-24 16.258 25.6809)
(-4.32163e-23 13.9512 24.7501)
(-1.30115e-22 13.9977 22.6989)
(-2.11201e-22 12.758 21.3975)
(-2.59788e-22 12.2418 19.7853)
(-2.90601e-22 11.4594 18.3861)
(-3.07242e-22 10.8295 16.9481)
(-1.92023e-22 10.1761 15.536)
(3.02309e-22 9.51573 14.067)
(1.35782e-21 8.7707 12.4779)
(2.82585e-21 7.868 10.6661)
(4.12655e-21 6.68124 8.56712)
(4.36629e-21 5.22828 6.18365)
(3.54675e-21 3.51665 3.82182)
(1.66931e-21 1.79412 1.13775)
(-6.54474e-22 -0.856369 -1.79353)
(5.54222e-20 -1.90397 -5.53278)
(-1.30138e-25 15.6266 31.6129)
(8.04402e-25 18.9002 28.8891)
(4.67825e-24 14.6363 28.5951)
(-1.18712e-24 15.9589 25.9181)
(-2.30898e-23 13.6024 25.0778)
(-4.75019e-23 13.6151 23.191)
(-7.48136e-23 12.3782 22.0113)
(-1.51711e-22 11.8932 20.5551)
(-3.17895e-22 11.1251 19.3276)
(-4.76327e-22 10.5606 18.0654)
(-2.69159e-22 9.94816 16.8246)
(9.34055e-22 9.29764 15.4351)
(3.81395e-21 8.43292 13.7017)
(8.38104e-21 7.14615 11.2933)
(1.28513e-20 5.19841 7.97512)
(1.44826e-20 2.87419 4.18633)
(1.49366e-20 0.672928 1.3363)
(1.23815e-20 -0.657626 -1.41095)
(-5.93598e-21 -3.41069 -4.03896)
(3.57921e-20 -3.20244 -7.91473)
(-1.61719e-25 14.3483 30.8553)
(2.19588e-24 18.1884 27.9966)
(7.55497e-24 13.578 27.8836)
(9.25085e-24 14.4372 25.5884)
(2.01261e-24 12.3927 24.6731)
(-1.17125e-23 11.9107 23.1368)
(-4.6819e-23 10.8161 21.9723)
(-1.56364e-22 10.0901 20.7259)
(-3.60777e-22 9.30183 19.5955)
(-4.85212e-22 8.61847 18.4771)
(-1.27644e-23 7.91629 17.3278)
(1.88097e-21 7.12537 15.953)
(5.86667e-21 6.03528 14.0129)
(1.10697e-20 4.3448 10.9495)
(1.35462e-20 1.87277 6.39489)
(9.75199e-21 -0.75448 1.33109)
(4.27701e-21 -2.3518 -2.0823)
(2.19017e-21 -3.17859 -3.92672)
(3.8558e-22 -4.13365 -5.428)
(1.11643e-20 -2.82877 -5.04671)
(-1.41408e-25 11.1871 28.4086)
(6.57819e-25 16.9142 24.9688)
(4.94057e-24 11.9447 25.3573)
(1.21673e-23 12.5273 23.687)
(1.88794e-23 10.7745 22.9677)
(2.06952e-23 10.0643 21.9117)
(1.74969e-24 9.02969 21.0299)
(-7.27621e-23 8.20649 20.118)
(-2.26064e-22 7.38549 19.2535)
(-3.9244e-22 6.63933 18.399)
(-3.54113e-22 5.91952 17.5323)
(2.10822e-22 5.20251 16.5743)
(1.54378e-21 4.44521 15.419)
(3.56539e-21 3.64034 13.9596)
(5.6521e-21 2.84636 12.1202)
(6.61518e-21 2.15229 9.91447)
(5.54371e-21 1.57592 7.48767)
(2.98439e-21 0.994743 4.78306)
(3.83524e-22 0.111081 1.55993)
(-4.88527e-22 -0.525011 -0.707723)
(-2.20326e-26 2.57917 16.9868)
(1.89687e-25 8.03481 13.6192)
(1.03957e-24 5.17309 14.4681)
(3.00012e-24 4.99117 14.0744)
(6.47015e-24 4.07617 14.0306)
(1.21958e-23 3.51724 13.8535)
(1.7852e-23 2.94612 13.6921)
(9.09964e-24 2.47902 13.4996)
(-4.89461e-23 2.07491 13.2941)
(-2.05355e-22 1.74984 13.0806)
(-4.93616e-22 1.50543 12.8738)
(-8.90842e-22 1.34908 12.6821)
(-1.2982e-21 1.28071 12.499)
(-1.56953e-21 1.30201 12.2887)
(-1.58176e-21 1.4167 11.9928)
(-1.30939e-21 1.58294 11.5815)
(-8.55537e-22 1.82012 11.0089)
(-3.93875e-22 2.41917 10.0128)
(-6.6767e-23 2.59059 8.5798)
(3.96068e-23 -0.22675 6.49111)
(2.07436e-26 -2.57912 16.9867)
(-1.86362e-25 -8.03479 13.619)
(-1.01041e-24 -5.17308 14.468)
(-2.92075e-24 -4.99118 14.0742)
(-6.33772e-24 -4.07621 14.0305)
(-1.20138e-23 -3.5173 13.8533)
(-1.75796e-23 -2.94621 13.6919)
(-8.65882e-24 -2.47914 13.4993)
(4.94371e-23 -2.07508 13.2938)
(2.05072e-22 -1.75006 13.0804)
(4.90565e-22 -1.50572 12.8735)
(8.82207e-22 -1.34942 12.6819)
(1.28212e-21 -1.28107 12.4987)
(1.54747e-21 -1.30231 12.2883)
(1.55864e-21 -1.41689 11.9921)
(1.28955e-21 -1.58297 11.5806)
(8.37748e-22 -1.81997 11.008)
(3.73748e-22 -2.41886 10.012)
(4.74004e-23 -2.59019 8.57921)
(-4.6663e-23 0.226923 6.49064)
(1.37648e-25 -11.1869 28.4082)
(-6.30978e-25 -16.914 24.9683)
(-4.80114e-24 -11.9445 25.3568)
(-1.18816e-23 -12.5271 23.6865)
(-1.8547e-23 -10.7743 22.9672)
(-2.04284e-23 -10.0641 21.9112)
(-1.55675e-24 -9.02949 21.0294)
(7.27637e-23 -8.20628 20.1175)
(2.25285e-22 -7.38526 19.253)
(3.90278e-22 -6.63907 18.3985)
(3.52221e-22 -5.91921 17.5318)
(-2.0565e-22 -5.20217 16.5737)
(-1.52026e-21 -4.44497 15.4184)
(-3.51446e-21 -3.64055 13.9594)
(-5.57379e-21 -2.84748 12.121)
(-6.51094e-21 -2.15447 9.91669)
(-5.38221e-21 -1.57878 7.49141)
(-2.68465e-21 -0.997735 4.78711)
(7.19232e-23 -0.113933 1.56341)
(8.26088e-22 0.52353 -0.705719)
(1.57777e-25 -14.3481 30.8547)
(-2.17937e-24 -18.188 27.9963)
(-7.43715e-24 -13.5778 27.8831)
(-9.10269e-24 -14.4367 25.5881)
(-2.10134e-24 -12.3923 24.6728)
(1.13043e-23 -11.9102 23.1367)
(4.63314e-23 -10.8155 21.9722)
(1.55818e-22 -10.0895 20.7259)
(3.59133e-22 -9.30113 19.5956)
(4.81097e-22 -8.61762 18.4773)
(9.43735e-24 -7.91516 17.3278)
(-1.86621e-21 -7.1237 15.9524)
(-5.79954e-21 -6.03259 14.0108)
(-1.09354e-20 -4.3407 10.945)
(-1.34267e-20 -1.86847 6.38961)
(-9.74976e-21 0.755944 1.32996)
(-4.18029e-21 2.35074 -2.07954)
(-1.6663e-21 3.17865 -3.92631)
(4.32034e-22 4.13282 -5.4268)
(-1.04157e-20 2.8275 -5.04249)
(1.18533e-25 -15.627 31.6138)
(-6.65746e-25 -18.8998 28.8892)
(-4.29798e-24 -14.6366 28.5956)
(1.40598e-24 -15.9586 25.9189)
(2.24408e-23 -13.6024 25.0786)
(4.54017e-23 -13.6148 23.1921)
(7.17492e-23 -12.3779 22.0126)
(1.48538e-22 -11.8929 20.5567)
(3.1477e-22 -11.1247 19.3295)
(4.7234e-22 -10.5602 18.0676)
(2.64589e-22 -9.94762 16.8269)
(-9.31748e-22 -9.29669 15.437)
(-3.78355e-21 -8.43099 13.7025)
(-8.29667e-21 -7.14242 11.2916)
(-1.27229e-20 -5.19232 7.97015)
(-1.43669e-20 -2.86674 4.17936)
(-1.48188e-20 -0.663843 1.32829)
(-1.22814e-20 0.660392 -1.41448)
(6.10159e-21 3.41419 -4.04345)
(-3.49448e-20 3.20413 -7.91532)
(3.11487e-25 -15.7072 30.6842)
(-7.31338e-24 -19.2747 29.6414)
(-1.38691e-23 -15.0674 28.5023)
(-4.72508e-24 -16.2588 25.6827)
(4.21359e-23 -13.952 24.7519)
(1.29275e-22 -13.9986 22.7009)
(2.10599e-22 -12.7589 21.3996)
(2.59956e-22 -12.2429 19.7876)
(2.92339e-22 -11.4606 18.3886)
(3.10637e-22 -10.8308 16.9508)
(1.96822e-22 -10.1775 15.5388)
(-2.94413e-22 -9.51726 14.0698)
(-1.34337e-21 -8.77205 12.4802)
(-2.80346e-21 -7.86878 10.6674)
(-4.10182e-21 -6.68092 8.56683)
(-4.35365e-21 -5.2267 6.18157)
(-3.54383e-21 -3.51359 3.81811)
(-1.65147e-21 -1.79025 1.13296)
(7.15531e-22 0.861896 -1.79996)
(-5.42468e-20 1.90764 -5.53924)
(-4.83984e-25 -15.1298 28.7482)
(1.90627e-23 -19.0016 29.7146)
(2.74049e-23 -15.0354 27.7877)
(4.52057e-23 -15.7273 24.8725)
(7.53065e-23 -13.6724 23.8018)
(7.13966e-23 -13.5266 21.7428)
(6.15992e-23 -12.361 20.334)
(6.04081e-23 -11.7376 18.6675)
(8.84416e-23 -10.9383 17.1591)
(2.24974e-22 -10.2253 15.6436)
(6.83047e-22 -9.52114 14.1714)
(1.69402e-21 -8.83167 12.7372)
(2.89062e-21 -8.14382 11.3328)
(2.66671e-21 -7.43699 9.93159)
(-1.22804e-21 -6.65707 8.49881)
(-9.81262e-21 -5.77886 6.97181)
(-2.16947e-20 -4.68943 5.34835)
(-3.54299e-20 -3.48322 3.51403)
(-5.3047e-20 -1.63054 1.43132)
(-9.01542e-20 -0.0952332 -1.76269)
(2.55003e-24 -14.4598 27.1797)
(-7.74855e-23 -18.33 29.1361)
(-1.2474e-22 -14.674 26.9372)
(-1.34821e-22 -15.0454 23.9425)
(-1.1837e-23 -13.059 22.8469)
(4.2385e-22 -12.8445 20.7327)
(9.88507e-22 -11.5855 19.2965)
(1.68771e-21 -10.9262 17.5622)
(2.73577e-21 -10.0392 16.0579)
(4.2752e-21 -9.32701 14.5874)
(5.52558e-21 -8.65619 13.2271)
(4.08146e-21 -8.07145 11.9264)
(-1.93794e-21 -7.54476 10.6416)
(-8.48312e-21 -7.0443 9.34955)
(-4.19841e-21 -6.56185 8.08892)
(2.01651e-20 -6.08298 7.0234)
(5.6529e-20 -5.64426 6.3292)
(7.00242e-20 -5.17035 6.02344)
(-3.77771e-21 -4.30411 5.57808)
(-2.38258e-19 -2.46442 3.28256)
(-1.11279e-23 -14.3313 26.8146)
(2.52029e-22 -17.4802 28.4518)
(4.14729e-22 -14.1983 26.2905)
(4.65574e-22 -14.2898 23.5046)
(1.66137e-22 -12.2603 22.4024)
(-9.06126e-22 -11.9067 20.3131)
(-1.88539e-21 -10.4409 18.9693)
(-2.93171e-21 -9.65807 17.2389)
(-5.70515e-21 -8.44913 15.6907)
(-1.1977e-20 -7.39973 13.8832)
(-1.69821e-20 -6.19562 11.93)
(-8.30834e-23 -5.0589 9.81543)
(6.50247e-20 -4.04973 7.80565)
(1.62905e-19 -3.42197 6.28686)
(2.15603e-19 -3.46909 5.83724)
(2.00676e-19 -4.3469 6.77251)
(2.69421e-19 -5.57564 8.46154)
(5.79589e-19 -6.66042 10.4094)
(1.11782e-18 -7.45166 11.3849)
(1.02207e-18 -5.34784 9.50499)
(6.27898e-23 -15.3095 28.5849)
(-6.56667e-22 -17.2609 28.8223)
(-1.22603e-21 -14.4847 27.2039)
(-1.2981e-21 -14.3005 24.9899)
(-3.65647e-22 -12.4562 23.9236)
(2.99392e-21 -11.9122 22.2837)
(5.84698e-21 -10.5371 21.2013)
(5.1343e-21 -9.59727 19.6889)
(-3.47571e-22 -8.12106 18.0037)
(-9.50159e-21 -6.59587 15.7666)
(-1.07034e-20 -4.78614 13.208)
(2.55563e-20 -2.98948 10.4646)
(1.23113e-19 -1.24881 7.81849)
(1.98203e-19 0.269982 5.42248)
(-9.10879e-20 1.42505 3.47631)
(-1.2366e-18 1.91315 2.33948)
(-3.26515e-18 1.20865 2.82286)
(-5.0694e-18 -1.21067 5.58884)
(-4.5147e-18 -4.52508 9.46517)
(-1.02445e-18 -4.62519 9.68555)
(-1.79273e-22 -16.3818 30.2942)
(7.27929e-22 -18.8835 31.0637)
(2.27011e-21 -15.5571 28.8857)
(3.09193e-21 -15.6406 26.9541)
(4.80658e-21 -13.8966 25.9839)
(3.43461e-21 -13.5728 24.4579)
(-6.74897e-21 -12.3568 23.5001)
(-2.12127e-20 -11.6822 22.0333)
(-4.01216e-20 -10.3287 20.3497)
(-6.51154e-20 -8.94225 18.0134)
(-8.65622e-20 -7.15004 15.3802)
(-8.49687e-20 -5.35175 12.5435)
(-5.978e-20 -3.48059 9.74134)
(-9.32705e-21 -1.62362 6.89415)
(3.17529e-19 0.240658 4.02222)
(1.03039e-18 1.86866 1.45821)
(-4.39116e-19 3.14767 -0.739948)
(-7.74042e-18 4.29972 -3.1306)
(-1.47908e-17 4.47575 -4.30722)
(-3.54212e-18 1.77941 -1.97645)
(-1.51149e-22 -15.3259 27.4804)
(3.93398e-21 -20.7837 33.4863)
(1.52326e-21 -17.2913 30.4421)
(-8.10429e-22 -16.8113 27.7365)
(-6.84071e-21 -15.2658 26.5367)
(-3.27398e-20 -14.9944 24.9251)
(-2.63948e-20 -14.0027 23.8073)
(-2.25823e-21 -13.5005 22.3392)
(2.40523e-20 -12.536 20.79)
(5.9345e-20 -11.5339 18.8027)
(1.07844e-19 -10.2126 16.5817)
(1.5503e-19 -8.78226 14.1533)
(1.77953e-19 -7.21454 11.6558)
(1.86436e-19 -5.56491 9.07355)
(3.03753e-19 -3.76855 6.37835)
(7.53674e-19 -1.82899 3.52415)
(1.29801e-18 0.734273 0.306545)
(-2.53085e-18 1.91426 -2.62224)
(-2.07383e-17 4.03718 -4.7495)
(3.02865e-17 3.51737 -8.22331)
(6.13007e-21 -12.3387 21.3226)
(-5.01556e-20 -20.501 33.0119)
(-5.78121e-20 -18.5312 31.2725)
(-4.85442e-20 -17.0899 27.6365)
(-5.15838e-21 -15.5302 25.6441)
(2.37445e-19 -14.9596 23.8478)
(3.19571e-19 -14.1092 22.4454)
(2.69283e-19 -13.5024 20.9064)
(1.79565e-19 -12.7339 19.3554)
(2.95882e-20 -11.925 17.6288)
(-1.96102e-19 -10.9771 15.7777)
(-4.00386e-19 -9.92994 13.8131)
(-4.52596e-19 -8.78399 11.7863)
(-3.90974e-19 -7.56537 9.71843)
(-5.07414e-19 -6.24961 7.63219)
(-1.21166e-18 -4.86126 5.48675)
(-3.25088e-18 -3.22999 3.2986)
(-6.95715e-18 -1.62679 0.901204)
(-1.76621e-17 0.954153 -1.82945)
(6.53036e-17 2.0376 -5.64301)
(-5.11195e-20 -9.38263 15.8642)
(3.55314e-19 -18.9771 31.2287)
(4.3991e-19 -18.5575 31.2753)
(3.97403e-19 -16.68 27.3114)
(1.526e-19 -14.9645 24.6592)
(-1.22694e-18 -14.1174 22.6777)
(-1.91151e-18 -13.2714 21.1344)
(-2.02186e-18 -12.5543 19.5783)
(-2.03465e-18 -11.7909 18.0407)
(-1.79206e-18 -11.0102 16.4615)
(-1.12478e-18 -10.1851 14.8523)
(-5.07622e-19 -9.31405 13.2216)
(-6.38612e-19 -8.39577 11.5898)
(-1.26013e-18 -7.44242 9.96985)
(-6.58386e-19 -6.43359 8.37412)
(3.07969e-18 -5.39116 6.75502)
(1.16893e-17 -4.1872 5.0847)
(2.88204e-17 -2.93161 3.14766)
(5.02926e-17 -0.834359 0.678583)
(1.10588e-16 0.631523 -3.05396)
(2.70427e-19 -7.81134 13.261)
(-1.59856e-18 -17.8221 30.2807)
(-2.13871e-18 -17.8829 30.7061)
(-1.90353e-18 -15.9112 26.7072)
(-1.15485e-18 -14.1656 23.8208)
(1.95287e-18 -13.2156 21.7621)
(5.6387e-18 -12.373 20.1884)
(7.90332e-18 -11.6424 18.6694)
(1.01567e-17 -10.8967 17.1942)
(1.15698e-17 -10.1586 15.7415)
(1.09576e-17 -9.424 14.3264)
(1.0679e-17 -8.69457 12.9584)
(1.51889e-17 -7.96752 11.6369)
(2.40769e-17 -7.24201 10.3427)
(2.89135e-17 -6.49007 9.05847)
(2.38083e-17 -5.73028 7.761)
(1.34972e-17 -4.87703 6.50553)
(1.8201e-17 -4.02122 5.18876)
(6.65931e-17 -2.57524 3.61751)
(1.0856e-16 -0.583151 -0.374277)
(-9.57429e-19 -7.90577 13.5995)
(2.6397e-18 -17.2425 30.0608)
(6.01943e-18 -17.1458 29.7627)
(5.07358e-18 -15.1857 25.8194)
(8.25401e-18 -13.488 22.8784)
(3.42091e-17 -12.5159 20.7852)
(1.29301e-17 -11.7088 19.2282)
(-2.88399e-18 -11.042 17.7889)
(-1.7495e-17 -10.3809 16.4192)
(-3.31909e-17 -9.7478 15.0891)
(-4.45394e-17 -9.13628 13.7946)
(-6.16204e-17 -8.53639 12.5139)
(-1.12237e-16 -7.94176 11.2182)
(-2.05402e-16 -7.34731 9.91223)
(-3.04375e-16 -6.77947 8.69321)
(-3.68113e-16 -6.31237 7.77653)
(-4.00653e-16 -5.96272 7.36663)
(-4.16188e-16 -5.68955 7.31642)
(-3.06159e-16 -4.94156 7.0698)
(-2.57106e-17 -2.80398 3.76398)
(1.75728e-18 -8.98922 15.599)
(2.40111e-17 -16.6204 29.4592)
(7.84907e-18 -15.9966 27.9499)
(8.08585e-18 -14.284 24.51)
(-5.32265e-17 -12.7769 21.7656)
(-4.24425e-16 -11.7553 19.6768)
(-2.77513e-16 -10.8987 18.1071)
(-2.19165e-16 -10.2077 16.6493)
(-1.95385e-16 -9.52559 15.2347)
(-9.87154e-17 -8.88843 13.7899)
(2.43095e-17 -8.27631 12.3112)
(1.85493e-16 -7.69737 10.7936)
(5.18941e-16 -7.17098 9.30221)
(1.10975e-15 -6.80133 8.12509)
(1.764e-15 -6.74148 7.64325)
(1.96965e-15 -7.02757 8.17234)
(1.26645e-15 -7.63234 9.60131)
(-2.00248e-17 -8.06881 11.2939)
(-8.39075e-16 -7.87135 11.937)
(-7.33121e-16 -5.48861 9.09821)
(2.04812e-17 -10.4115 17.8582)
(-2.73771e-16 -16.7738 29.5277)
(-2.21465e-16 -14.898 26.1714)
(-2.04197e-16 -12.8153 22.7134)
(2.4654e-16 -11.5845 20.6406)
(2.84853e-15 -10.5868 18.9508)
(1.93656e-15 -9.52614 17.296)
(2.02017e-15 -8.45102 15.4955)
(2.24464e-15 -7.3003 13.5755)
(1.86266e-15 -6.1389 11.5294)
(1.50221e-15 -4.99023 9.45432)
(8.7995e-16 -3.9727 7.52517)
(1.1795e-15 -3.2988 6.15242)
(1.56634e-15 -3.30818 5.94386)
(2.49382e-15 -4.22877 7.28106)
(3.56501e-15 -5.93749 9.94351)
(3.46237e-15 -7.98574 13.1593)
(2.26263e-15 -9.51901 15.9284)
(1.26981e-15 -10.0566 16.5808)
(2.19097e-15 -6.97667 12.5925)
(-1.37718e-16 -10.5934 18.3375)
(1.69706e-15 -18.363 30.8126)
(1.20697e-15 -17.6098 29.3519)
(1.47718e-15 -14.7917 25.224)
(2.06842e-15 -12.7562 22.5226)
(3.28329e-15 -11.4986 21.0151)
(1.46146e-15 -10.21 19.4948)
(1.16538e-15 -8.81284 17.7084)
(7.24953e-16 -7.32916 15.787)
(-2.92518e-16 -5.81112 13.7786)
(-1.676e-15 -4.25843 11.7341)
(-3.32574e-15 -2.72131 9.70635)
(-4.63202e-15 -1.28426 7.80518)
(-4.18446e-15 -0.114279 6.18996)
(-1.69643e-15 0.491604 5.18195)
(9.71782e-16 0.0370015 5.45402)
(2.1115e-15 -1.92136 7.73516)
(1.94536e-15 -5.09471 11.6159)
(1.51643e-15 -7.88348 14.5653)
(1.64887e-15 -6.15716 11.8608)
(8.90004e-17 -7.21603 12.437)
(1.95196e-15 -15.5494 24.402)
(1.34477e-15 -18.6535 28.8676)
(1.17682e-15 -18.4559 29.0321)
(1.56524e-15 -16.6199 26.9314)
(2.17649e-15 -14.6868 24.575)
(1.15751e-15 -13.0243 22.5183)
(8.6704e-16 -11.4534 20.4559)
(1.76866e-16 -9.9162 18.4286)
(-1.06522e-15 -8.4037 16.3904)
(-2.49491e-15 -6.84666 14.2948)
(-4.40487e-15 -5.23195 12.0783)
(-6.31155e-15 -3.54404 9.72059)
(-7.09002e-15 -1.78479 7.19159)
(-6.88576e-15 0.0117319 4.52431)
(-7.1424e-15 1.5441 2.12399)
(-6.50137e-15 2.18607 0.910763)
(-2.079e-15 1.33839 1.63524)
(2.07508e-15 -0.833651 3.97978)
(1.97105e-15 -2.02783 4.92837)
(-4.60693e-19 -3.71645 6.88572)
(-6.10011e-16 -11.4624 18.0799)
(-1.20105e-15 -18.0432 28.0357)
(-1.05164e-15 -21.2372 32.7516)
(-7.56718e-16 -21.1733 32.257)
(-7.82222e-16 -19.7869 29.5849)
(-1.08958e-15 -18.1089 26.6651)
(-1.28804e-15 -16.6998 24.2574)
(-1.49798e-15 -15.4011 22.0246)
(-1.93674e-15 -14.0907 19.8711)
(-2.49619e-15 -12.7525 17.7385)
(-3.13566e-15 -11.3731 15.5951)
(-3.82248e-15 -9.93017 13.4373)
(-4.36148e-15 -8.42441 11.2639)
(-4.54345e-15 -6.83476 9.09235)
(-4.49815e-15 -5.21447 6.96589)
(-4.28676e-15 -3.59654 5.00734)
(-3.15704e-15 -2.20715 3.26026)
(-9.83037e-16 -0.73619 1.65614)
(1.89377e-15 0.638692 -1.0327)
)
;

boundaryField
{
    outletWall
    {
        type            zeroGradient;
    }
    fineWalls
    {
        type            noSlip;
    }
    fineFrontAndBack
    {
        type            zeroGradient;
    }
    fineplugLeft
    {
        type            cyclicAMI;
        value           nonuniform List<vector> 
20
(
(-1.88808e-15 0.562911 -0.371593)
(1.20281e-15 1.77906 2.56432)
(3.36224e-15 3.16877 4.03858)
(4.51299e-15 4.3228 5.59119)
(4.52242e-15 5.65508 7.31547)
(4.35656e-15 6.97817 9.19151)
(4.09103e-15 8.27513 11.1035)
(3.59424e-15 9.49688 13.0144)
(2.94386e-15 10.6657 14.906)
(2.33494e-15 11.7803 16.778)
(1.86799e-15 12.852 18.6314)
(1.51755e-15 13.8967 20.4816)
(1.29154e-15 14.967 22.3319)
(1.07353e-15 16.2536 24.6011)
(8.04001e-16 16.7627 26.1499)
(7.31806e-16 17.7732 28.1937)
(9.83665e-16 17.9488 28.3527)
(9.71278e-16 15.6004 24.0531)
(2.89096e-16 10.528 15.3563)
(-6.30386e-16 4.22324 5.6803)
)
;
    }
    fineplugRight
    {
        type            cyclicAMI;
        value           nonuniform List<vector> 
20
(
(2.48779e-15 -1.2462 0.861531)
(3.73873e-18 -2.39251 3.11468)
(-1.83551e-15 -3.57893 4.43156)
(-2.84919e-15 -4.70818 5.89903)
(-3.10638e-15 -6.01478 7.55105)
(-3.23692e-15 -7.31889 9.35153)
(-3.1705e-15 -8.59619 11.1931)
(-2.8064e-15 -9.80161 13.0404)
(-2.31346e-15 -10.9548 14.8777)
(-1.844e-15 -12.055 16.7056)
(-1.41657e-15 -13.1137 18.5223)
(-1.07122e-15 -14.1454 20.338)
(-9.0053e-16 -15.182 22.1586)
(-7.7475e-16 -16.3715 24.446)
(-4.65763e-16 -16.858 26.1258)
(-4.22838e-16 -17.8595 28.0469)
(-6.70904e-16 -17.9407 27.9246)
(-7.5232e-16 -15.4035 23.1714)
(-1.25258e-16 -10.1722 14.16)
(5.36425e-16 -3.97068 4.62233)
)
;
    }
    inletOutletLeft
    {
        type            cyclicAMI;
        value           nonuniform List<vector> 
20
(
(-1.88808e-15 0.562911 -0.371593)
(1.20281e-15 1.77906 2.56432)
(3.36224e-15 3.16877 4.03858)
(4.51299e-15 4.3228 5.59119)
(4.52242e-15 5.65508 7.31547)
(4.35656e-15 6.97817 9.19151)
(4.09103e-15 8.27513 11.1035)
(3.59424e-15 9.49688 13.0144)
(2.94386e-15 10.6657 14.906)
(2.33494e-15 11.7803 16.778)
(1.86799e-15 12.852 18.6314)
(1.51755e-15 13.8967 20.4816)
(1.29154e-15 14.967 22.3319)
(1.07353e-15 16.2536 24.6011)
(8.04001e-16 16.7627 26.1499)
(7.31806e-16 17.7732 28.1937)
(9.83665e-16 17.9488 28.3527)
(9.71278e-16 15.6004 24.0531)
(2.89096e-16 10.528 15.3563)
(-6.30386e-16 4.22324 5.6803)
)
;
    }
    inletLeft
    {
        type            fixedValue;
        value           uniform (0 -8.7 15);
    }
    inletWallsLeft
    {
        type            noSlip;
    }
    inletFacesLeft
    {
        type            zeroGradient;
    }
    inletOutletRight
    {
        type            cyclicAMI;
        value           nonuniform List<vector> 
20
(
(2.48779e-15 -1.2462 0.861531)
(3.73873e-18 -2.39251 3.11468)
(-1.83551e-15 -3.57893 4.43156)
(-2.84919e-15 -4.70818 5.89903)
(-3.10638e-15 -6.01478 7.55105)
(-3.23692e-15 -7.31889 9.35153)
(-3.1705e-15 -8.59619 11.1931)
(-2.8064e-15 -9.80161 13.0404)
(-2.31346e-15 -10.9548 14.8777)
(-1.844e-15 -12.055 16.7056)
(-1.41657e-15 -13.1137 18.5223)
(-1.07122e-15 -14.1454 20.338)
(-9.0053e-16 -15.182 22.1586)
(-7.7475e-16 -16.3715 24.446)
(-4.65763e-16 -16.858 26.1258)
(-4.22838e-16 -17.8595 28.0469)
(-6.70904e-16 -17.9407 27.9246)
(-7.5232e-16 -15.4035 23.1714)
(-1.25258e-16 -10.1722 14.16)
(5.36425e-16 -3.97068 4.62233)
)
;
    }
    inletRight
    {
        type            fixedValue;
        value           uniform (0 8.7 15);
    }
    inletWallsRight
    {
        type            noSlip;
    }
    inletFacesRight
    {
        type            zeroGradient;
    }
}


// ************************************************************************* //
