/*--------------------------------*- C++ -*----------------------------------*\
| =========                 |                                                 |
| \\      /  F ield         | OpenFOAM: The Open Source CFD Toolbox           |
|  \\    /   O peration     | Version:  4.1                                   |
|   \\  /    A nd           | Web:      www.OpenFOAM.org                      |
|    \\/     M anipulation  |                                                 |
\*---------------------------------------------------------------------------*/
FoamFile
{
    version     2.0;
    format      ascii;
    class       surfaceScalarField;
    location    "12";
    object      phi;
}
// * * * * * * * * * * * * * * * * * * * * * * * * * * * * * * * * * * * * * //

dimensions      [0 3 -1 0 0 0 0];

internalField   nonuniform List<scalar> 
2360
(
-6342.85
-3983.52
-2359.33
-3983.52
-3983.52
-1833.13
-2150.39
-1833.13
-1833.13
-1833.13
634.432
-2467.56
634.429
634.431
3503.19
-2868.76
3503.19
3503.19
7238.22
-3735.03
7238.21
7238.22
12875.7
-5637.51
12875.7
12875.7
13327.7
14808.9
16576.1
18264.2
19789.4
21167.8
17636.5
4815.24
18822.4
19926.7
20953
21903.8
22781.7
23590.4
24334
25015.7
25637.4
26201.9
26715.9
27190.7
27560.6
12196.2
15364.4
12196.2
12196.2
12196.2
145.477
12050.7
145.475
145.47
145.47
-70.6938
216.161
-70.6968
-70.6993
441.148
-511.848
441.144
441.141
441.14
-11307.2
11748.3
-11307.2
-11307.2
-11307.2
-27179
15871.8
-26812.3
-26338.5
-25824.5
-25259.1
-24635.9
-23952.3
-23206.5
-22395.5
-21515.1
-20562
-19533.4
-18426.9
-17238.2
-21464.2
5512.84
-20086.4
-18562.2
-16875.9
-15112.1
-13636.6
-13191.8
-13191.8
-13191.8
-7658.63
-5533.21
-7658.63
-7658.63
-2927.5
-4731.12
-2927.5
-2927.5
994.128
-3921.63
994.128
994.128
4105.7
-3111.57
4105.7
4105.7
4105.7
6677.42
-2571.73
6677.42
6677.42
8922.69
-2245.27
-1058.79
5012.89
-1012.15
6214.05
-1568.32
-2120.42
-3118.93
-7869.14
-5368.2
-9171.62
-7283.91
-10589.1
-8086.54
-13416.6
-6655.01
-15058.8
-2596.78
-9514.03
342.86
6340.63
1238.69
17555.8
1982.92
19751.9
2515.5
17500.9
2833.73
11330.9
3242.71
3516.93
3511.66
-1971.4
3571.16
-3054.84
3251.85
-2517.44
-3785.37
-1319.13
5214.59
-1443.16
6338.07
-2931
-632.577
-5353.82
-5446.31
-7773.8
-6751.65
-9404.69
-8958.21
-9954.31
-12867
-8450.38
-16562.7
-3412.23
-14552.2
418.475
2509.92
1007.63
16966.6
1662.64
19096.9
2296.51
16867.1
2916.23
10711.2
3905.46
2527.71
4563.1
-2629.04
4721.88
-3213.62
4058.87
-1854.42
-2298.23
-1617.34
5485.23
-2057.62
6778.36
-4051.58
1361.38
-6362.67
-3135.23
-7953.51
-5160.81
-8628.25
-8283.46
-8617.99
-12877.2
-7704.01
-17476.7
-4623.28
-17632.9
-456.519
-1656.83
845.707
15664.4
1160.2
18782.4
1867.99
16159.3
2812.67
9766.51
4337.1
1003.28
5390.97
-3682.92
5634.31
-3456.96
4768.11
-988.225
-641.691
-1863.88
5842.6
-2578.19
7492.67
-4750.3
3533.49
-6619.56
-1265.96
-7070.25
-4710.13
-6467.16
-8886.56
-5598.33
-13746.1
-4918.24
-18156.8
-3813.87
-18737.3
-865.44
-4605.26
475.046
14323.9
424.042
18833.4
1193.23
15390.1
2509.89
8449.86
4665.24
-1152.07
6197.41
-5215.09
6655.39
-3914.94
5632.78
34.3872
1069.45
-1978.01
6301.42
-2842.37
8357.04
-4740.04
5431.16
-5783.7
-222.294
-5099.09
-5394.74
-3613.36
-10372.3
-2433.58
-14925.8
-2006.33
-18584
-2305.55
-18438.1
-1510.34
-5400.48
-582.19
13395.7
-484.988
18736.2
229.623
14675.5
2132.17
6547.31
4751.62
-3771.53
6511.14
-6974.61
7225.55
-4629.35
6398.18
861.766
2736.51
-1972.87
6853.62
-2879.17
9263.35
-4228.04
6780.02
-4394.9
-55.4365
-3182.94
-6606.7
-1839.68
-11715.5
-1215.58
-15549.9
-1275.54
-18524.1
-2243.86
-17469.7
-2935.88
-4708.46
-2071.78
12531.6
-1532.42
18196.9
-1049.03
14192.1
1525.92
3972.37
3519.92
-5765.52
4086.08
-7540.77
4920.56
-5463.84
5353.46
428.873
2556.75
-2038.24
7433.7
-2878.93
10104
-3670.5
7571.59
-3195.33
-530.604
-1965.8
-7836.24
-1266.93
-12414.4
-1403.15
-15413.7
-2101.8
-17825.4
-3608.77
-15962.8
-4707.71
-3609.52
-3719.51
11543.4
-2980.28
17457.6
-2461.09
13672.9
-841.862
2353.13
-1746.94
-4860.44
-3117.21
-6170.5
-2572.6
-6008.45
-399.023
-1744.71
7670.56
-2501.4
7864.06
-3050.52
10653.2
-3211.31
7732.38
-2263.9
-1478.01
-1289.6
-8810.53
-1288.62
-12415.4
-1938.86
-14763.5
-3215.94
-16548.4
-5315.04
-13863.7
-6562.37
-2362.19
-5701.67
10682.7
-4739.75
16495.7
-4307.02
13240.2
-5959.23
4005.35
-9082.06
-1737.61
-10369.7
-4882.83
-11385.2
-4992.99
-13237.8
107.926
10304.6
-3711.4
7875.81
-3603.15
10544.9
-2866.5
6995.73
-1517.07
-2827.44
-951.481
-9376.13
-1546.11
-11820.8
-2484.1
-13825.5
-4337.27
-14695.2
-6926.86
-11274.1
-8217.85
-1071.2
-7501.71
9966.6
-6674.75
15668.7
-7968.59
14534
-12056.6
8093.37
-14506.3
712.04
-14779.3
-4609.75
-15384.6
-4387.77
-15090.5
-186.155
6962.41
-5647.98
7277.72
-4577.42
9474.34
-2601.28
5019.59
-972.403
-4456.31
-994.311
-9354.22
-1882.82
-10932.3
-3089.29
-12619
-5583.03
-12201.4
-8429
-8428.09
-9471.99
-28.2143
-8825.65
9320.26
-8658.45
15501.5
-10867.2
16742.7
-13849.5
11075.7
-13646.9
509.455
-11890.4
-6366.29
-10125.7
-6152.48
-7209.5
-3102.36
-758.932
-8558.97
5756.47
-5698.68
6614.06
-2086.35
1407.25
-667.51
-5875.15
-1326.75
-8694.98
-2179.97
-10079
-3834.27
-10964.7
-6971.89
-9063.83
-10004.9
-5395.04
-11034.2
1001.03
-10722.8
9008.85
-11225.2
16003.9
-13464.4
18981.9
-14961.1
12572.5
-13602.5
-849.151
-12639.3
-7329.51
-12280.8
-6510.99
-8864.89
-6518.25
-9407.66
-9817.16
2435.7
-4533.85
1330.76
-1126.09
-2000.51
-903.037
-6098.2
-1602.61
-7995.4
-2429.56
-9252.1
-4679.05
-8715.23
-8278.21
-5464.66
-11396.7
-2276.58
-12778.1
2382.5
-13147
9377.69
-13863.3
16720.3
-14595
19713.6
-12296
10273.4
-8442.17
-4702.97
-8839.66
-6932.01
-12780.8
-2569.9
-14586.4
-4712.6
-11943.4
-6143.05
-1280.8
-2040.73
-2771.56
-1021.24
-3020
-1297.44
-5822
-1682.99
-7609.85
-2668.86
-8266.23
-5428.93
-5955.16
-9111.27
-1782.33
-12010
622.195
-13710.9
4083.35
-14723.3
10390.1
-15241.2
17238.2
-13890.1
18362.5
-8691.48
5074.85
-4161.24
-9233.21
-2815.56
-8277.69
-5242.84
-142.616
-10484.5
529.014
-7063.44
-4270.05
-3118.54
-2414.41
-4627.2
-1551.64
-3882.76
-1389.38
-5984.27
-1708.65
-7290.57
-2797.84
-7177.04
-5735.08
-3017.92
-9063.47
1546.07
-11644.5
3203.17
-13521.6
5960.55
-14737.6
11606.1
-14661.9
17162.5
-11475
15175.6
-5781.56
-618.596
-2873.9
-12140.9
-952.556
-10199
2282.28
-3377.45
3387.2
-575.898
1139.01
-3448.48
-4042.37
-2384.99
-5690.69
-1584.91
-4682.85
-1416.6
-6152.57
-1698.23
-7008.95
-2657.02
-6218.26
-5240.23
-434.703
-8008.74
4314.58
-10443.7
5638.16
-12362
7878.78
-13368.2
12612.3
-12467.9
16262.2
-7810.74
10518.5
-2852.5
-5576.83
-1186.24
-13807.1
19.1394
-11404.4
2007.21
-5365.52
4220.59
-2789.28
-277.913
-2883.08
-4509.08
-2272.39
-6301.38
-1621.38
-5333.85
-1433.02
-6340.94
-1617.99
-6823.97
-2287.45
-5548.79
-4214.96
1492.8
-6371.7
6471.32
-8645.48
7911.93
-10462.4
9695.66
-11102.3
13252.2
-9495.57
14655.5
-4225.39
5248.28
-615.918
-9186.3
188.56
-14611.6
1044.59
-12260.4
2392.37
-6713.31
3386.74
-3783.65
-626.198
-2587.61
-4778.26
-2152.86
-6736.13
-1613.58
-5873.13
-1417.74
-6536.77
-1486.08
-6755.64
-1802.36
-5232.52
-3041.41
2731.86
-4608.45
8038.36
-6537.68
9841.16
-8133.85
11291.8
-8437.71
13556.1
-6429.44
12647.2
-1531.02
349.867
965.454
-11682.8
1404.92
-15051.1
1864.95
-12720.5
2636.88
-7485.24
3015.2
-4161.97
-479.761
-2377.84
-4962.52
-2038.54
-7075.43
-1611.84
-6299.83
-1392.81
-6755.81
-1317.29
-6831.16
-1254.4
-5295.41
-1897.5
3374.95
-2986.57
9127.43
-4448.22
11302.8
-5710.34
12554
-5763.73
13609.5
-3443.02
10326.5
519.042
-3612.19
2080.18
-13243.9
2389.17
-15360.1
2515.77
-12847.1
2859.13
-7828.61
2877.29
-4180.13
-70.0311
-2213.03
-5076.22
-1957.54
-7330.92
-1612.34
-6645.03
-1346.08
-7022.07
-1138.31
-7038.92
-751.617
-5682.11
-935.222
3558.56
-1662.57
9854.78
-2740.48
12380.7
-3676.33
13489.8
-3596.17
13529.3
-1051.46
7781.77
1880.2
-6543.85
2836.99
-14200.7
3032.55
-15555.6
2941.35
-12755.9
2939.48
-7826.74
2813.35
-4053.99
592.932
-2109.66
-1918.21
-1620.06
-1298.15
-1018.11
-591.873
-273.847
-418.033
-906.951
-1336.79
-1207.04
482.465
2429.14
3297.55
3381.29
3128.22
2875.99
2773.1
-222.076
-229.911
-63.7377
-1639.51
191.299
-2022.24
416.497
-1913.3
595.719
-1704.46
740.518
-1523.19
835.22
-1378.6
914.45
-1265.14
975.688
-1165.49
1019.86
-1070.46
1046.05
-977.015
1052.7
-884.589
1037.8
-793.814
999.118
-704.827
935.228
-617.812
844.494
-530.968
724.19
-444.25
563.294
-353.099
337.734
-249.206
-32.1247
-131.861
-98.044
-272.699
-1498.67
-237.363
-2057.57
-137.757
-2012.9
-28.5073
-1813.7
81.2209
-1632.91
195.307
-1492.68
303.498
-1373.32
399.22
-1261.21
477.777
-1149.01
536.398
-1035.63
573.669
-921.855
589.084
-809.225
582.572
-698.311
554.695
-589.932
505.143
-481.412
432.392
-371.499
326.96
-247.665
177.314
-99.5574
145.19
55.9634
-153.999
-14.5675
-1428.14
11.9636
-2084.1
104.425
-2105.36
208.736
-1918.01
314.327
-1738.49
420.341
-1598.69
522.321
-1475.3
613.824
-1352.71
689.962
-1225.14
747.507
-1093.17
783.719
-958.063
795.732
-821.236
780.296
-682.871
734.123
-543.756
654.135
-401.42
538.756
-256.118
386.178
-95.0837
191.871
94.7544
337.061
484.628
-638.623
706.434
-1649.94
715.503
-2093.17
679.983
-2069.84
674.202
-1912.23
703.989
-1768.28
753.483
-1648.18
803.327
-1525.14
843.831
-1393.21
871.006
-1252.31
883.585
-1105.75
878.753
-953.228
851.632
-794.113
794.89
-626.127
702.33
-451.193
570.132
-269.219
399.833
-85.8147
231.115
73.6407
80.2547
245.62
417.316
627.637
-1266.26
995.734
-2018.04
945.575
-2043.01
770.355
-1894.62
641.9
-1783.77
560.849
-1687.23
494.398
-1581.73
418.927
-1449.67
331.037
-1305.32
232.694
-1153.97
126.669
-999.722
13.6114
-840.166
-104.674
-675.82
-222.859
-507.934
-333.262
-340.78
-422.042
-180.428
-465.43
-42.4168
-453.57
61.7888
-323.271
115.329
94.0446
294.186
-1560.44
333.648
-2057.5
137.108
-1846.47
-78.5648
-1678.95
-256.906
-1605.43
-422.256
-1521.88
-590.004
-1413.98
-765.588
-1274.08
-946.268
-1124.64
-1130.21
-970.026
-1315.9
-814.035
-1499.38
-656.678
-1671.36
-503.845
-1814
-365.29
-1894.42
-260.358
-1857.93
-216.913
-1645.67
-254.677
-1216.57
-367.314
-592.453
-508.783
-498.408
-105.211
-1455.23
-243.782
-1918.93
-391.478
-1698.77
-540.913
-1529.51
-712.463
-1433.88
-905.3
-1329.04
-1100.89
-1218.39
-1289.31
-1085.66
-1467.5
-946.454
-1636.59
-800.929
-1794.51
-656.118
-1930.49
-520.693
-2020.34
-413.999
-2026.04
-359.586
-1910.96
-375.443
-1655.67
-472.2
-1259.39
-650.954
-761.075
-865.63
-286.459
-983.397
-784.868
-151.753
-1303.48
-137.595
-1933.09
-86.1182
-1750.25
-91.2263
-1524.4
-129.718
-1395.39
-181.009
-1277.75
-222.852
-1176.55
-242.888
-1065.63
-234.355
-954.989
-194.42
-840.866
-122.927
-727.613
-23.17
-620.454
96.2715
-533.444
222.274
-485.594
338.982
-492.154
425.143
-558.364
441.319
-667.131
354.351
-778.662
177.45
-806.497
-607.418
-30.6331
-1272.84
27.4956
-1991.21
102.681
-1825.43
158.178
-1579.9
210.541
-1447.75
262.442
-1329.65
319.491
-1233.6
388.333
-1134.46
474.248
-1040.9
583.092
-949.706
716.646
-861.166
870.304
-774.11
1025.52
-688.66
1148.41
-608.486
1198.82
-542.567
1142.85
-502.393
967.787
-492.065
684.802
-495.679
347.098
-468.796
-260.319
87.3173
-1360.16
139.438
-2043.33
187.191
-1873.18
240.239
-1632.94
304.835
-1512.35
370.174
-1394.99
435.501
-1298.92
498.086
-1197.05
557.78
-1100.6
614.12
-1006.05
667.329
-914.377
718.277
-825.058
766.905
-737.289
808.653
-650.235
830.248
-564.164
807.622
-479.768
715.945
-400.39
537.473
-317.209
282.363
-213.69
22.0438
178.963
-1539.12
224.226
-2088.6
249.904
-1898.86
292.846
-1675.89
354.641
-1574.14
413.764
-1454.11
475.811
-1360.97
536.059
-1257.3
596.574
-1161.11
652.912
-1062.38
700.957
-962.423
735.013
-859.115
750.52
-752.797
744.18
-643.895
713.691
-533.677
654.113
-420.191
557.024
-303.301
408.679
-168.865
207.606
-12.6211
229.65
240.025
-1779.15
249.964
-2098.54
266.503
-1915.4
313.61
-1722.99
382.81
-1643.34
448.426
-1519.73
523.238
-1435.79
600.286
-1334.35
684.338
-1245.17
766.198
-1144.25
837.536
-1033.76
886.477
-908.059
905.612
-771.934
890.129
-628.414
837.079
-480.628
743.847
-326.962
608.223
-167.679
416.901
22.454
207.466
196.811
437.116
200.919
-1980.07
143.779
-2041.4
145.683
-1917.31
174.977
-1752.29
221.247
-1689.61
267.752
-1566.23
328.579
-1496.61
396.465
-1402.24
474.598
-1323.3
547.276
-1216.92
600.941
-1087.43
622.047
-929.166
609.805
-759.692
563.921
-582.531
482.777
-399.486
370.811
-214.997
253.113
-49.9837
157.646
117.919
37.7878
316.667
474.904
51.0987
-2031.17
-57.8182
-1932.49
-103.92
-1871.21
-144.168
-1712.04
-179.712
-1654.07
-213.05
-1532.9
-241.237
-1468.43
-263.47
-1380.01
-282.282
-1304.49
-304.317
-1194.89
-336.221
-1055.53
-376.092
-889.299
-416.583
-719.205
-456.912
-542.206
-498.758
-357.645
-537.099
-176.661
-566.998
-20.0894
-557.783
108.7
-411.39
170.271
63.5142
-52.4112
-1978.76
-144.834
-1840.07
-217.43
-1798.61
-303.964
-1625.51
-391.421
-1566.62
-486.337
-1437.98
-590.515
-1364.25
-701.77
-1268.75
-820.404
-1185.86
-935.371
-1079.93
-1035.78
-955.125
-1108.18
-816.894
-1148.5
-678.892
-1160.66
-530.047
-1154.13
-364.169
-1122.89
-207.912
-1028.66
-114.32
-795.925
-124.033
-410.619
-215.038
-347.105
-16.9127
-1961.85
-51.7105
-1805.27
-77.8843
-1772.44
-118.07
-1585.33
-157.663
-1527.03
-204.722
-1390.93
-261.199
-1307.78
-326.553
-1203.4
-397.408
-1115.01
-457.335
-1020
-488.388
-924.073
-480.791
-824.493
-435.84
-723.845
-351.939
-613.951
-229.929
-486.182
-84.9292
-352.917
49.9317
-249.186
151.066
-225.173
162.599
-226.575
-184.506
12.8625
-1974.71
-3.36309
-1789.04
0.812896
-1776.62
15.8799
-1600.4
30.5337
-1541.68
59.444
-1419.84
88.2617
-1336.6
124.254
-1239.39
163.07
-1153.82
211.446
-1068.38
274.325
-986.955
354.538
-904.708
450.473
-819.783
564.869
-728.348
699.817
-621.132
826.836
-479.938
869.801
-292.152
723.269
-78.6439
410.797
85.893
226.292
-121.54
-1853.18
-268.502
-1642.08
-378.843
-1666.28
-443.102
-1536.14
-497.667
-1487.12
-515.937
-1401.57
-518.041
-1334.49
-495.774
-1261.66
-456.207
-1193.39
-399.588
-1125
-329.027
-1057.52
-244.651
-989.085
-146.341
-918.094
-35.7693
-838.92
79.3416
-736.244
181.014
-581.612
241.851
-352.991
214.951
-51.7457
101.368
199.474
327.66
-198.867
-1654.31
-442.551
-1398.4
-701.313
-1407.52
-914.682
-1322.77
-1118.15
-1283.65
-1286.5
-1233.23
-1430.3
-1190.69
-1544.47
-1147.49
-1632.13
-1105.74
-1693.24
-1063.89
-1728.85
-1021.9
-1738.71
-979.224
-1721.69
-935.116
-1673.95
-886.662
-1584.51
-825.683
-1428.79
-737.334
-1178.49
-603.285
-815.011
-415.228
-404.644
-210.894
-76.9842
-679.31
-1102.71
-1535.23
-1883
-2191.64
-2449.87
-2665.56
-2838.06
-2968.79
-3057.69
-3104.59
-3108.81
-3068.93
-2980.59
-2831.27
-2593.61
-2221.89
-1662.12
-898.016
-679.321
1654.32
-1102.73
1398.41
-1535.26
1407.53
-1883.05
1322.79
-2191.72
1283.66
-2449.96
1233.25
-2665.67
1190.71
-2838.19
1147.52
-2968.95
1105.76
-3057.87
1063.92
-3104.8
1021.93
-3109.05
979.255
-3069.21
935.153
-2980.9
886.698
-2831.6
825.695
-2593.87
737.274
-2222
603.129
-1662.07
415.07
-897.947
210.878
77.0531
-198.89
1853.21
-442.599
1642.13
-701.386
1666.32
-914.782
1536.19
-1118.28
1487.17
-1286.66
1401.62
-1430.5
1334.55
-1544.7
1261.72
-1632.39
1193.45
-1693.53
1125.06
-1729.18
1057.58
-1739.07
989.152
-1722.1
918.175
-1674.41
839.012
-1585.01
736.299
-1429.28
581.539
-1178.89
352.741
-815.312
51.4931
-404.857
-199.576
-327.804
-121.528
1974.74
-268.486
1789.09
-378.826
1776.66
-443.07
1600.43
-497.625
1541.72
-515.88
1419.88
-517.967
1336.64
-495.68
1239.44
-456.091
1153.86
-399.449
1068.42
-328.868
986.998
-244.473
904.759
-146.143
819.847
-35.5603
728.432
79.5226
621.218
181.069
479.995
241.611
292.202
214.554
78.5535
101.067
-86.0856
-226.737
12.9362
1961.81
-3.21923
1805.24
1.02766
1772.42
16.2016
1585.26
30.9566
1526.97
60.0026
1390.84
88.9698
1307.67
125.143
1203.27
164.158
1114.85
212.738
1019.84
275.798
923.939
356.151
824.407
452.199
723.8
566.669
613.963
701.551
486.337
828.22
353.327
870.69
249.733
723.532
225.713
410.779
226.668
184.042
-16.7193
1978.53
-51.3384
1839.86
-77.3226
1798.4
-117.32
1625.26
-156.717
1566.37
-203.579
1437.7
-259.86
1363.96
-325.02
1268.43
-395.671
1185.5
-455.371
1079.55
-486.194
954.764
-478.402
816.617
-433.291
678.69
-349.238
529.912
-227.103
364.204
-82.0515
208.279
52.4671
115.219
153.221
124.963
163.915
215.978
347.957
-52.5734
2031.1
-144.991
1932.28
-217.653
1871.06
-304.314
1711.92
-391.887
1653.94
-486.975
1532.79
-591.345
1468.33
-702.837
1379.92
-821.709
1304.38
-936.866
1194.7
-1037.36
1055.26
-1109.76
889.014
-1149.99
718.922
-1161.97
541.898
-1155.11
357.34
-1123.35
176.523
-1028.28
20.1473
-794.823
-108.494
-409.613
-169.232
-61.6556
50.7404
1980.36
-58.2799
2041.3
-104.543
1917.33
-144.995
1752.37
-180.758
1689.7
-214.324
1566.36
-242.76
1496.76
-265.257
1402.42
-284.364
1323.48
-306.699
1217.04
-338.874
1087.43
-378.928
929.069
-419.535
759.53
-459.956
582.32
-501.881
399.266
-540.347
214.991
-570.39
50.192
-560.622
-118.262
-412.967
-316.886
-474.623
200.801
1779.56
143.474
2098.63
145.261
1915.54
174.44
1723.19
220.576
1643.57
266.965
1519.97
327.673
1436.06
395.448
1334.64
473.446
1245.48
545.943
1144.54
599.378
1034
620.248
908.199
607.806
771.972
561.774
628.351
480.585
480.456
368.901
326.674
251.854
167.239
156.659
-23.0667
37.0334
-197.26
-437.589
240.222
1539.34
250.064
2088.79
266.538
1899.07
313.627
1676.11
382.822
1574.37
448.445
1454.34
523.283
1361.22
600.374
1257.55
684.48
1161.38
766.383
1062.64
837.732
962.648
886.65
859.282
905.735
752.887
890.193
643.894
837.073
533.576
743.769
419.978
608.051
302.958
416.588
168.397
207.313
12.0149
-230.276
179.271
1360.07
224.519
2043.54
250.121
1873.46
293.031
1633.2
354.825
1512.58
413.948
1395.22
476.007
1299.16
536.274
1197.29
596.825
1100.83
653.206
1006.26
701.287
914.568
735.348
825.222
750.817
737.419
744.387
650.324
713.752
564.212
653.999
479.732
556.762
400.195
408.387
316.772
207.41
212.992
-22.8661
87.6609
1272.41
139.782
1991.42
187.442
1825.81
240.418
1580.22
304.974
1448.02
370.257
1329.94
435.517
1233.9
498.009
1134.79
557.589
1041.25
613.763
950.085
666.759
861.573
717.454
774.526
765.819
689.055
807.315
608.829
828.764
542.763
806.155
502.342
714.666
491.684
536.538
494.901
281.812
467.721
258.946
-30.314
1302.72
27.7304
1933.37
102.832
1750.7
158.416
1524.63
210.975
1395.46
263.125
1277.78
320.424
1176.6
389.465
1065.75
475.494
955.217
584.313
841.262
717.674
728.21
870.935
621.262
1025.61
534.381
1148
486.431
1198.31
492.455
1142.31
558.347
967.483
666.508
684.761
777.623
347.241
805.241
606.187
-151.242
1453.96
-136.437
1918.57
-84.3064
1698.57
-88.7266
1529.05
-126.438
1433.17
-176.857
1328.2
-217.795
1217.54
-236.924
1084.88
-227.494
945.787
-186.655
800.422
-114.298
655.854
-13.8218
520.785
106.057
414.501
232.032
360.456
348.281
376.205
433.34
473.287
447.469
652.379
357.997
867.095
178.956
984.281
785.143
-106.221
1560.18
-244.595
2056.94
-391.571
1845.54
-540.482
1677.96
-711.764
1604.45
-904.371
1520.81
-1099.64
1412.81
-1287.65
1272.89
-1465.3
1123.43
-1633.72
968.847
-1790.82
812.951
-1925.81
655.768
-2014.51
503.203
-2019.11
365.057
-1903.68
260.771
-1648.6
218.214
-1253.08
256.853
-756.3
370.316
-284.254
512.234
500.889
292.383
1267.8
330.593
2018.73
133.779
2042.36
-81.8879
1893.63
-260.455
1783.02
-426.245
1686.6
-594.505
1581.07
-770.573
1448.95
-951.69
1304.55
-1136.03
1153.19
-1322.07
998.995
-1505.8
839.493
-1677.81
675.213
-1820.12
507.365
-1899.52
340.169
-1861.33
180.027
-1646.98
42.4933
-1216.14
-60.5174
-591.056
-112.854
-90.1673
627.225
640.57
995.199
1650.75
944.643
2092.91
768.821
2069.45
639.748
1912.09
557.981
1768.36
490.718
1648.33
414.422
1525.25
325.75
1393.22
226.716
1252.22
120.14
1105.57
6.71248
952.917
-111.66
793.582
-229.757
625.456
-340.129
450.537
-428.572
268.463
-471.68
85.5981
-458.844
-73.3563
-326.273
-245.428
-416.441
488.387
152.182
712.182
1426.96
721.238
2083.86
684.863
2105.82
678.243
1918.71
707.376
1739.23
756.307
1599.4
805.622
1475.93
845.596
1353.25
872.239
1225.57
884.297
1093.51
878.915
958.298
851.139
821.357
793.722
682.872
700.629
543.628
567.927
401.164
397.723
255.798
229.681
94.6827
79.319
-95.0694
-337.122
61.2653
90.9152
-8.20692
1496.43
18.1509
2057.5
110.214
2013.76
214.25
1814.68
319.69
1633.79
425.555
1493.53
527.279
1374.21
618.448
1262.08
694.187
1149.83
751.294
1036.4
787.038
922.553
798.555
809.839
782.603
698.824
735.899
590.331
655.382
481.68
539.565
371.615
386.645
247.602
192.33
99.2445
-144.791
-130.862
221.776
-271.916
1637.48
-236.911
2022.5
-137.781
1914.63
-29.0572
1705.95
80.1193
1524.61
193.668
1379.98
301.576
1266.3
397.166
1166.49
475.677
1071.32
534.316
977.763
571.663
885.206
587.21
794.293
580.87
705.164
553.184
618.017
503.819
531.045
431.23
444.204
325.966
352.866
176.495
248.715
31.7035
-222.978
-61.018
197.69
426.016
607.751
754.572
847.725
925.339
985.271
1028.08
1052.69
1057.55
1040.75
1000.16
934.566
842.463
721.246
560.059
334.986
)
;

boundaryField
{
    outletWall
    {
        type            calculated;
        value           nonuniform List<scalar> 
60
(
8922.69
4791.95
2836.76
2995.33
1702.45
-3925.9
-11649.2
-18033.5
-20496.2
-18451.6
-9280.27
5455.8
13627.3
14219.2
12504.8
11420.9
9419.75
2676.58
-6260.68
-4920.94
2187.1
2326.73
2562.1
2856.78
3349.8
4372.31
6107.79
9859.55
13137.9
10080.2
6246.07
3699.66
2071.03
1458.17
1420.66
1519.19
1506.5
1346.7
1117.43
966.839
6342.85
1006.7
-3951.1
-7574.51
-12502.8
-15639.4
-15069.1
-8490.53
6092.26
13399.5
13919.6
12869.6
9998.97
3240.53
-6108.34
-7318.97
-7343.97
-6943.19
-7522.36
-5153.66
)
;
    }
    fineWalls
    {
        type            calculated;
        value           uniform 0;
    }
    fineFrontAndBack
    {
        type            calculated;
        value           nonuniform List<scalar> 
960
(
2.67008e-13
8.33164e-13
3.28362e-13
7.58482e-13
1.10231e-11
3.47125e-12
2.52743e-12
6.634e-13
-7.1196e-12
-3.11429e-12
-3.62351e-12
4.79022e-13
1.70854e-12
1.63095e-12
6.77172e-12
1.21571e-12
1.17978e-12
3.64689e-12
5.3048e-13
3.55858e-13
6.16352e-14
-1.13881e-13
-2.00862e-13
-3.01581e-13
-3.65119e-13
-5.10201e-13
-9.68594e-12
-6.35675e-13
-6.83072e-13
-7.18732e-13
-7.35248e-13
-7.34204e-13
-7.05516e-13
-6.12882e-13
-4.25489e-13
-1.44006e-13
2.12387e-13
4.84681e-13
6.23866e-13
3.12376e-13
2.07572e-11
3.69122e-12
3.4245e-12
2.98631e-12
1.62394e-11
2.21114e-12
2.15135e-12
-4.09803e-13
1.48222e-10
4.05306e-11
1.5882e-11
-2.17345e-11
-5.53803e-12
-2.26851e-12
-1.62964e-12
-1.86231e-11
-4.48452e-12
-4.79379e-12
-5.05684e-12
-2.57045e-11
-3.52408e-13
-6.51245e-13
-5.063e-13
-2.16664e-13
1.38891e-13
3.99353e-13
5.37772e-13
5.79616e-13
5.8317e-13
5.87116e-13
5.73093e-13
5.24538e-13
4.60658e-13
4.26212e-12
2.88364e-13
1.46843e-13
1.24448e-13
7.70615e-14
6.8369e-14
-2.65656e-14
3.58711e-13
1.8619e-13
2.70956e-12
9.89355e-13
1.07912e-12
7.4143e-12
2.32663e-12
1.74361e-12
4.88476e-12
9.4154e-13
-7.62178e-13
-7.10769e-13
1.05934e-12
1.76515e-12
2.85716e-12
1.56323e-11
2.60459e-12
2.02067e-12
6.19314e-12
3.2341e-13
1.69149e-11
1.91675e-11
1.96426e-11
2.42482e-11
3.04681e-11
3.64259e-11
3.91727e-11
3.72216e-11
3.26352e-11
3.13728e-11
2.83788e-11
2.09413e-11
1.19606e-11
4.95979e-12
1.06434e-12
-3.1347e-13
-1.2182e-12
-1.14581e-12
-4.03909e-12
1.70853e-11
1.91607e-11
2.18974e-11
3.07056e-11
3.80227e-11
4.04967e-11
3.66681e-11
2.87152e-11
2.26278e-11
2.80697e-11
2.84717e-11
2.12749e-11
1.24197e-11
5.50389e-12
1.70106e-12
2.69136e-13
-7.72889e-13
-6.9689e-13
-4.70411e-12
1.72767e-11
1.91547e-11
2.37996e-11
3.4406e-11
3.74369e-11
3.29548e-11
2.29122e-11
1.1957e-11
6.94904e-12
1.65506e-11
2.84078e-11
2.16921e-11
1.28775e-11
6.06598e-12
2.43025e-12
8.77913e-13
-1.53328e-13
-5.72941e-13
-2.08009e-12
1.75748e-11
1.91511e-11
2.49472e-11
3.45375e-11
3.04874e-11
1.83139e-11
3.48822e-12
-7.81188e-12
-9.66874e-12
4.45533e-12
2.77616e-11
2.19085e-11
1.32246e-11
6.47616e-12
3.1867e-12
1.4447e-12
3.91605e-13
7.89551e-14
-3.26334e-12
1.81041e-11
1.92295e-11
2.43021e-11
2.83877e-11
1.65232e-11
-4.51267e-13
-1.5204e-11
-2.20027e-11
-1.84686e-11
-1.14823e-12
2.55865e-11
2.18671e-11
1.33277e-11
6.61734e-12
3.74716e-12
2.16853e-13
-2.13795e-12
-1.05621e-12
-3.94394e-12
1.86061e-11
1.96271e-11
2.28118e-11
1.98835e-11
1.49496e-12
-1.48831e-11
-2.5054e-11
-2.53526e-11
-1.64041e-11
1.57015e-12
2.19286e-11
2.16382e-11
1.30917e-11
6.34084e-12
-7.71974e-13
-8.56832e-12
-1.55936e-11
-1.1084e-11
-7.52189e-12
1.86253e-11
2.04037e-11
2.16866e-11
1.32681e-11
-7.90256e-12
-2.18557e-11
-2.63021e-11
-2.26184e-11
-9.835e-12
7.81374e-12
1.92766e-11
2.07745e-11
1.27519e-11
4.65404e-12
-1.27133e-11
-2.41467e-11
-3.51922e-11
-2.69342e-11
3.65182e-12
1.90508e-11
2.15952e-11
2.12272e-11
7.97189e-12
-1.40155e-11
-2.45302e-11
-2.37447e-11
-1.92812e-11
-3.8604e-12
1.31469e-11
1.87838e-11
1.94133e-11
1.09518e-11
-2.29931e-12
-1.38451e-11
-2.43613e-11
-3.41628e-11
-3.51334e-11
-3.58706e-11
2.1096e-11
2.33381e-11
2.12561e-11
1.94179e-12
-2.15487e-11
-2.55106e-11
-2.11785e-11
-1.67056e-11
1.27032e-12
1.71174e-11
1.5304e-11
1.45943e-11
1.05892e-11
5.00602e-12
3.71625e-12
-3.11793e-12
-2.20944e-11
-3.96619e-11
-3.90366e-11
2.40302e-11
2.49109e-11
2.01423e-11
-7.99571e-12
-2.77538e-11
-2.5016e-11
-1.87638e-11
-1.40753e-11
6.12859e-12
2.42014e-11
2.32179e-11
1.6918e-11
7.46267e-12
4.61854e-12
1.37585e-11
3.64774e-11
2.24325e-11
3.6928e-12
-1.21427e-11
2.98828e-11
2.73405e-11
1.28111e-11
-2.25725e-11
-2.77131e-11
-2.40008e-11
-1.77167e-11
-1.06576e-11
9.57669e-12
2.31599e-11
2.33544e-11
1.5899e-11
6.97765e-12
9.81056e-12
1.51346e-11
1.71972e-11
2.2657e-11
2.53883e-11
6.7386e-11
2.48383e-11
1.35329e-11
-1.11963e-11
-2.82861e-11
-2.43668e-11
-2.40386e-11
-2.21215e-11
-7.04277e-12
1.17559e-11
2.08026e-11
1.99434e-11
1.48931e-11
8.77099e-12
5.11459e-12
-1.98325e-12
1.6417e-12
1.54335e-11
2.48213e-11
2.84957e-11
-1.7836e-11
-2.36431e-11
-2.72481e-11
-2.41663e-11
-2.33403e-11
-2.37009e-11
-1.95825e-11
-5.11576e-12
1.03876e-11
1.69735e-11
1.75858e-11
1.4334e-11
7.72085e-12
-1.86525e-12
-9.10807e-12
-3.38447e-12
1.20785e-11
2.24188e-11
2.5044e-11
-3.02991e-11
-2.46161e-11
-2.29818e-11
-2.30581e-11
-2.37764e-11
-2.39607e-11
-1.93479e-11
-6.27842e-12
3.56835e-12
9.2666e-12
1.19054e-11
9.97856e-12
2.65477e-12
-8.25499e-12
-1.13766e-11
-6.21319e-12
-2.31286e-12
6.46359e-12
-6.74144e-12
-2.60576e-11
-2.24464e-11
-2.25001e-11
-2.32257e-11
-2.37344e-11
-2.38081e-11
-1.95933e-11
-1.0334e-11
-4.45774e-12
-2.10742e-13
2.91007e-12
2.30109e-12
-3.98891e-12
-1.33332e-11
-1.21598e-11
-5.49616e-12
-1.60326e-12
9.08325e-13
-3.71917e-12
-2.31282e-11
-2.18224e-11
-2.22329e-11
-2.31406e-11
-2.37075e-11
-2.38505e-11
-2.03216e-11
-1.39443e-11
-1.03793e-11
-8.29364e-12
-6.1188e-12
-5.67352e-12
-9.72299e-12
-1.58298e-11
-1.13361e-11
-5.04883e-12
-1.55547e-12
7.00024e-13
-1.77393e-12
-2.12476e-11
-2.17695e-11
-2.21995e-11
-2.31064e-11
-2.36469e-11
-2.38807e-11
-2.12457e-11
-1.63967e-11
-1.36279e-11
-1.32328e-11
-1.27969e-11
-1.21444e-11
-1.39917e-11
-1.6221e-11
-9.88997e-12
-4.35667e-12
-1.18036e-12
5.73522e-13
9.45896e-13
-2.03647e-11
-2.18968e-11
-2.2104e-11
-2.30091e-11
-2.35703e-11
-2.39101e-11
-2.24142e-11
-1.83474e-11
-1.52019e-11
-1.50991e-11
-1.63033e-11
-1.65481e-11
-1.69015e-11
-1.43411e-11
-8.42443e-12
-3.74319e-12
-9.53368e-13
6.63224e-13
4.08738e-12
-1.99293e-11
-2.19139e-11
-2.19719e-11
-2.29164e-11
-2.35108e-11
-2.38977e-11
-2.32767e-11
-2.01453e-11
-1.63091e-11
-1.49947e-11
-1.67874e-11
-1.87045e-11
-1.82357e-11
-1.23089e-11
-7.14409e-12
-3.35696e-12
-7.48938e-13
1.08001e-12
2.66636e-14
-1.96466e-11
-2.18653e-11
-2.1872e-11
-2.2845e-11
-2.34661e-11
-2.38695e-11
-2.36557e-11
-2.19067e-11
-1.86785e-11
-1.56769e-11
-1.53927e-11
-1.71073e-11
-1.64632e-11
-1.12779e-11
-6.64349e-12
-3.05655e-12
-4.78698e-13
1.27004e-12
1.83918e-12
-2.67008e-13
-8.33164e-13
-3.28362e-13
-7.58482e-13
-1.10231e-11
-3.47125e-12
-2.52743e-12
-6.634e-13
7.1196e-12
3.11429e-12
3.62351e-12
-4.79022e-13
-1.70854e-12
-1.63095e-12
-6.77172e-12
-1.21571e-12
-1.17978e-12
-3.64689e-12
-5.3048e-13
-3.55858e-13
-6.16352e-14
1.13881e-13
2.00862e-13
3.01581e-13
3.65119e-13
5.10201e-13
9.68594e-12
6.35675e-13
6.83072e-13
7.18732e-13
7.35248e-13
7.34204e-13
7.05516e-13
6.12882e-13
4.25489e-13
1.44006e-13
-2.12387e-13
-4.84681e-13
-6.23866e-13
-3.12376e-13
-2.07572e-11
-3.69122e-12
-3.4245e-12
-2.98631e-12
-1.62394e-11
-2.21114e-12
-2.15135e-12
4.09803e-13
-1.48222e-10
-4.05306e-11
-1.5882e-11
2.17345e-11
5.53803e-12
2.26851e-12
1.62964e-12
1.86231e-11
4.48452e-12
4.79379e-12
5.05684e-12
2.57045e-11
3.52408e-13
6.51245e-13
5.063e-13
2.16664e-13
-1.38891e-13
-3.99353e-13
-5.37772e-13
-5.79616e-13
-5.8317e-13
-5.87116e-13
-5.73093e-13
-5.24538e-13
-4.60658e-13
-4.26212e-12
-2.88364e-13
-1.46843e-13
-1.24448e-13
-7.70615e-14
-6.8369e-14
2.65656e-14
-3.58711e-13
-1.8619e-13
-2.70956e-12
-9.89355e-13
-1.07912e-12
-7.4143e-12
-2.32663e-12
-1.74361e-12
-4.88476e-12
-9.4154e-13
7.62178e-13
7.10769e-13
-1.05934e-12
-1.76515e-12
-2.85716e-12
-1.56323e-11
-2.60459e-12
-2.02067e-12
-6.19314e-12
-3.2341e-13
-1.69149e-11
-1.91675e-11
-1.96426e-11
-2.42482e-11
-3.04681e-11
-3.64259e-11
-3.91727e-11
-3.72216e-11
-3.26352e-11
-3.13728e-11
-2.83788e-11
-2.09413e-11
-1.19606e-11
-4.95979e-12
-1.06434e-12
3.1347e-13
1.2182e-12
1.14581e-12
4.03909e-12
-1.70853e-11
-1.91607e-11
-2.18974e-11
-3.07056e-11
-3.80227e-11
-4.04967e-11
-3.66681e-11
-2.87152e-11
-2.26278e-11
-2.80697e-11
-2.84717e-11
-2.12749e-11
-1.24197e-11
-5.50389e-12
-1.70106e-12
-2.69136e-13
7.72889e-13
6.9689e-13
4.70411e-12
-1.72767e-11
-1.91547e-11
-2.37996e-11
-3.4406e-11
-3.74369e-11
-3.29548e-11
-2.29122e-11
-1.1957e-11
-6.94904e-12
-1.65506e-11
-2.84078e-11
-2.16921e-11
-1.28775e-11
-6.06598e-12
-2.43025e-12
-8.77913e-13
1.53328e-13
5.72941e-13
2.08009e-12
-1.75748e-11
-1.91511e-11
-2.49472e-11
-3.45375e-11
-3.04874e-11
-1.83139e-11
-3.48822e-12
7.81188e-12
9.66874e-12
-4.45533e-12
-2.77616e-11
-2.19085e-11
-1.32246e-11
-6.47616e-12
-3.1867e-12
-1.4447e-12
-3.91605e-13
-7.89551e-14
3.26334e-12
-1.81041e-11
-1.92295e-11
-2.43021e-11
-2.83877e-11
-1.65232e-11
4.51267e-13
1.5204e-11
2.20027e-11
1.84686e-11
1.14823e-12
-2.55865e-11
-2.18671e-11
-1.33277e-11
-6.61734e-12
-3.74716e-12
-2.16853e-13
2.13795e-12
1.05621e-12
3.94394e-12
-1.86061e-11
-1.96271e-11
-2.28118e-11
-1.98835e-11
-1.49496e-12
1.48831e-11
2.5054e-11
2.53526e-11
1.64041e-11
-1.57015e-12
-2.19286e-11
-2.16382e-11
-1.30917e-11
-6.34084e-12
7.71974e-13
8.56832e-12
1.55936e-11
1.1084e-11
7.52189e-12
-1.86253e-11
-2.04037e-11
-2.16866e-11
-1.32681e-11
7.90256e-12
2.18557e-11
2.63021e-11
2.26184e-11
9.835e-12
-7.81374e-12
-1.92766e-11
-2.07745e-11
-1.27519e-11
-4.65404e-12
1.27133e-11
2.41467e-11
3.51922e-11
2.69342e-11
-3.65182e-12
-1.90508e-11
-2.15952e-11
-2.12272e-11
-7.97189e-12
1.40155e-11
2.45302e-11
2.37447e-11
1.92812e-11
3.8604e-12
-1.31469e-11
-1.87838e-11
-1.94133e-11
-1.09518e-11
2.29931e-12
1.38451e-11
2.43613e-11
3.41628e-11
3.51334e-11
3.58706e-11
-2.1096e-11
-2.33381e-11
-2.12561e-11
-1.94179e-12
2.15487e-11
2.55106e-11
2.11785e-11
1.67056e-11
-1.27032e-12
-1.71174e-11
-1.5304e-11
-1.45943e-11
-1.05892e-11
-5.00602e-12
-3.71625e-12
3.11793e-12
2.20944e-11
3.96619e-11
3.90366e-11
-2.40302e-11
-2.49109e-11
-2.01423e-11
7.99571e-12
2.77538e-11
2.5016e-11
1.87638e-11
1.40753e-11
-6.12859e-12
-2.42014e-11
-2.32179e-11
-1.6918e-11
-7.46267e-12
-4.61854e-12
-1.37585e-11
-3.64774e-11
-2.24325e-11
-3.6928e-12
1.21427e-11
-2.98828e-11
-2.73405e-11
-1.28111e-11
2.25725e-11
2.77131e-11
2.40008e-11
1.77167e-11
1.06576e-11
-9.57669e-12
-2.31599e-11
-2.33544e-11
-1.5899e-11
-6.97765e-12
-9.81056e-12
-1.51346e-11
-1.71972e-11
-2.2657e-11
-2.53883e-11
-6.7386e-11
-2.48383e-11
-1.35329e-11
1.11963e-11
2.82861e-11
2.43668e-11
2.40386e-11
2.21215e-11
7.04277e-12
-1.17559e-11
-2.08026e-11
-1.99434e-11
-1.48931e-11
-8.77099e-12
-5.11459e-12
1.98325e-12
-1.6417e-12
-1.54335e-11
-2.48213e-11
-2.84957e-11
1.7836e-11
2.36431e-11
2.72481e-11
2.41663e-11
2.33403e-11
2.37009e-11
1.95825e-11
5.11576e-12
-1.03876e-11
-1.69735e-11
-1.75858e-11
-1.4334e-11
-7.72085e-12
1.86525e-12
9.10807e-12
3.38447e-12
-1.20785e-11
-2.24188e-11
-2.5044e-11
3.02991e-11
2.46161e-11
2.29818e-11
2.30581e-11
2.37764e-11
2.39607e-11
1.93479e-11
6.27842e-12
-3.56835e-12
-9.2666e-12
-1.19054e-11
-9.97856e-12
-2.65477e-12
8.25499e-12
1.13766e-11
6.21319e-12
2.31286e-12
-6.46359e-12
6.74144e-12
2.60576e-11
2.24464e-11
2.25001e-11
2.32257e-11
2.37344e-11
2.38081e-11
1.95933e-11
1.0334e-11
4.45774e-12
2.10742e-13
-2.91007e-12
-2.30109e-12
3.98891e-12
1.33332e-11
1.21598e-11
5.49616e-12
1.60326e-12
-9.08325e-13
3.71917e-12
2.31282e-11
2.18224e-11
2.22329e-11
2.31406e-11
2.37075e-11
2.38505e-11
2.03216e-11
1.39443e-11
1.03793e-11
8.29364e-12
6.1188e-12
5.67352e-12
9.72299e-12
1.58298e-11
1.13361e-11
5.04883e-12
1.55547e-12
-7.00024e-13
1.77393e-12
2.12476e-11
2.17695e-11
2.21995e-11
2.31064e-11
2.36469e-11
2.38807e-11
2.12457e-11
1.63967e-11
1.36279e-11
1.32328e-11
1.27969e-11
1.21444e-11
1.39917e-11
1.6221e-11
9.88997e-12
4.35667e-12
1.18036e-12
-5.73522e-13
-9.45896e-13
2.03647e-11
2.18968e-11
2.2104e-11
2.30091e-11
2.35703e-11
2.39101e-11
2.24142e-11
1.83474e-11
1.52019e-11
1.50991e-11
1.63033e-11
1.65481e-11
1.69015e-11
1.43411e-11
8.42443e-12
3.74319e-12
9.53368e-13
-6.63224e-13
-4.08738e-12
1.99293e-11
2.19139e-11
2.19719e-11
2.29164e-11
2.35108e-11
2.38977e-11
2.32767e-11
2.01453e-11
1.63091e-11
1.49947e-11
1.67874e-11
1.87045e-11
1.82357e-11
1.23089e-11
7.14409e-12
3.35696e-12
7.48938e-13
-1.08001e-12
-2.66636e-14
1.96466e-11
2.18653e-11
2.1872e-11
2.2845e-11
2.34661e-11
2.38695e-11
2.36557e-11
2.19067e-11
1.86785e-11
1.56769e-11
1.53927e-11
1.71073e-11
1.64632e-11
1.12779e-11
6.64349e-12
3.05655e-12
4.78698e-13
-1.27004e-12
-1.83918e-12
)
;
    }
    fineplugLeft
    {
        type            cyclicAMI;
        value           nonuniform List<scalar> 
20
(
-369.859
-474.756
-513.988
-564.547
-621.702
-681.697
-743.514
-808.702
-877.94
-950.828
-1026.28
-1104.25
-1185.91
-1283.89
-1378.39
-1525.23
-1688.1
-1767.2
-1481.17
-451.979
)
;
    }
    fineplugRight
    {
        type            cyclicAMI;
        value           nonuniform List<scalar> 
20
(
-366.689
-473.788
-514.053
-565.42
-623.149
-683.614
-745.745
-811.095
-880.347
-953.153
-1028.51
-1106.55
-1188.69
-1286.83
-1377.79
-1524.22
-1686.3
-1763.79
-1475.52
-444.753
)
;
    }
    inletOutletLeft
    {
        type            cyclicAMI;
        value           nonuniform List<scalar> 
20
(
369.859
474.756
513.988
564.547
621.702
681.697
743.514
808.702
877.94
950.828
1026.28
1104.25
1185.91
1283.89
1378.39
1525.23
1688.1
1767.2
1481.17
451.979
)
;
    }
    inletLeft
    {
        type            calculated;
        value           uniform -975;
    }
    inletWallsLeft
    {
        type            calculated;
        value           uniform 0;
    }
    inletFacesLeft
    {
        type            calculated;
        value           nonuniform List<scalar> 
800
(
4.26471e-14
1.16112e-13
7.26055e-14
7.62483e-14
8.83686e-14
1.43643e-13
1.65241e-13
1.69993e-13
1.91672e-13
2.21095e-13
2.59008e-13
3.03469e-13
3.52237e-13
4.00295e-13
4.42977e-13
4.88963e-13
5.40506e-13
6.24293e-13
7.25337e-13
1.0359e-12
2.41459e-15
1.06434e-14
7.10546e-15
1.44483e-14
1.82447e-14
2.73022e-14
1.92924e-14
2.60656e-14
4.76657e-14
6.58172e-14
8.50903e-14
1.07776e-13
1.33126e-13
1.79207e-13
2.34552e-13
3.03326e-13
3.75517e-13
4.52088e-13
4.9808e-13
9.9126e-13
-4.44036e-15
-2.95268e-14
-1.13879e-14
-1.07745e-14
-1.01103e-14
-3.33544e-14
-3.1064e-14
-2.44679e-14
-1.76288e-14
-1.22046e-14
-1.01625e-14
-4.88542e-15
-5.99112e-16
9.13746e-15
2.2609e-14
3.88169e-14
6.30789e-14
1.0865e-13
1.70626e-13
5.61109e-13
-1.2077e-16
1.01091e-15
6.01567e-16
-5.85111e-17
9.90614e-16
-3.02618e-14
-3.30961e-14
-2.70946e-14
-2.36555e-14
-2.35369e-14
-2.44896e-14
-2.01695e-14
-1.68011e-14
-1.28807e-14
-3.29753e-15
-4.74409e-15
-7.65934e-15
2.45327e-14
1.21109e-13
4.07102e-13
-7.69599e-17
9.45426e-16
1.10053e-15
1.00412e-15
1.23143e-15
3.66994e-15
2.17221e-15
6.66474e-16
-8.89889e-16
-2.24122e-15
-3.46962e-15
-5.22879e-15
-5.17327e-15
-5.4904e-15
-1.69896e-14
-4.83651e-14
-7.21223e-14
-6.91959e-15
2.86937e-13
6.15246e-13
3.05856e-17
-3.86975e-16
-5.38612e-16
-4.35056e-16
-7.39497e-16
1.48075e-16
1.22414e-15
1.70568e-15
2.24318e-15
2.56817e-15
2.89756e-15
5.09783e-15
1.10987e-14
1.45245e-14
-2.32924e-15
-2.18948e-14
5.78507e-14
2.90484e-13
4.91645e-13
3.33964e-13
-7.29284e-18
1.45667e-16
1.86241e-16
1.92067e-16
1.46402e-16
-5.14779e-16
-8.10248e-16
-9.17445e-16
-1.31344e-15
-2.10721e-15
-2.92374e-15
-2.6438e-15
-4.84349e-16
1.79013e-15
1.58666e-15
2.70402e-15
1.37009e-14
2.6056e-14
9.87551e-15
-2.55796e-14
-1.45154e-18
-4.69475e-17
-5.68534e-17
-5.98073e-17
-7.62838e-18
2.38831e-16
3.58338e-16
4.46236e-16
5.35255e-16
5.42858e-16
4.8489e-16
4.3323e-16
1.73731e-16
-7.74745e-16
-2.29761e-15
-3.6523e-15
-4.75973e-15
-7.19288e-15
-1.02936e-14
-5.4573e-15
7.49961e-19
1.29617e-17
1.52856e-17
1.70742e-17
5.28833e-18
-6.34336e-17
-9.96297e-17
-1.18047e-16
-1.32962e-16
-1.26443e-16
-9.69286e-17
-7.7519e-17
-1.02046e-16
-1.53949e-16
-1.36543e-16
1.18805e-16
7.8904e-16
1.96015e-15
3.48205e-15
3.62591e-15
-1.72102e-19
-3.3676e-18
-4.07839e-18
-4.69221e-18
-1.89232e-18
1.51523e-17
2.50738e-17
2.71687e-17
2.54114e-17
1.97955e-17
1.27332e-17
1.13126e-17
2.11069e-17
3.54621e-17
3.31313e-17
-1.24157e-17
-1.30603e-16
-3.67783e-16
-7.94272e-16
-1.41535e-15
2.55323e-20
8.08105e-19
1.03912e-18
1.19257e-18
5.34283e-19
-3.33354e-18
-5.78682e-18
-5.8787e-18
-4.72711e-18
-3.42385e-18
-2.97848e-18
-3.86546e-18
-5.06548e-18
-3.42539e-18
4.56326e-18
1.9747e-17
4.22086e-17
8.37477e-17
1.98989e-16
1.34142e-16
-1.65607e-21
-1.76711e-19
-2.39068e-19
-2.67152e-19
-1.26176e-19
6.5521e-19
1.16589e-18
1.11933e-18
8.48282e-19
7.86508e-19
1.06568e-18
1.25104e-18
4.82357e-19
-1.92523e-18
-5.58343e-18
-8.8109e-18
-1.01219e-17
-9.0662e-18
-1.80118e-17
2.66557e-16
-6.3986e-23
3.56178e-20
4.74049e-20
4.87011e-20
2.05928e-20
-1.10006e-19
-1.80637e-19
-1.88761e-19
-2.41021e-19
-2.64048e-19
1.23055e-19
1.24927e-18
2.87882e-18
4.35527e-18
5.24185e-18
4.75353e-18
7.59585e-19
-6.9767e-18
-3.86535e-17
1.47557e-16
-4.57027e-23
-6.69189e-21
-8.86784e-21
-9.51124e-21
3.28632e-21
4.68226e-20
5.0832e-20
-5.67301e-20
-1.6161e-19
2.73157e-19
1.89288e-18
4.22428e-18
5.27388e-18
4.13113e-18
3.1264e-18
2.96135e-18
-3.93333e-18
-1.88729e-17
-1.86959e-17
3.71569e-17
9.37331e-23
9.57805e-22
-1.49242e-22
-1.28193e-21
4.84892e-21
2.22991e-20
1.50982e-20
-8.76503e-20
-1.35481e-19
5.23577e-19
2.4745e-18
4.76777e-18
5.01867e-18
2.10848e-18
-3.15948e-18
-1.07044e-17
-2.01201e-17
-2.5875e-17
-2.12509e-17
-7.36565e-18
-1.09919e-23
-1.60507e-22
-7.13454e-22
-1.00093e-21
4.44894e-21
2.12877e-20
3.53327e-20
8.81281e-21
-3.39294e-20
1.29469e-19
7.63046e-19
1.63058e-18
1.74134e-18
-3.86378e-19
-6.22201e-18
-1.49579e-17
-2.08325e-17
-1.95489e-17
-2.10689e-17
-2.47163e-17
1.39207e-23
-1.55045e-22
-7.02761e-22
-4.73169e-22
4.29379e-21
1.76594e-20
3.73812e-20
4.88594e-20
1.80025e-20
-1.08583e-19
-3.51684e-19
-6.00823e-19
-6.37321e-19
-3.51654e-19
7.82725e-20
2.21419e-19
-6.4956e-19
-9.78298e-19
-8.55433e-18
-2.30423e-17
-8.0632e-24
-1.4315e-22
-3.94982e-22
5.47679e-22
5.83396e-21
1.70431e-20
2.69927e-20
1.78154e-20
-2.73202e-20
-1.01943e-19
-1.65502e-19
-1.61749e-19
-7.50536e-20
-4.623e-20
-5.05051e-19
-1.90297e-18
-4.44033e-18
-4.49606e-18
-5.34757e-18
-2.39142e-17
-1.27128e-23
-7.89951e-23
-3.34739e-23
8.24075e-22
3.67677e-21
8.3569e-21
1.00065e-20
-6.04663e-22
-2.80685e-20
-5.87171e-20
-5.89176e-20
8.2361e-22
8.72609e-20
-1.86807e-21
-7.46539e-19
-2.76389e-18
-6.10289e-18
-9.5449e-18
-1.14347e-17
-1.10875e-17
-6.64407e-24
1.03653e-23
1.21919e-22
2.62599e-22
1.00498e-22
-5.72074e-22
-1.07393e-21
1.28033e-22
3.67679e-21
7.58536e-21
9.09533e-21
1.18125e-20
3.52407e-20
1.17725e-19
2.94491e-19
5.36828e-19
7.00003e-19
6.14134e-19
3.24679e-19
8.84418e-20
-4.26471e-14
-1.16112e-13
-7.26055e-14
-7.62483e-14
-8.83686e-14
-1.43643e-13
-1.65241e-13
-1.69993e-13
-1.91672e-13
-2.21095e-13
-2.59008e-13
-3.03469e-13
-3.52237e-13
-4.00295e-13
-4.42977e-13
-4.88963e-13
-5.40506e-13
-6.24293e-13
-7.25337e-13
-1.0359e-12
-2.41459e-15
-1.06434e-14
-7.10546e-15
-1.44483e-14
-1.82447e-14
-2.73022e-14
-1.92924e-14
-2.60656e-14
-4.76657e-14
-6.58172e-14
-8.50903e-14
-1.07776e-13
-1.33126e-13
-1.79207e-13
-2.34552e-13
-3.03326e-13
-3.75517e-13
-4.52088e-13
-4.9808e-13
-9.9126e-13
4.44036e-15
2.95268e-14
1.13879e-14
1.07745e-14
1.01103e-14
3.33544e-14
3.1064e-14
2.44679e-14
1.76288e-14
1.22046e-14
1.01625e-14
4.88542e-15
5.99112e-16
-9.13746e-15
-2.2609e-14
-3.88169e-14
-6.30789e-14
-1.0865e-13
-1.70626e-13
-5.61109e-13
1.2077e-16
-1.01091e-15
-6.01567e-16
5.85111e-17
-9.90614e-16
3.02618e-14
3.30961e-14
2.70946e-14
2.36555e-14
2.35369e-14
2.44896e-14
2.01695e-14
1.68011e-14
1.28807e-14
3.29753e-15
4.74409e-15
7.65934e-15
-2.45327e-14
-1.21109e-13
-4.07102e-13
7.69599e-17
-9.45426e-16
-1.10053e-15
-1.00412e-15
-1.23143e-15
-3.66994e-15
-2.17221e-15
-6.66474e-16
8.89889e-16
2.24122e-15
3.46962e-15
5.22879e-15
5.17327e-15
5.4904e-15
1.69896e-14
4.83651e-14
7.21223e-14
6.91959e-15
-2.86937e-13
-6.15246e-13
-3.05856e-17
3.86975e-16
5.38612e-16
4.35056e-16
7.39497e-16
-1.48075e-16
-1.22414e-15
-1.70568e-15
-2.24318e-15
-2.56817e-15
-2.89756e-15
-5.09783e-15
-1.10987e-14
-1.45245e-14
2.32924e-15
2.18948e-14
-5.78507e-14
-2.90484e-13
-4.91645e-13
-3.33964e-13
7.29284e-18
-1.45667e-16
-1.86241e-16
-1.92067e-16
-1.46402e-16
5.14779e-16
8.10248e-16
9.17445e-16
1.31344e-15
2.10721e-15
2.92374e-15
2.6438e-15
4.84349e-16
-1.79013e-15
-1.58666e-15
-2.70402e-15
-1.37009e-14
-2.6056e-14
-9.87551e-15
2.55796e-14
1.45154e-18
4.69475e-17
5.68534e-17
5.98073e-17
7.62838e-18
-2.38831e-16
-3.58338e-16
-4.46236e-16
-5.35255e-16
-5.42858e-16
-4.8489e-16
-4.3323e-16
-1.73731e-16
7.74745e-16
2.29761e-15
3.6523e-15
4.75973e-15
7.19288e-15
1.02936e-14
5.4573e-15
-7.49961e-19
-1.29617e-17
-1.52856e-17
-1.70742e-17
-5.28833e-18
6.34336e-17
9.96297e-17
1.18047e-16
1.32962e-16
1.26443e-16
9.69286e-17
7.7519e-17
1.02046e-16
1.53949e-16
1.36543e-16
-1.18805e-16
-7.8904e-16
-1.96015e-15
-3.48205e-15
-3.62591e-15
1.72102e-19
3.3676e-18
4.07839e-18
4.69221e-18
1.89232e-18
-1.51523e-17
-2.50738e-17
-2.71687e-17
-2.54114e-17
-1.97955e-17
-1.27332e-17
-1.13126e-17
-2.11069e-17
-3.54621e-17
-3.31313e-17
1.24157e-17
1.30603e-16
3.67783e-16
7.94272e-16
1.41535e-15
-2.55323e-20
-8.08105e-19
-1.03912e-18
-1.19257e-18
-5.34283e-19
3.33354e-18
5.78682e-18
5.8787e-18
4.72711e-18
3.42385e-18
2.97848e-18
3.86546e-18
5.06548e-18
3.42539e-18
-4.56326e-18
-1.9747e-17
-4.22086e-17
-8.37477e-17
-1.98989e-16
-1.34142e-16
1.65607e-21
1.76711e-19
2.39068e-19
2.67152e-19
1.26176e-19
-6.5521e-19
-1.16589e-18
-1.11933e-18
-8.48282e-19
-7.86508e-19
-1.06568e-18
-1.25104e-18
-4.82357e-19
1.92523e-18
5.58343e-18
8.8109e-18
1.01219e-17
9.0662e-18
1.80118e-17
-2.66557e-16
6.3986e-23
-3.56178e-20
-4.74049e-20
-4.87011e-20
-2.05928e-20
1.10006e-19
1.80637e-19
1.88761e-19
2.41021e-19
2.64048e-19
-1.23055e-19
-1.24927e-18
-2.87882e-18
-4.35527e-18
-5.24185e-18
-4.75353e-18
-7.59585e-19
6.9767e-18
3.86535e-17
-1.47557e-16
4.57027e-23
6.69189e-21
8.86784e-21
9.51124e-21
-3.28632e-21
-4.68226e-20
-5.0832e-20
5.67301e-20
1.6161e-19
-2.73157e-19
-1.89288e-18
-4.22428e-18
-5.27388e-18
-4.13113e-18
-3.1264e-18
-2.96135e-18
3.93333e-18
1.88729e-17
1.86959e-17
-3.71569e-17
-9.37331e-23
-9.57805e-22
1.49242e-22
1.28193e-21
-4.84892e-21
-2.22991e-20
-1.50982e-20
8.76503e-20
1.35481e-19
-5.23577e-19
-2.4745e-18
-4.76777e-18
-5.01867e-18
-2.10848e-18
3.15948e-18
1.07044e-17
2.01201e-17
2.5875e-17
2.12509e-17
7.36565e-18
1.09919e-23
1.60507e-22
7.13454e-22
1.00093e-21
-4.44894e-21
-2.12877e-20
-3.53327e-20
-8.81281e-21
3.39294e-20
-1.29469e-19
-7.63046e-19
-1.63058e-18
-1.74134e-18
3.86378e-19
6.22201e-18
1.49579e-17
2.08325e-17
1.95489e-17
2.10689e-17
2.47163e-17
-1.39207e-23
1.55045e-22
7.02761e-22
4.73169e-22
-4.29379e-21
-1.76594e-20
-3.73812e-20
-4.88594e-20
-1.80025e-20
1.08583e-19
3.51684e-19
6.00823e-19
6.37321e-19
3.51654e-19
-7.82725e-20
-2.21419e-19
6.4956e-19
9.78298e-19
8.55433e-18
2.30423e-17
8.0632e-24
1.4315e-22
3.94982e-22
-5.47679e-22
-5.83396e-21
-1.70431e-20
-2.69927e-20
-1.78154e-20
2.73202e-20
1.01943e-19
1.65502e-19
1.61749e-19
7.50536e-20
4.623e-20
5.05051e-19
1.90297e-18
4.44033e-18
4.49606e-18
5.34757e-18
2.39142e-17
1.27128e-23
7.89951e-23
3.34739e-23
-8.24075e-22
-3.67677e-21
-8.3569e-21
-1.00065e-20
6.04663e-22
2.80685e-20
5.87171e-20
5.89176e-20
-8.2361e-22
-8.72609e-20
1.86807e-21
7.46539e-19
2.76389e-18
6.10289e-18
9.5449e-18
1.14347e-17
1.10875e-17
6.64407e-24
-1.03653e-23
-1.21919e-22
-2.62599e-22
-1.00498e-22
5.72074e-22
1.07393e-21
-1.28033e-22
-3.67679e-21
-7.58536e-21
-9.09533e-21
-1.18125e-20
-3.52407e-20
-1.17725e-19
-2.94491e-19
-5.36828e-19
-7.00003e-19
-6.14134e-19
-3.24679e-19
-8.84418e-20
)
;
    }
    inletOutletRight
    {
        type            cyclicAMI;
        value           nonuniform List<scalar> 
20
(
366.689
473.788
514.053
565.42
623.149
683.614
745.745
811.095
880.347
953.153
1028.51
1106.55
1188.69
1286.83
1377.79
1524.22
1686.3
1763.79
1475.52
444.753
)
;
    }
    inletRight
    {
        type            calculated;
        value           uniform -975;
    }
    inletWallsRight
    {
        type            calculated;
        value           uniform 0;
    }
    inletFacesRight
    {
        type            calculated;
        value           nonuniform List<scalar> 
800
(
-6.21526e-24
1.13194e-23
1.18317e-22
2.45223e-22
6.89261e-23
-6.06084e-22
-1.12158e-21
-1.56695e-23
3.30442e-21
6.91055e-21
8.17322e-21
1.06908e-20
3.35782e-20
1.14333e-19
2.87321e-19
5.24282e-19
6.83599e-19
5.99528e-19
3.17048e-19
8.667e-20
-1.23291e-23
-7.54176e-23
-2.84501e-23
8.11498e-22
3.59861e-21
8.18223e-21
9.89925e-21
-1.07612e-22
-2.62944e-20
-5.56438e-20
-5.57927e-20
2.01063e-21
8.57557e-20
-1.93046e-21
-7.30497e-19
-2.70294e-18
-5.96487e-18
-9.3242e-18
-1.11706e-17
-1.08421e-17
-8.35182e-24
-1.42662e-22
-3.81726e-22
5.8724e-22
5.86329e-21
1.69681e-20
2.69192e-20
1.85227e-20
-2.43546e-20
-9.55028e-20
-1.56063e-19
-1.51898e-19
-6.78641e-20
-4.11235e-20
-4.91023e-19
-1.85779e-18
-4.33699e-18
-4.38728e-18
-5.19924e-18
-2.33848e-17
1.2878e-23
-1.55378e-22
-6.94083e-22
-4.05948e-22
4.45271e-21
1.7829e-20
3.74805e-20
4.93403e-20
2.07742e-20
-9.93956e-20
-3.31144e-19
-5.67999e-19
-5.9903e-19
-3.18926e-19
1.00313e-19
2.41376e-19
-6.07797e-19
-9.2385e-19
-8.32052e-18
-2.25184e-17
-9.82548e-24
-1.79561e-22
-7.30756e-22
-9.11911e-22
4.83005e-21
2.21084e-20
3.69532e-20
1.2362e-20
-2.97983e-20
1.2238e-19
7.22946e-19
1.54803e-18
1.64344e-18
-4.3651e-19
-6.1345e-18
-1.46514e-17
-2.0338e-17
-1.90548e-17
-2.06038e-17
-2.42674e-17
8.60553e-23
9.41682e-22
-2.15605e-22
-1.22585e-21
5.45024e-21
2.38101e-20
1.87972e-20
-8.00234e-20
-1.3069e-19
4.90801e-19
2.34323e-18
4.51194e-18
4.71e-18
1.85882e-18
-3.30689e-18
-1.07238e-17
-1.98851e-17
-2.52945e-17
-2.04623e-17
-6.89116e-18
-2.06774e-23
-6.55681e-21
-8.67734e-21
-9.21153e-21
4.10094e-21
4.95407e-20
5.52329e-20
-4.96311e-20
-1.55878e-19
2.5078e-19
1.78529e-18
3.98527e-18
4.93814e-18
3.79454e-18
2.81827e-18
2.62138e-18
-4.20775e-18
-1.86383e-17
-1.75e-17
3.81798e-17
-1.02363e-22
3.44413e-20
4.53055e-20
4.68215e-20
2.01463e-20
-1.118e-19
-1.78362e-19
-1.79345e-19
-2.27013e-19
-2.55851e-19
1.03935e-19
1.17743e-18
2.74635e-18
4.18224e-18
5.05584e-18
4.57548e-18
6.40426e-19
-6.92275e-18
-3.73899e-17
1.47291e-16
-1.71407e-21
-1.7036e-19
-2.27567e-19
-2.58008e-19
-1.21047e-19
6.71079e-19
1.1659e-18
1.09121e-18
8.06149e-19
7.56046e-19
1.05229e-18
1.223e-18
3.86145e-19
-2.12848e-18
-5.87605e-18
-9.09273e-18
-1.02041e-17
-8.67784e-18
-1.6556e-17
2.6308e-16
2.63527e-20
7.78538e-19
9.85686e-19
1.15829e-18
5.02134e-19
-3.40841e-18
-5.75766e-18
-5.6966e-18
-4.47479e-18
-3.30088e-18
-3.08365e-18
-4.0127e-18
-4.85738e-18
-2.4974e-18
6.25961e-18
2.1807e-17
4.37715e-17
8.3582e-17
1.9589e-16
1.27202e-16
-1.75364e-19
-3.23008e-18
-3.85831e-18
-4.60606e-18
-1.6866e-18
1.5508e-17
2.49171e-17
2.63539e-17
2.42228e-17
1.93031e-17
1.36369e-17
1.27826e-17
2.12606e-17
3.26089e-17
2.70247e-17
-1.99357e-17
-1.35607e-16
-3.65796e-16
-7.85425e-16
-1.41689e-15
7.51048e-19
1.22825e-17
1.43759e-17
1.69038e-17
4.025e-18
-6.48419e-17
-9.89661e-17
-1.14756e-16
-1.27165e-16
-1.22993e-16
-9.94401e-17
-8.20006e-17
-1.00932e-16
-1.42334e-16
-1.1777e-16
1.31293e-16
7.79876e-16
1.93578e-15
3.49262e-15
3.69771e-15
-1.46638e-18
-4.38473e-17
-5.2946e-17
-5.90377e-17
-1.2632e-18
2.41812e-16
3.54841e-16
4.32576e-16
5.08359e-16
5.2513e-16
4.88984e-16
4.31253e-16
1.48877e-16
-7.90347e-16
-2.27568e-15
-3.65442e-15
-4.91021e-15
-7.56366e-15
-1.0735e-14
-5.63706e-15
-6.37117e-18
1.35857e-16
1.70562e-16
1.88474e-16
1.21334e-16
-5.14943e-16
-8.02003e-16
-8.97216e-16
-1.22075e-15
-1.97958e-15
-2.86359e-15
-2.64276e-15
-4.75245e-16
1.96691e-15
2.28281e-15
4.23278e-15
1.57501e-14
2.7633e-14
1.04242e-14
-2.53243e-14
2.71651e-17
-3.7039e-16
-4.98974e-16
-4.28416e-16
-6.29498e-16
9.5006e-17
1.08082e-15
1.63462e-15
2.13046e-15
2.21012e-15
2.40969e-15
4.53149e-15
1.03852e-14
1.34989e-14
-3.64729e-15
-2.32361e-14
5.66428e-14
2.87746e-13
4.84504e-13
3.25087e-13
-6.84375e-17
9.3461e-16
1.09858e-15
1.00111e-15
9.18081e-16
3.84922e-15
2.47027e-15
9.74187e-16
-3.91038e-16
-1.61261e-15
-3.3923e-15
-5.15782e-15
-4.72966e-15
-3.95069e-15
-1.57331e-14
-4.63049e-14
-7.00518e-14
-3.9289e-15
2.90082e-13
6.02037e-13
-1.58029e-16
9.16283e-16
2.01556e-16
-4.43836e-17
1.42719e-15
-3.09618e-14
-3.29827e-14
-2.69942e-14
-2.43823e-14
-2.39878e-14
-2.42555e-14
-1.8279e-14
-1.54594e-14
-1.45609e-14
-3.51961e-15
-6.70699e-15
-6.28719e-15
1.46596e-14
1.19329e-13
4.09565e-13
-3.72096e-15
-2.91719e-14
-1.05888e-14
-9.61659e-15
-8.5521e-15
-3.62442e-14
-3.14173e-14
-2.49827e-14
-1.86329e-14
-1.62755e-14
-1.06689e-14
-3.76577e-15
-2.7942e-15
-1.03317e-15
1.17427e-14
2.77192e-14
5.47138e-14
1.03526e-13
1.75088e-13
5.77806e-13
8.56555e-16
7.14968e-15
5.14369e-15
1.24258e-14
1.74002e-14
2.76497e-14
1.29181e-14
2.2171e-14
4.15508e-14
6.40198e-14
7.87012e-14
9.6853e-14
1.2439e-13
1.61483e-13
2.15715e-13
2.82462e-13
3.58512e-13
4.38121e-13
5.20311e-13
9.82942e-13
4.46307e-14
1.15843e-13
7.33542e-14
7.98554e-14
9.1407e-14
1.49507e-13
1.65936e-13
1.7221e-13
1.89219e-13
2.18595e-13
2.47695e-13
2.83932e-13
3.37826e-13
3.97692e-13
4.49567e-13
4.90403e-13
5.34652e-13
6.12479e-13
7.33251e-13
1.04795e-12
6.21526e-24
-1.13194e-23
-1.18317e-22
-2.45223e-22
-6.89261e-23
6.06084e-22
1.12158e-21
1.56695e-23
-3.30442e-21
-6.91055e-21
-8.17322e-21
-1.06908e-20
-3.35782e-20
-1.14333e-19
-2.87321e-19
-5.24282e-19
-6.83599e-19
-5.99528e-19
-3.17048e-19
-8.667e-20
1.23291e-23
7.54176e-23
2.84501e-23
-8.11498e-22
-3.59861e-21
-8.18223e-21
-9.89925e-21
1.07612e-22
2.62944e-20
5.56438e-20
5.57927e-20
-2.01063e-21
-8.57557e-20
1.93046e-21
7.30497e-19
2.70294e-18
5.96487e-18
9.3242e-18
1.11706e-17
1.08421e-17
8.35182e-24
1.42662e-22
3.81726e-22
-5.8724e-22
-5.86329e-21
-1.69681e-20
-2.69192e-20
-1.85227e-20
2.43546e-20
9.55028e-20
1.56063e-19
1.51898e-19
6.78641e-20
4.11235e-20
4.91023e-19
1.85779e-18
4.33699e-18
4.38728e-18
5.19924e-18
2.33848e-17
-1.2878e-23
1.55378e-22
6.94083e-22
4.05948e-22
-4.45271e-21
-1.7829e-20
-3.74805e-20
-4.93403e-20
-2.07742e-20
9.93956e-20
3.31144e-19
5.67999e-19
5.9903e-19
3.18926e-19
-1.00313e-19
-2.41376e-19
6.07797e-19
9.2385e-19
8.32052e-18
2.25184e-17
9.82548e-24
1.79561e-22
7.30756e-22
9.11911e-22
-4.83005e-21
-2.21084e-20
-3.69532e-20
-1.2362e-20
2.97983e-20
-1.2238e-19
-7.22946e-19
-1.54803e-18
-1.64344e-18
4.3651e-19
6.1345e-18
1.46514e-17
2.0338e-17
1.90548e-17
2.06038e-17
2.42674e-17
-8.60553e-23
-9.41682e-22
2.15605e-22
1.22585e-21
-5.45024e-21
-2.38101e-20
-1.87972e-20
8.00234e-20
1.3069e-19
-4.90801e-19
-2.34323e-18
-4.51194e-18
-4.71e-18
-1.85882e-18
3.30689e-18
1.07238e-17
1.98851e-17
2.52945e-17
2.04623e-17
6.89116e-18
2.06774e-23
6.55681e-21
8.67734e-21
9.21153e-21
-4.10094e-21
-4.95407e-20
-5.52329e-20
4.96311e-20
1.55878e-19
-2.5078e-19
-1.78529e-18
-3.98527e-18
-4.93814e-18
-3.79454e-18
-2.81827e-18
-2.62138e-18
4.20775e-18
1.86383e-17
1.75e-17
-3.81798e-17
1.02363e-22
-3.44413e-20
-4.53055e-20
-4.68215e-20
-2.01463e-20
1.118e-19
1.78362e-19
1.79345e-19
2.27013e-19
2.55851e-19
-1.03935e-19
-1.17743e-18
-2.74635e-18
-4.18224e-18
-5.05584e-18
-4.57548e-18
-6.40426e-19
6.92275e-18
3.73899e-17
-1.47291e-16
1.71407e-21
1.7036e-19
2.27567e-19
2.58008e-19
1.21047e-19
-6.71079e-19
-1.1659e-18
-1.09121e-18
-8.06149e-19
-7.56046e-19
-1.05229e-18
-1.223e-18
-3.86145e-19
2.12848e-18
5.87605e-18
9.09273e-18
1.02041e-17
8.67784e-18
1.6556e-17
-2.6308e-16
-2.63527e-20
-7.78538e-19
-9.85686e-19
-1.15829e-18
-5.02134e-19
3.40841e-18
5.75766e-18
5.6966e-18
4.47479e-18
3.30088e-18
3.08365e-18
4.0127e-18
4.85738e-18
2.4974e-18
-6.25961e-18
-2.1807e-17
-4.37715e-17
-8.3582e-17
-1.9589e-16
-1.27202e-16
1.75364e-19
3.23008e-18
3.85831e-18
4.60606e-18
1.6866e-18
-1.5508e-17
-2.49171e-17
-2.63539e-17
-2.42228e-17
-1.93031e-17
-1.36369e-17
-1.27826e-17
-2.12606e-17
-3.26089e-17
-2.70247e-17
1.99357e-17
1.35607e-16
3.65796e-16
7.85425e-16
1.41689e-15
-7.51048e-19
-1.22825e-17
-1.43759e-17
-1.69038e-17
-4.025e-18
6.48419e-17
9.89661e-17
1.14756e-16
1.27165e-16
1.22993e-16
9.94401e-17
8.20006e-17
1.00932e-16
1.42334e-16
1.1777e-16
-1.31293e-16
-7.79876e-16
-1.93578e-15
-3.49262e-15
-3.69771e-15
1.46638e-18
4.38473e-17
5.2946e-17
5.90377e-17
1.2632e-18
-2.41812e-16
-3.54841e-16
-4.32576e-16
-5.08359e-16
-5.2513e-16
-4.88984e-16
-4.31253e-16
-1.48877e-16
7.90347e-16
2.27568e-15
3.65442e-15
4.91021e-15
7.56366e-15
1.0735e-14
5.63706e-15
6.37117e-18
-1.35857e-16
-1.70562e-16
-1.88474e-16
-1.21334e-16
5.14943e-16
8.02003e-16
8.97216e-16
1.22075e-15
1.97958e-15
2.86359e-15
2.64276e-15
4.75245e-16
-1.96691e-15
-2.28281e-15
-4.23278e-15
-1.57501e-14
-2.7633e-14
-1.04242e-14
2.53243e-14
-2.71651e-17
3.7039e-16
4.98974e-16
4.28416e-16
6.29498e-16
-9.5006e-17
-1.08082e-15
-1.63462e-15
-2.13046e-15
-2.21012e-15
-2.40969e-15
-4.53149e-15
-1.03852e-14
-1.34989e-14
3.64729e-15
2.32361e-14
-5.66428e-14
-2.87746e-13
-4.84504e-13
-3.25087e-13
6.84375e-17
-9.3461e-16
-1.09858e-15
-1.00111e-15
-9.18081e-16
-3.84922e-15
-2.47027e-15
-9.74187e-16
3.91038e-16
1.61261e-15
3.3923e-15
5.15782e-15
4.72966e-15
3.95069e-15
1.57331e-14
4.63049e-14
7.00518e-14
3.9289e-15
-2.90082e-13
-6.02037e-13
1.58029e-16
-9.16283e-16
-2.01556e-16
4.43836e-17
-1.42719e-15
3.09618e-14
3.29827e-14
2.69942e-14
2.43823e-14
2.39878e-14
2.42555e-14
1.8279e-14
1.54594e-14
1.45609e-14
3.51961e-15
6.70699e-15
6.28719e-15
-1.46596e-14
-1.19329e-13
-4.09565e-13
3.72096e-15
2.91719e-14
1.05888e-14
9.61659e-15
8.5521e-15
3.62442e-14
3.14173e-14
2.49827e-14
1.86329e-14
1.62755e-14
1.06689e-14
3.76577e-15
2.7942e-15
1.03317e-15
-1.17427e-14
-2.77192e-14
-5.47138e-14
-1.03526e-13
-1.75088e-13
-5.77806e-13
-8.56555e-16
-7.14968e-15
-5.14369e-15
-1.24258e-14
-1.74002e-14
-2.76497e-14
-1.29181e-14
-2.2171e-14
-4.15508e-14
-6.40198e-14
-7.87012e-14
-9.6853e-14
-1.2439e-13
-1.61483e-13
-2.15715e-13
-2.82462e-13
-3.58512e-13
-4.38121e-13
-5.20311e-13
-9.82942e-13
-4.46307e-14
-1.15843e-13
-7.33542e-14
-7.98554e-14
-9.1407e-14
-1.49507e-13
-1.65936e-13
-1.7221e-13
-1.89219e-13
-2.18595e-13
-2.47695e-13
-2.83932e-13
-3.37826e-13
-3.97692e-13
-4.49567e-13
-4.90403e-13
-5.34652e-13
-6.12479e-13
-7.33251e-13
-1.04795e-12
)
;
    }
}


// ************************************************************************* //
