/*--------------------------------*- C++ -*----------------------------------*\
| =========                 |                                                 |
| \\      /  F ield         | OpenFOAM: The Open Source CFD Toolbox           |
|  \\    /   O peration     | Version:  4.1                                   |
|   \\  /    A nd           | Web:      www.OpenFOAM.org                      |
|    \\/     M anipulation  |                                                 |
\*---------------------------------------------------------------------------*/
FoamFile
{
    version     2.0;
    format      ascii;
    class       surfaceScalarField;
    location    "13";
    object      phi;
}
// * * * * * * * * * * * * * * * * * * * * * * * * * * * * * * * * * * * * * //

dimensions      [0 3 -1 0 0 0 0];

internalField   nonuniform List<scalar> 
2360
(
4614.06
4245.04
369.019
4245.04
4245.04
3796.14
448.899
3796.14
3796.13
3796.13
3583.73
212.399
3583.72
3583.72
3820.81
-237.092
3820.81
3820.8
4120.36
-299.557
4120.35
4120.36
5516.56
-1396.21
5516.55
5516.55
6051.62
7017.2
8004.16
8965.74
9925.37
10890.1
2841.52
9044.41
3863.08
4888.6
5917.03
6947.59
7979.78
9012.84
10046.6
11080
12112.9
13144.5
14198.9
15284.8
15972.2
-617.31
16589.5
-617.299
-617.305
-617.305
-784.509
167.189
-784.513
-784.526
-784.538
648.815
-1433.37
648.783
648.78
-5956.67
6605.44
-5956.66
-5956.67
-5956.66
-18852.1
12895.4
-18852.1
-18852.1
-18852.1
-29858.8
11006.8
-29812.3
-29621.9
-29333.2
-28944.8
-28450.7
-27847.1
-27132.6
-26304.7
-25361.4
-24301
-23122.3
-21823
-20401.7
-23266.1
4440.54
-21584.6
-19749.5
-17839.4
-16151.5
-15144.5
-14799.5
-14799.5
-14799.5
-10907.3
-3892.18
-10907.3
-10907.3
-8716.11
-2191.18
-8716.12
-8716.12
-7294.44
-1421.68
-7294.44
-7294.45
-6423.5
-870.946
-6423.5
-6423.5
-6423.5
-6107.22
-316.28
-6107.22
-6107.22
-6201.46
94.2336
-77612.6
-233302
66063.1
-29094.3
-39496.1
208209
-35865
12774.1
-19560.3
8793.2
-12544.8
-12007.6
-1416.64
-16395.1
-14.8158
-19346
5133.45
-17622.6
8300.74
-9686.29
6559.61
5071.39
1343.14
12105.4
-853.736
7679.22
-777.167
3874.29
-88.1152
1920.76
174.647
3026.78
156.667
3766.55
63.0901
3919
4604.29
-39066
-160388
-43496.8
-24663.4
-31672.2
196385
-32606.2
13708
-2304.1
-21508.8
-3518.65
-10793.1
-1382.19
-18531.6
-2475
-18253.2
-2172.62
-17924.9
1625.17
-13484.1
5441.24
1255.32
2405.43
15141.2
-1147.59
11232.2
-1531.23
4257.93
-262.009
651.548
285.429
2479.34
489.686
3562.3
228.612
4180.08
4516.61
14260.8
-175678
-4691.69
-5710.92
8283.57
183410
-5544.58
27536.1
357.48
-27410.9
-2156.19
-8279.43
-4612.56
-16075.2
-3833.24
-19032.5
-1757.1
-20001.1
1173.7
-16414.9
1905.8
523.247
2183.58
14863.5
-878.012
14293.8
-1544.89
4924.81
28.0751
-921.414
397.773
2109.64
587.833
3372.24
549.068
4218.84
4194.74
-30752.9
-133915
-28078.9
-8384.87
12965.3
142365
14311.6
26189.8
-957.874
-12141.4
-6233.63
-3003.68
-5387.59
-16921.3
-5295.42
-19124.7
-4034.61
-21261.9
-1996.09
-18453.4
98.7955
-1571.63
1064.41
13897.8
-894.39
16252.6
-1719.44
5749.85
261.065
-2901.92
996.906
1373.8
768.128
3601.02
891.425
4095.55
3664.5
-8920.89
-121219
-18578.8
1273.01
6921.47
116865
5121.14
27990.1
-10473.3
3452.98
-9207.29
-4269.63
-6829.63
-19298.9
-6309.91
-19644.4
-5029.64
-22542.2
-3257.44
-20225.6
-1330.37
-3498.69
-452.478
13020
-1091.04
16891.2
-1347.3
6006.11
596.946
-4846.16
1439.74
531.01
1183.69
3857.07
1446.54
3832.71
2919.9
-22122.7
-94171.4
-25579.4
4729.74
-4408.41
95694.2
-6897.34
30479
-11778.7
8334.39
-9303.55
-6744.83
-7238.21
-21364.3
-6407.74
-20474.9
-5799.05
-23150.8
-4970.52
-21054.1
-3377.37
-5091.83
-2092.19
11734.8
-1549.39
16348.4
-745.09
5201.81
602.709
-6193.97
1200.34
-66.6263
1080.49
3976.93
2231.74
2681.49
1259.51
-21446.8
-70960.7
-23575.6
6858.57
-8610.7
80729.2
-9232.86
31101.2
-9260.05
8361.59
-7007.72
-8997.15
-6169.53
-22202.5
-5700.87
-20943.5
-5974.85
-22876.9
-6060.79
-20968.2
-5022.44
-6130.17
-3714.85
10427.2
-2343.66
14977.2
-1042.71
3900.86
-903.895
-6332.78
-247.771
-722.747
689.818
3039.34
1458.16
1913.17
7158.23
-23403.9
-46850.7
-22533.7
5988.35
-3762.26
61957.9
-4111.1
31450
-3528.16
7778.65
94.1
-12619.4
-2762.45
-19345.9
-4578.01
-19127.9
-6307.07
-21147.8
-7311.68
-19963.6
-6628.37
-6813.48
-5205.49
9004.3
-3412.6
13184.3
-2912.65
3400.91
-4256.03
-4989.4
-3055
-1923.78
-1970.98
1955.32
-5117.73
5059.93
13047.3
-24283.2
-24291.8
-21195.1
2900.24
5188.74
35574
14841.8
21797
14660
7960.46
9523.33
-7482.76
2360.8
-12183.4
-3574.67
-13192.5
-7254.52
-17467.9
-8860.57
-18357.5
-8089.09
-7584.97
-6412.28
7327.5
-4822.52
11594.6
-5993.96
4572.36
-9705.84
-1277.52
-11767.4
137.76
-12290.9
2478.81
-13415.4
6184.49
12527.3
-24484.5
-4049.21
-20740.7
-843.544
12180.2
2653.17
26014.1
7963.06
26811.4
7163.11
17571.8
1756.88
6412.65
-1024.22
-3092.35
-3687.46
-8780.82
-11779.5
-10751.8
-16386.5
-9279.2
-9057.6
-6953.73
5002.02
-5751.62
10392.5
-8089.62
6910.35
-12898
3530.83
-15616.2
2855.95
-15083.9
1946.51
-12141
3241.62
6991.7
-25347.3
16326.6
-21197.6
-4993.17
12913.5
-31458
27331.1
-6454.58
28492.4
6001.81
18769.5
11479.8
6765.43
10979.9
-3589.65
6667.63
-10014.3
-5354.81
-12492.1
-13908.7
-10532.1
-11017.7
-7126.18
1596.12
-6142.54
9408.81
-8528.91
9296.72
-12463.7
7465.66
-13857.3
4249.56
-11654.9
-255.915
-6171.16
-2242.14
-612.828
-25519
39488.3
-21549.2
-8962.99
7114.93
-60122.1
21026.8
-20366.5
23007.8
4020.86
14880.5
19607.1
4229.72
21630.7
-4314.37
15211.7
-9367.82
-301.353
-12624.1
-10652.5
-12528
-11113.7
-8891.72
-2040.15
-7150.29
7667.39
-9265.14
11411.6
-13232.4
11432.9
-16479.1
7496.24
-16840
105.021
-12892.2
-6189.99
-13337.8
-24348.7
64166.2
-22491.1
-10820.6
-1820.4
-80792.8
6229
-28415.9
9636.12
613.749
6571.13
22672.1
197.931
28003.9
-3889.19
19298.8
-5704.98
1514.45
-9255.79
-7101.64
-12885.7
-7483.86
-12683.2
-2242.57
-11147.7
6131.9
-11922.2
12186.1
-14151.7
13662.4
-14591.8
7936.37
-12673.9
-1812.93
-13387.2
-5476.69
-10135.5
-22539.5
88260.2
-24179.7
-9180.38
-10055.6
-94916.9
-8520.96
-29950.5
-4329.82
-3577.38
-2111.52
20453.8
-3815.04
29707.4
-3257.14
18740.9
-1974.34
231.707
-4762.94
-4313
-10054.4
-2192.39
-13522.4
1225.45
-14163.2
6772.71
-14022.7
12045.5
-12751.4
12391.2
-7569.09
2754.04
-1924.83
-7457.19
-1561.54
-5839.99
-2652.63
-21634.8
114758
-25665.9
-5149.29
-10983.1
-109600
-14507.8
-26425.7
-11826.6
-6258.6
-8336.49
16963.7
-6517.5
27888.4
-3130.15
15353.6
-1115.82
-1782.59
-3789.36
-1639.43
-8234.34
2252.61
-11541.4
4532.51
-13099.5
8330.82
-12579.2
11525.2
-8837.28
8649.24
-3558.69
-2524.55
-1177.1
-9838.79
62.371
-7079.45
-3986.47
-12118
130274
-20813.8
3546.49
-2910.46
-127503
-7162.67
-22173.5
-13274.3
-146.959
-10619.4
14308.8
-7364.42
24633.4
-1749.79
9739.01
1253.95
-4786.28
-1085.56
700.169
-5285.52
6452.6
-8078.85
7325.86
-9313.32
9565.31
-8383.56
10595.5
-4060.1
4325.79
-926.736
-5657.91
-382.753
-10382.8
-190.774
-7271.43
-4476.8
-30600
171460
-31181
4127.52
10333.6
-169018
8852.49
-20692.5
-9869.98
18575.5
-10715.4
15154.3
-7041.5
20959.4
-80.4759
2778
3345.39
-8212.14
1934.51
2111.05
-1835.62
10222.7
-4574.02
10064.3
-5262.38
10253.7
-4342.56
9675.68
-1175.28
1158.52
629.649
-7462.84
641.069
-10394.2
210.21
-6840.57
-4503.69
18831.4
151923
-92.0461
23051
18198.5
-187308
471.783
-2965.79
-9510.56
28557.9
-8819.18
14462.9
-4669.23
16809.5
1943.73
-3834.96
3181.01
-9449.41
1944.86
3347.21
-224.843
12392.4
-2173.18
12012.6
-2029.23
10109.7
-251.296
7897.75
1291.63
-384.394
2146.14
-8317.35
1188.18
-9436.23
-19.4609
-5632.93
-4310.75
-37836
223270
-42345.3
27560.3
-28824.8
-200829
-33038.6
1248.02
-9807.89
5327.16
-9659.75
14314.8
-11.8107
7161.56
4141.29
-7988.05
714.726
-6022.85
957.037
3104.9
1287.72
12061.8
-48.8963
13349.2
-661.554
10722.4
1132.24
6103.95
3672.1
-2924.25
2897.15
-7542.39
759.279
-7298.36
-448.438
-4425.21
-4310.29
-72788.7
60442.6
-47352.1
-37133.6
-14870.9
-9562.41
4588.63
54.652
-6499.61
-6174.61
-1340.51
1711.74
3756.87
5651.87
5071.71
2068.29
-126.751
-306.092
32.1594
-567.228
131.877
-1065.31
198.735
-1053.81
252.619
-1015.47
304.052
-1011.06
350.841
-1011.55
361.031
-1005.98
342.473
-1002.98
320.802
-1003.84
297.051
-1004.65
272.135
-1005.64
246.508
-1006.55
220.651
-1007.21
194.968
-1008.06
169.712
-1008.13
145.199
-1008.41
122.009
-1008.46
106.43
-1038.77
87.2975
-1066.78
-600.098
26.8415
-594.069
16.4298
-1054.9
-7.25473
-1030.12
-23.2829
-999.444
-34.2666
-1000.07
-44.6738
-1001.14
-46.359
-1004.29
-44.1451
-1005.19
-41.9198
-1006.06
-39.9793
-1006.59
-38.3623
-1007.25
-37.039
-1007.88
-35.873
-1008.37
-34.7759
-1009.16
-33.544
-1009.36
-32.0234
-1009.93
-30.0842
-1010.4
-30.0049
-1038.85
-27.2733
-1069.52
-627.372
28.0121
-622.08
34.142
-1061.02
34.3524
-1030.33
36.142
-1001.23
37.0943
-1001.03
37.2118
-1001.26
34.3806
-1001.46
30.569
-1001.38
26.4229
-1001.91
22.0133
-1002.18
17.4373
-1002.68
12.7036
-1003.14
7.88195
-1003.55
2.96466
-1004.24
-1.91982
-1004.48
-6.73576
-1005.12
-11.9237
-1005.22
-19.8557
-1030.91
-20.746
-1068.62
-648.118
22.6658
-644.746
22.5686
-1060.93
15.5518
-1023.32
12.292
-997.974
9.95472
-998.69
7.70924
-999.014
6.08695
-999.837
4.6472
-999.936
3.20109
-1000.47
1.70824
-1000.69
0.139101
-1001.11
-1.54173
-1001.46
-3.31535
-1001.78
-5.24777
-1002.31
-7.27199
-1002.46
-9.4645
-1002.92
-11.8387
-1002.84
-16.7519
-1026
-18.2681
-1067.11
-666.386
21.934
-666.68
21.6737
-1060.67
17.1537
-1018.8
15.2065
-996.026
13.3433
-996.826
11.3738
-997.045
9.19302
-997.656
6.96667
-997.71
4.701
-998.203
2.42411
-998.412
0.140151
-998.825
-2.1618
-999.16
-4.44768
-999.491
-6.76571
-999.99
-9.0421
-1000.18
-11.3111
-1000.66
-13.7169
-1000.44
-18.5205
-1021.2
-19.8987
-1065.73
-686.285
21.3412
-688.022
20.1317
-1059.46
15.2188
-1013.89
13.0616
-993.869
11.1132
-994.878
9.12743
-995.059
7.14253
-995.671
5.17354
-995.741
3.18219
-996.212
1.17836
-996.408
-0.842839
-996.804
-2.8964
-997.106
-4.95521
-997.432
-7.0686
-997.877
-9.16617
-998.081
-11.29
-998.532
-13.5087
-998.217
-18.2331
-1016.47
-20.2214
-1063.74
-706.506
21.0936
-709.116
19.2112
-1057.58
14.6816
-1009.36
12.6885
-991.876
10.7865
-992.976
8.84447
-993.117
6.8586
-993.686
4.88051
-993.763
2.88111
-994.213
0.879745
-994.407
-1.12899
-994.795
-3.15444
-995.081
-5.17057
-995.416
-7.22358
-995.824
-9.24541
-996.06
-11.2808
-996.496
-13.3549
-996.143
-17.8188
-1012.01
-20.3428
-1061.22
-726.849
20.8973
-730.013
18.3565
-1055.04
14.0242
-1005.02
12.1266
-989.979
10.2787
-991.129
8.40194
-991.241
6.49304
-991.777
4.59527
-991.866
2.67582
-992.294
0.754616
-992.486
-1.17641
-992.864
-3.12414
-993.134
-5.06529
-993.475
-7.04328
-993.846
-8.99175
-994.111
-10.9604
-994.528
-12.9245
-994.179
-17.173
-1007.76
-20.2971
-1058.09
-747.146
20.7376
-750.751
17.5518
-1051.85
13.4765
-1000.95
11.6823
-988.185
9.89132
-989.338
8.07805
-989.428
6.23135
-989.93
4.39617
-990.031
2.53911
-990.437
0.682806
-990.63
-1.18366
-990.998
-3.06336
-991.254
-4.93662
-991.602
-6.84348
-991.939
-8.72047
-992.235
-10.6222
-992.626
-12.4823
-992.319
-16.4829
-1003.76
-20.2036
-1054.37
-767.349
20.5805
-771.332
16.762
-1048.03
12.9415
-997.128
11.2435
-986.487
9.513
-987.608
7.76729
-987.682
5.98926
-988.153
4.2232
-988.265
2.43448
-988.648
0.647865
-988.844
-1.15072
-989.199
-2.96036
-989.444
-4.76575
-989.797
-6.6026
-990.103
-8.41097
-990.426
-10.2496
-990.788
-12.0171
-990.551
-15.7696
-1000.01
-20.0884
-1050.06
-787.438
20.4314
-791.763
15.9847
-1043.58
12.4286
-993.572
10.8193
-984.878
9.14942
-985.938
7.47035
-986.003
5.75961
-986.442
4.061
-986.566
2.33912
-986.926
0.620892
-987.125
-1.11116
-987.467
-2.85154
-987.704
-4.59023
-988.058
-6.35751
-988.336
-8.09824
-988.686
-9.87387
-989.012
-11.5558
-988.869
-15.0534
-996.511
-19.9681
-1045.14
-807.406
20.2863
-812.05
15.216
-1038.51
11.9284
-990.285
10.4014
-983.351
8.79314
-984.33
7.18094
-984.391
5.53784
-984.799
3.90683
-984.935
2.25195
-985.272
0.602081
-985.476
-1.06371
-985.802
-2.7349
-986.033
-4.40781
-986.385
-6.10571
-986.638
-7.77999
-987.011
-9.49271
-987.3
-11.0958
-987.266
-14.3362
-993.271
-19.8452
-1039.63
-827.251
20.1482
-832.198
14.4561
-1032.82
11.4406
-987.269
9.98974
-981.9
8.44419
-982.784
6.89885
-982.846
5.3233
-983.224
3.75958
-983.372
2.17153
-983.684
0.589492
-983.894
-1.01046
-984.202
-2.61272
-984.431
-4.22085
-984.777
-5.84922
-985.009
-7.45825
-985.403
-9.10745
-985.65
-10.6377
-985.736
-13.6192
-990.289
-19.7205
-1033.53
-846.972
20.0195
-852.218
13.7046
-1026.51
10.964
-984.529
9.58458
-980.521
8.1037
-981.304
6.62638
-981.369
5.11902
-981.716
3.6232
-981.876
2.10275
-982.163
0.588472
-982.38
-0.945275
-982.668
-2.47854
-982.898
-4.02279
-983.233
-5.58108
-983.451
-7.12661
-983.857
-8.71157
-984.066
-10.175
-984.273
-12.8987
-987.566
-19.5897
-1026.84
-866.561
19.91
-872.128
12.9649
-1019.56
10.5009
-982.065
9.18934
-979.21
7.7749
-979.889
6.36699
-979.961
4.92778
-980.277
3.49983
-980.448
2.04742
-980.711
0.599988
-980.932
-0.867179
-981.201
-2.33173
-981.433
-3.8128
-981.752
-5.29956
-981.965
-6.78341
-982.373
-8.30189
-982.547
-9.70368
-982.871
-12.1717
-985.098
-19.4459
-1019.57
-886.007
19.8437
-891.971
12.2549
-1011.97
10.0743
-979.884
8.83311
-977.968
7.48951
-978.546
6.15537
-978.627
4.78487
-978.907
3.42332
-979.087
2.03708
-979.325
0.651374
-979.547
-0.753652
-979.796
-2.15635
-980.031
-3.58072
-980.328
-5.00048
-980.545
-6.43123
-980.943
-7.88293
-981.095
-9.23032
-981.524
-11.4476
-982.88
-19.2848
-1011.73
-905.292
19.8668
-911.838
11.6131
-1003.72
9.74414
-978.015
8.60078
-976.825
7.34921
-977.294
6.11099
-977.389
4.82705
-977.623
3.54398
-977.804
2.23371
-978.015
0.913481
-978.226
-0.428979
-978.454
-1.77723
-978.683
-3.15504
-978.95
-4.52502
-979.175
-5.92951
-979.538
-7.3332
-979.692
-8.6674
-980.19
-10.6721
-980.876
-19.0371
-1003.36
-924.329
20.0761
-931.914
11.1014
-994.746
9.58917
-976.503
8.6041
-975.84
7.48244
-976.173
6.37071
-976.277
5.20204
-976.454
4.01681
-976.619
2.79903
-976.797
1.55773
-976.985
0.289205
-977.185
-0.997159
-977.396
-2.31833
-977.629
-3.6394
-977.854
-5.02035
-978.157
-6.37937
-978.333
-7.75892
-978.81
-9.59857
-979.036
-18.42
-994.542
-942.749
20.7985
-952.713
11.0691
-985.016
9.96426
-975.398
9.25115
-975.127
8.35676
-975.278
7.43146
-975.352
6.42321
-975.446
5.35178
-975.547
4.21265
-975.658
3.00851
-975.781
1.74125
-975.918
0.416682
-976.072
-0.967548
-976.245
-2.3851
-976.436
-3.87429
-976.668
-5.328
-976.879
-6.87849
-977.26
-8.53101
-977.384
-17.5626
-985.51
-960.312
22.2871
12.2709
11.8725
11.7455
11.4673
11.1154
10.6694
10.1222
9.46439
8.68335
7.76531
6.69367
5.44876
4.01237
2.34425
0.465117
-1.79442
-4.17811
-14.6882
-670.492
1645.5
-1087.76
1392.28
-1514.31
1401.55
-1857.13
1317.83
-2161.51
1279.38
-2416.18
1229.68
-2629.1
1187.93
-2799.78
1145.69
-2930.05
1105.27
-3020.52
1065.47
-3071.76
1026.24
-3082.65
985.896
-3048.06
940.414
-2955.75
882.699
-2785.17
804.423
-2510.5
700.33
-2107.71
572.206
-1560.63
427.922
-856.9
271.275
118.1
-217.138
1862.65
-483.875
1659.03
-765.665
1683.35
-1007.61
1559.79
-1241.18
1512.96
-1443.7
1432.21
-1624.6
1368.83
-1779.2
1300.3
-1910.47
1236.54
-2018.44
1173.45
-2103.63
1111.44
-2162.24
1044.51
-2183.27
961.443
-2143.82
843.252
-2003.87
664.474
-1707.4
403.866
-1253.4
118.21
-789.514
-35.9658
-350.503
-167.733
-232.403
-157.641
2020.3
-344.56
1845.96
-491.729
1830.53
-596.281
1664.35
-690.433
1607.12
-751.655
1493.45
-797.25
1414.43
-820.666
1323.73
-826.71
1242.6
-814.412
1161.17
-784.819
1081.85
-738.336
998.04
-676.555
899.668
-601.647
768.356
-515.258
578.092
-416.533
305.154
-325.212
26.8994
-251.227
-109.943
-180.299
-238.654
-412.703
28.5807
1991.72
-9.93665
1884.48
-9.18816
1829.79
9.82315
1645.35
32.5653
1584.39
72.6449
1453.38
120.4
1366.68
180.771
1263.37
252.276
1171.09
335.628
1077.83
430.283
987.197
532.46
895.873
632.195
799.932
708.782
691.775
724.482
562.39
625.305
404.331
404.299
247.905
207.728
86.6215
65.2445
-96.176
-347.459
93.4439
1898.3
100.687
1877.26
145.075
1785.42
195.779
1594.68
249.29
1530.89
309.661
1393.04
373.506
1302.85
443.763
1193.14
518.434
1096.43
596.296
999.993
674.978
908.519
750.917
819.953
818.638
732.21
868.754
641.67
885.729
545.412
844.898
445.166
742.011
350.784
570.129
258.495
317.022
156.918
-30.4365
65.5481
1832.74
96.9111
1845.89
141.089
1741.23
182.688
1553.06
224.705
1488.86
270.18
1347.55
312.815
1260.2
358.646
1147.3
404.407
1050.65
456.734
947.649
519.439
845.797
600.459
738.914
703.446
629.21
821.084
524.013
924.795
441.69
964.587
405.361
898.303
417.066
699.737
457.057
385.187
471.462
354.75
-25.8027
1858.53
-20.9177
1840.98
-29.2573
1749.55
-58.6024
1582.38
-87.1368
1517.38
-129.395
1389.78
-183.295
1314.09
-246.043
1210.02
-307.708
1112.31
-350.997
990.918
-362.323
857.114
-329.205
705.777
-249.223
549.216
-130.162
404.931
12.7197
298.79
159.505
258.553
279.565
296.994
317.732
418.884
213.632
575.557
568.382
-99.8069
1958.3
-194.492
1935.62
-284.129
1839.16
-398.211
1696.42
-513.876
1633.02
-647.202
1523.06
-793.23
1460.1
-950.749
1367.5
-1108.34
1269.89
-1251.63
1134.17
-1372.77
978.254
-1468.23
801.206
-1539.21
620.197
-1577.79
443.498
-1554.69
275.686
-1430.01
133.879
-1186.16
53.1425
-806.258
38.9952
-341.035
110.348
227.348
37.5168
1920.75
-107.524
2080.63
-195.207
1926.81
-271.719
1772.88
-343.336
1704.61
-415.299
1594.97
-484.054
1528.82
-552.239
1435.63
-621.971
1339.6
-695.441
1207.59
-774.621
1057.42
-861.829
888.372
-956.241
714.609
-1051.06
538.292
-1134.13
358.758
-1186.03
185.784
-1171.55
38.6641
-999.313
-133.225
-594.427
-294.518
-367.079
266.352
1654.38
196.416
2150.54
146.648
1976.56
145.299
1774.21
170.911
1678.98
201.675
1564.18
247.707
1482.78
298.121
1385.18
348.316
1289.39
381.967
1173.9
392.817
1046.57
374.427
906.728
328.264
760.765
256.454
610.08
160.658
454.548
57.1024
289.322
-9.59867
105.353
-46.0492
-96.7803
-103.527
-237.043
-470.606
339.962
1314.41
385.803
2104.69
369.113
1993.23
395.071
1748.23
460.218
1613.82
530.487
1493.89
613.357
1399.89
699.465
1299.05
788.093
1200.76
865.883
1096.09
925.666
986.777
959.715
872.664
964.536
755.94
936.936
637.669
872.513
518.966
764.76
397.067
598.754
271.359
374.221
127.751
181.196
-44.0212
-289.41
242.618
1071.8
318.19
2029.13
333.344
1978.09
364.101
1717.48
422.3
1555.63
484.846
1431.35
551.913
1332.84
618.146
1232.83
683.324
1135.58
741.023
1038.41
785.667
942.137
811.366
846.978
814.071
753.236
791.281
660.468
741.735
568.512
663.26
475.545
551.651
382.964
398.573
280.823
198.81
155.734
-90.5998
92.777
979.02
140.184
1981.72
185.726
1932.55
231.322
1671.89
289.016
1497.93
349.634
1370.74
410.26
1272.21
466.895
1176.2
518.803
1083.67
563.867
993.346
600.423
905.577
627.753
819.65
646.538
734.445
656.877
650.13
654.968
570.415
627.781
502.727
555.747
454.996
419.117
417.446
212.906
361.931
122.306
-45.5372
1024.58
-4.46915
1940.67
82.4784
1845.62
152.26
1602.13
221.686
1428.52
293.405
1299.05
365.914
1199.72
438.536
1103.61
511.705
1010.52
587.425
917.654
667.946
825.063
754.813
732.807
845.919
643.34
928.33
567.734
976.006
522.737
954.382
524.356
837.646
571.726
618.829
636.257
329.681
651.068
451.987
-134.824
1159.41
-109.738
1915.59
2.26955
1733.62
86.49
1517.92
139.535
1375.49
181.387
1257.21
229.038
1152.07
291.029
1041.63
373.283
928.271
481.418
809.531
617.471
689.016
776.529
573.76
940.73
479.142
1075.18
433.295
1132.87
465.046
1074.12
583.107
888.444
757.406
601.812
922.888
282.536
970.342
734.524
-95.7361
1255.17
-154.849
1974.72
-215.742
1794.53
-258.382
1560.58
-311.823
1428.95
-386.91
1332.31
-461.551
1226.73
-523.45
1103.55
-567.35
972.19
-591.448
833.65
-595.284
692.871
-578.374
556.871
-539.194
439.982
-471.263
365.385
-367.344
361.149
-231.697
447.479
-94.644
620.368
-2.89529
831.154
12.2995
955.164
746.823
150.3
1104.86
255.566
1869.45
114.531
1935.56
-130.735
1805.84
-375.807
1674.02
-606.207
1562.7
-826.056
1446.58
-1038.6
1316.08
-1247.23
1180.82
-1456.35
1042.76
-1665.07
901.595
-1863.85
755.649
-2030.5
606.637
-2126.46
461.339
-2100.74
335.433
-1902.87
249.615
-1505.28
222.785
-942.185
268.069
-355.52
368.515
391.303
456.91
647.96
950.352
1376.01
986.761
1899.15
736.193
2056.41
445.627
1964.59
195.362
1812.97
-26.6232
1668.57
-234.652
1524.11
-432.224
1378.41
-621.186
1231.73
-802.323
1082.74
-974.804
928.133
-1135.31
767.16
-1275.21
601.245
-1374.77
435.004
-1394.9
269.75
-1278.75
106.65
-1040.11
29.442
-549.369
-122.213
-158.065
392.244
255.721
681.419
1086.84
692.277
1888.29
587.067
2161.62
479.79
2071.86
404.46
1888.3
356.703
1716.33
315.975
1564.84
277.443
1416.94
239.299
1269.87
199.006
1123.04
152.23
974.905
94.4163
824.981
23.2307
672.435
-58.5195
516.764
-138.735
349.986
-192.254
160.203
-108.502
-54.2813
-120.869
-109.834
-278.934
-89.2433
-9.36686
191.142
442.656
679.442
886.391
1026.55
1170.04
1287.69
1378.77
1441.32
1472.85
1469.85
1427.82
1341.01
1196.84
968.622
625.596
325.447
)
;

boundaryField
{
    outletWall
    {
        type            calculated;
        value           nonuniform List<scalar> 
60
(
-6201.46
-4446.95
-3825.42
-3748.58
-3289.54
-2609.81
-3950.85
-5482.34
-6888.95
-3330.26
6519.01
12474.3
17944.2
5267.02
4992.16
-25097.9
-16405.2
-102650
-114581
268030
40835.6
-33510.2
704.657
-10585.7
-3397.4
-4863.39
-1554.41
-329.273
2357.31
4971.48
4241.88
1724.28
-706.125
-1763.85
-4925.21
-3774.55
-11010.3
1029.21
-33848.2
42884.8
-4614.06
-4247.36
-4245.87
-5103.32
-4538.97
-2344.08
4208.95
8677.27
10297
7227.66
2779.9
531.416
-3454.07
-6989.48
9006.32
-16935.6
-8970.45
-93034.1
-105671
255223
)
;
    }
    fineWalls
    {
        type            calculated;
        value           uniform 0;
    }
    fineFrontAndBack
    {
        type            calculated;
        value           nonuniform List<scalar> 
960
(
-3.6743e-15
1.12585e-13
-3.14118e-16
-5.67666e-14
-5.56617e-13
-1.44924e-13
-2.74419e-14
-2.25637e-13
3.80723e-14
4.41377e-13
7.85749e-13
1.33438e-12
-6.42656e-13
-6.52135e-13
-8.01271e-12
-2.48245e-12
-2.61868e-12
-1.2004e-11
-1.47391e-12
-1.60971e-12
-2.16711e-14
-4.40158e-13
-4.99776e-13
-5.91224e-13
-6.15813e-13
-7.79094e-13
-1.55084e-11
-9.89026e-13
-9.86846e-13
-9.90028e-13
-9.92866e-13
-9.78377e-13
-9.88666e-13
-9.94662e-13
-9.98696e-13
-9.978e-13
-1.0001e-12
-9.83909e-13
-9.4213e-13
-1.11243e-12
5.86636e-12
5.33765e-11
7.21177e-11
7.01188e-11
2.45318e-10
1.83189e-11
1.30056e-11
1.0529e-11
5.33615e-11
9.96066e-12
1.34259e-11
4.5584e-12
-5.12551e-12
-4.39042e-12
-4.77611e-12
-2.8576e-11
-4.12115e-12
-2.7337e-12
-1.35351e-12
6.51193e-12
6.21304e-13
5.56475e-13
5.19142e-13
4.60117e-13
4.08129e-13
3.35901e-13
2.4262e-13
1.44938e-13
4.70231e-14
-6.48796e-14
-1.68614e-13
-2.6439e-13
-3.34102e-13
-3.41725e-12
-3.82384e-13
-3.83093e-13
-4.4171e-13
-5.22141e-13
-6.68388e-13
-4.66488e-13
-1.45714e-12
-2.07279e-12
-1.23131e-11
-2.86172e-12
-2.90082e-12
-1.34762e-11
-2.08225e-12
-2.17444e-12
-1.08415e-11
-1.52966e-12
-1.65922e-12
-4.93239e-12
2.79485e-13
3.22335e-13
2.92724e-13
1.65768e-12
2.94592e-13
3.06057e-13
8.58107e-13
-2.74475e-14
-1.01067e-08
2.96701e-10
5.86032e-10
-1.15991e-10
4.41412e-11
1.07018e-10
8.33873e-12
4.15763e-11
2.13563e-11
1.69421e-11
1.1043e-11
2.86604e-12
-8.03372e-14
1.81987e-14
-2.43317e-15
2.54301e-16
-1.99599e-16
-5.31031e-16
4.16358e-14
3.17495e-09
4.53539e-10
7.79631e-10
1.57228e-10
4.38637e-10
3.55375e-10
1.03377e-11
-3.58501e-12
-5.30138e-12
-1.05317e-12
1.01934e-11
6.64217e-12
6.61938e-13
-4.73756e-14
1.88399e-14
-8.48014e-15
2.09445e-15
3.74132e-15
-3.89196e-14
5.25011e-11
7.32132e-10
8.46498e-10
6.16045e-10
7.59381e-10
3.6792e-10
1.60894e-11
-2.31296e-12
-3.09459e-12
-6.1542e-13
2.28512e-12
6.54638e-12
1.66612e-12
-1.8981e-13
-9.0218e-15
9.90394e-14
-1.549e-14
-1.42656e-14
2.14381e-13
7.27076e-10
1.03612e-09
8.77421e-10
8.81621e-10
4.7003e-10
3.60007e-11
-3.80044e-12
-8.52788e-12
-6.90699e-12
-1.69947e-12
5.98858e-12
6.38895e-12
2.79049e-12
-1.15597e-13
-1.45751e-12
-5.46748e-13
1.43178e-13
3.44744e-14
1.15063e-12
5.32437e-10
1.03181e-09
8.56279e-10
6.75372e-10
4.6993e-11
-1.4398e-11
-2.22156e-12
-1.42873e-11
-9.38332e-12
-1.50686e-12
7.39296e-12
6.54554e-12
4.30717e-12
5.8882e-13
-4.48935e-12
-7.73237e-12
-1.64518e-12
1.79456e-15
3.36326e-12
5.89733e-10
9.52537e-10
7.19163e-10
1.65304e-10
5.05985e-11
6.82414e-11
9.72441e-12
-2.0963e-11
-1.11234e-11
-3.29181e-13
9.23381e-12
7.54363e-12
6.12653e-12
1.85428e-12
-1.00325e-11
-1.89451e-11
-7.92124e-12
-2.45852e-12
6.18941e-12
5.64033e-10
7.98255e-10
5.53841e-10
-2.79991e-12
2.54343e-10
2.48506e-10
8.13287e-11
-2.58266e-11
-1.26259e-11
9.60069e-13
1.16081e-11
9.18678e-12
7.83698e-12
2.61592e-12
-2.02522e-11
-2.78192e-11
-1.49228e-11
-7.51997e-12
6.92669e-12
5.52551e-10
6.93926e-10
4.5235e-10
-6.27789e-11
3.29036e-10
4.11408e-10
2.3875e-10
-1.37594e-11
-1.5433e-11
6.91711e-13
1.39438e-11
1.03223e-11
8.82472e-12
-8.70916e-13
-3.1974e-11
-3.23479e-11
-1.14416e-11
-7.10782e-13
6.11808e-12
5.12452e-10
6.36918e-10
4.36443e-10
7.27003e-11
1.25776e-10
4.08181e-10
3.79681e-10
3.45918e-11
-2.05764e-11
-3.03771e-12
1.59076e-11
9.6327e-12
8.63368e-12
-8.45575e-12
-4.38677e-11
-4.75052e-11
-4.12863e-11
-3.81979e-11
-4.09028e-11
3.8058e-10
5.8469e-10
5.04324e-10
4.17518e-10
4.68997e-10
5.43233e-10
4.11559e-10
8.6431e-11
-2.705e-11
-1.14991e-11
1.56454e-11
2.88194e-11
3.07674e-12
-1.7967e-11
-5.62454e-11
-5.59449e-11
-5.27189e-11
-4.37574e-11
-2.87492e-11
4.16492e-12
-1.56584e-11
1.32816e-11
7.44972e-11
1.52972e-10
2.19467e-10
2.706e-10
7.90226e-11
-3.20943e-11
-2.23912e-11
-7.31177e-12
8.43249e-12
-3.63846e-12
-2.27295e-11
-4.65993e-11
-4.16777e-11
-2.40057e-11
-1.75574e-12
2.76875e-11
-4.96499e-11
-3.24934e-12
-1.336e-11
-8.60029e-12
-1.05458e-11
4.58425e-11
1.51963e-10
3.05993e-11
-3.42732e-11
-2.7565e-11
-1.80133e-11
-3.89046e-12
-6.37808e-12
-2.2456e-11
-3.93012e-11
-4.79728e-11
-4.34269e-11
-1.30673e-12
1.16045e-10
-5.28832e-11
-3.27116e-12
-8.29558e-12
3.93701e-12
-2.2994e-11
6.31049e-12
8.54636e-11
-4.85904e-12
-3.20627e-11
-2.68091e-11
-2.47497e-11
-1.74875e-11
-1.12632e-11
-1.87642e-11
-2.98426e-11
-3.54144e-11
-3.02159e-11
-3.30098e-11
-4.57071e-11
-5.13702e-11
-2.83078e-12
-8.5351e-12
1.97826e-12
1.15406e-11
1.68145e-11
3.99501e-11
-1.83101e-11
-3.00887e-11
-2.19717e-11
-2.00674e-11
-2.32354e-11
-2.07675e-11
-2.03823e-11
-2.33502e-11
-1.94796e-11
-3.05282e-12
3.14495e-12
-5.96771e-12
-4.88592e-11
-2.11989e-12
-8.93359e-12
-6.6926e-13
2.14806e-11
1.86552e-11
1.01699e-11
-2.24186e-11
-3.25513e-11
-2.43934e-11
-2.06729e-11
-2.53556e-11
-2.65763e-11
-2.42961e-11
-1.97395e-11
-1.02283e-11
-4.13617e-12
-9.8436e-13
2.71034e-12
-4.95121e-11
-1.92356e-12
-9.73137e-12
-1.12381e-11
6.85955e-12
8.18545e-12
-3.90066e-12
-2.43676e-11
-2.80331e-11
-2.49154e-11
-1.92201e-11
-2.1987e-11
-2.66195e-11
-2.62295e-11
-1.90868e-11
-1.06321e-11
-7.47302e-12
-9.52436e-13
-3.50273e-13
-4.16213e-11
-6.0542e-13
-1.1037e-11
-1.49108e-11
-4.84156e-12
-2.33002e-12
-1.14388e-11
-2.63866e-11
-1.92089e-11
-1.92137e-11
-1.97085e-11
-1.74541e-11
-2.16593e-11
-2.49065e-11
-2.05865e-11
-1.70288e-11
-1.07793e-11
-2.3718e-12
1.98852e-13
-3.16877e-11
-2.33823e-11
-1.2842e-11
-1.28653e-11
-1.31105e-11
-1.20276e-11
-1.51295e-11
-1.98656e-11
-9.34187e-12
-1.01901e-11
-1.97089e-11
-1.83309e-11
-1.83713e-11
-2.25882e-11
-2.13378e-11
-2.27564e-11
-1.3994e-11
-2.67551e-12
5.93962e-14
-3.46779e-11
-7.15849e-12
-1.33025e-11
-1.80779e-11
-1.44547e-11
-1.14805e-11
-1.91344e-11
-3.44448e-12
-3.00762e-12
-5.33095e-12
-9.94459e-12
-1.09461e-11
-4.91466e-12
-4.96272e-12
-2.06269e-11
-2.8974e-11
-1.25739e-11
-1.02376e-12
-1.20001e-15
9.86357e-11
-2.50076e-12
-8.6552e-12
-3.21566e-11
-3.49522e-11
-4.91308e-11
-7.53861e-12
2.67188e-12
-8.84293e-12
-3.66172e-11
-4.11954e-11
-5.8114e-11
-6.51237e-11
-5.84605e-11
-5.17186e-11
-2.37044e-11
-2.58595e-12
2.96275e-13
2.02676e-14
3.6743e-15
-1.12585e-13
3.14118e-16
5.67666e-14
5.56617e-13
1.44924e-13
2.74419e-14
2.25637e-13
-3.80723e-14
-4.41377e-13
-7.85749e-13
-1.33438e-12
6.42656e-13
6.52135e-13
8.01271e-12
2.48245e-12
2.61868e-12
1.2004e-11
1.47391e-12
1.60971e-12
2.16711e-14
4.40158e-13
4.99776e-13
5.91224e-13
6.15813e-13
7.79094e-13
1.55084e-11
9.89026e-13
9.86846e-13
9.90028e-13
9.92866e-13
9.78377e-13
9.88666e-13
9.94662e-13
9.98696e-13
9.978e-13
1.0001e-12
9.83909e-13
9.4213e-13
1.11243e-12
-5.86636e-12
-5.33765e-11
-7.21177e-11
-7.01188e-11
-2.45318e-10
-1.83189e-11
-1.30056e-11
-1.0529e-11
-5.33615e-11
-9.96066e-12
-1.34259e-11
-4.5584e-12
5.12551e-12
4.39042e-12
4.77611e-12
2.8576e-11
4.12115e-12
2.7337e-12
1.35351e-12
-6.51193e-12
-6.21304e-13
-5.56475e-13
-5.19142e-13
-4.60117e-13
-4.08129e-13
-3.35901e-13
-2.4262e-13
-1.44938e-13
-4.70231e-14
6.48796e-14
1.68614e-13
2.6439e-13
3.34102e-13
3.41725e-12
3.82384e-13
3.83093e-13
4.4171e-13
5.22141e-13
6.68388e-13
4.66488e-13
1.45714e-12
2.07279e-12
1.23131e-11
2.86172e-12
2.90082e-12
1.34762e-11
2.08225e-12
2.17444e-12
1.08415e-11
1.52966e-12
1.65922e-12
4.93239e-12
-2.79485e-13
-3.22335e-13
-2.92724e-13
-1.65768e-12
-2.94592e-13
-3.06057e-13
-8.58107e-13
2.74475e-14
1.01067e-08
-2.96701e-10
-5.86032e-10
1.15991e-10
-4.41412e-11
-1.07018e-10
-8.33873e-12
-4.15763e-11
-2.13563e-11
-1.69421e-11
-1.1043e-11
-2.86604e-12
8.03372e-14
-1.81987e-14
2.43317e-15
-2.54301e-16
1.99599e-16
5.31031e-16
-4.16358e-14
-3.17495e-09
-4.53539e-10
-7.79631e-10
-1.57228e-10
-4.38637e-10
-3.55375e-10
-1.03377e-11
3.58501e-12
5.30138e-12
1.05317e-12
-1.01934e-11
-6.64217e-12
-6.61938e-13
4.73756e-14
-1.88399e-14
8.48014e-15
-2.09445e-15
-3.74132e-15
3.89196e-14
-5.25011e-11
-7.32132e-10
-8.46498e-10
-6.16045e-10
-7.59381e-10
-3.6792e-10
-1.60894e-11
2.31296e-12
3.09459e-12
6.1542e-13
-2.28512e-12
-6.54638e-12
-1.66612e-12
1.8981e-13
9.0218e-15
-9.90394e-14
1.549e-14
1.42656e-14
-2.14381e-13
-7.27076e-10
-1.03612e-09
-8.77421e-10
-8.81621e-10
-4.7003e-10
-3.60007e-11
3.80044e-12
8.52788e-12
6.90699e-12
1.69947e-12
-5.98858e-12
-6.38895e-12
-2.79049e-12
1.15597e-13
1.45751e-12
5.46748e-13
-1.43178e-13
-3.44744e-14
-1.15063e-12
-5.32437e-10
-1.03181e-09
-8.56279e-10
-6.75372e-10
-4.6993e-11
1.4398e-11
2.22156e-12
1.42873e-11
9.38332e-12
1.50686e-12
-7.39296e-12
-6.54554e-12
-4.30717e-12
-5.8882e-13
4.48935e-12
7.73237e-12
1.64518e-12
-1.79456e-15
-3.36326e-12
-5.89733e-10
-9.52537e-10
-7.19163e-10
-1.65304e-10
-5.05985e-11
-6.82414e-11
-9.72441e-12
2.0963e-11
1.11234e-11
3.29181e-13
-9.23381e-12
-7.54363e-12
-6.12653e-12
-1.85428e-12
1.00325e-11
1.89451e-11
7.92124e-12
2.45852e-12
-6.18941e-12
-5.64033e-10
-7.98255e-10
-5.53841e-10
2.79991e-12
-2.54343e-10
-2.48506e-10
-8.13287e-11
2.58266e-11
1.26259e-11
-9.60069e-13
-1.16081e-11
-9.18678e-12
-7.83698e-12
-2.61592e-12
2.02522e-11
2.78192e-11
1.49228e-11
7.51997e-12
-6.92669e-12
-5.52551e-10
-6.93926e-10
-4.5235e-10
6.27789e-11
-3.29036e-10
-4.11408e-10
-2.3875e-10
1.37594e-11
1.5433e-11
-6.91711e-13
-1.39438e-11
-1.03223e-11
-8.82472e-12
8.70916e-13
3.1974e-11
3.23479e-11
1.14416e-11
7.10782e-13
-6.11808e-12
-5.12452e-10
-6.36918e-10
-4.36443e-10
-7.27003e-11
-1.25776e-10
-4.08181e-10
-3.79681e-10
-3.45918e-11
2.05764e-11
3.03771e-12
-1.59076e-11
-9.6327e-12
-8.63368e-12
8.45575e-12
4.38677e-11
4.75052e-11
4.12863e-11
3.81979e-11
4.09028e-11
-3.8058e-10
-5.8469e-10
-5.04324e-10
-4.17518e-10
-4.68997e-10
-5.43233e-10
-4.11559e-10
-8.6431e-11
2.705e-11
1.14991e-11
-1.56454e-11
-2.88194e-11
-3.07674e-12
1.7967e-11
5.62454e-11
5.59449e-11
5.27189e-11
4.37574e-11
2.87492e-11
-4.16492e-12
1.56584e-11
-1.32816e-11
-7.44972e-11
-1.52972e-10
-2.19467e-10
-2.706e-10
-7.90226e-11
3.20943e-11
2.23912e-11
7.31177e-12
-8.43249e-12
3.63846e-12
2.27295e-11
4.65993e-11
4.16777e-11
2.40057e-11
1.75574e-12
-2.76875e-11
4.96499e-11
3.24934e-12
1.336e-11
8.60029e-12
1.05458e-11
-4.58425e-11
-1.51963e-10
-3.05993e-11
3.42732e-11
2.7565e-11
1.80133e-11
3.89046e-12
6.37808e-12
2.2456e-11
3.93012e-11
4.79728e-11
4.34269e-11
1.30673e-12
-1.16045e-10
5.28832e-11
3.27116e-12
8.29558e-12
-3.93701e-12
2.2994e-11
-6.31049e-12
-8.54636e-11
4.85904e-12
3.20627e-11
2.68091e-11
2.47497e-11
1.74875e-11
1.12632e-11
1.87642e-11
2.98426e-11
3.54144e-11
3.02159e-11
3.30098e-11
4.57071e-11
5.13702e-11
2.83078e-12
8.5351e-12
-1.97826e-12
-1.15406e-11
-1.68145e-11
-3.99501e-11
1.83101e-11
3.00887e-11
2.19717e-11
2.00674e-11
2.32354e-11
2.07675e-11
2.03823e-11
2.33502e-11
1.94796e-11
3.05282e-12
-3.14495e-12
5.96771e-12
4.88592e-11
2.11989e-12
8.93359e-12
6.6926e-13
-2.14806e-11
-1.86552e-11
-1.01699e-11
2.24186e-11
3.25513e-11
2.43934e-11
2.06729e-11
2.53556e-11
2.65763e-11
2.42961e-11
1.97395e-11
1.02283e-11
4.13617e-12
9.8436e-13
-2.71034e-12
4.95121e-11
1.92356e-12
9.73137e-12
1.12381e-11
-6.85955e-12
-8.18545e-12
3.90066e-12
2.43676e-11
2.80331e-11
2.49154e-11
1.92201e-11
2.1987e-11
2.66195e-11
2.62295e-11
1.90868e-11
1.06321e-11
7.47302e-12
9.52436e-13
3.50273e-13
4.16213e-11
6.0542e-13
1.1037e-11
1.49108e-11
4.84156e-12
2.33002e-12
1.14388e-11
2.63866e-11
1.92089e-11
1.92137e-11
1.97085e-11
1.74541e-11
2.16593e-11
2.49065e-11
2.05865e-11
1.70288e-11
1.07793e-11
2.3718e-12
-1.98852e-13
3.16877e-11
2.33823e-11
1.2842e-11
1.28653e-11
1.31105e-11
1.20276e-11
1.51295e-11
1.98656e-11
9.34187e-12
1.01901e-11
1.97089e-11
1.83309e-11
1.83713e-11
2.25882e-11
2.13378e-11
2.27564e-11
1.3994e-11
2.67551e-12
-5.93962e-14
3.46779e-11
7.15849e-12
1.33025e-11
1.80779e-11
1.44547e-11
1.14805e-11
1.91344e-11
3.44448e-12
3.00762e-12
5.33095e-12
9.94459e-12
1.09461e-11
4.91466e-12
4.96272e-12
2.06269e-11
2.8974e-11
1.25739e-11
1.02376e-12
1.20001e-15
-9.86357e-11
2.50076e-12
8.6552e-12
3.21566e-11
3.49522e-11
4.91308e-11
7.53861e-12
-2.67188e-12
8.84293e-12
3.66172e-11
4.11954e-11
5.8114e-11
6.51237e-11
5.84605e-11
5.17186e-11
2.37044e-11
2.58595e-12
-2.96275e-13
-2.02676e-14
)
;
    }
    fineplugLeft
    {
        type            cyclicAMI;
        value           nonuniform List<scalar> 
20
(
-687.396
-1085.92
-1054.35
-1031.66
-1032.93
-1033.39
-1033.75
-1033.06
-1032.18
-1030.55
-1028.41
-1025.51
-1021.54
-995.788
-964.764
-959.628
-961.592
-986.954
-965.592
-535.073
)
;
    }
    fineplugRight
    {
        type            cyclicAMI;
        value           nonuniform List<scalar> 
20
(
-46.5137
-190.277
-288.723
-388.39
-494.157
-603.557
-714.467
-827.964
-943.37
-1060.47
-1178.79
-1299.28
-1421.34
-1576.16
-1681.35
-1835.06
-1910.1
-1687.77
-1006.94
-344.919
)
;
    }
    inletOutletLeft
    {
        type            cyclicAMI;
        value           nonuniform List<scalar> 
20
(
687.396
1085.92
1054.35
1031.66
1032.93
1033.39
1033.75
1033.06
1032.18
1030.55
1028.41
1025.51
1021.54
995.788
964.764
959.628
961.592
986.954
965.592
535.073
)
;
    }
    inletLeft
    {
        type            calculated;
        value           uniform -975;
    }
    inletWallsLeft
    {
        type            calculated;
        value           uniform 0;
    }
    inletFacesLeft
    {
        type            calculated;
        value           nonuniform List<scalar> 
800
(
-1.01009e-14
4.27747e-13
3.29174e-13
3.32267e-13
3.25163e-13
4.57299e-13
3.5294e-13
3.0999e-13
3.06385e-13
3.0883e-13
3.0691e-13
3.0497e-13
3.12758e-13
3.20337e-13
3.1054e-13
3.10175e-13
3.09756e-13
2.89152e-13
2.91138e-13
4.64096e-13
-3.02221e-15
3.09669e-13
2.07901e-13
2.32735e-13
2.27758e-13
3.87957e-13
2.27321e-13
2.09523e-13
2.27069e-13
2.38112e-13
2.30357e-13
2.36545e-13
2.31684e-13
2.47236e-13
2.2988e-13
2.42932e-13
2.28132e-13
2.23627e-13
2.23857e-13
3.52876e-13
-4.22412e-16
7.48462e-14
5.42437e-14
5.67116e-14
5.03735e-14
2.26061e-13
1.27647e-13
1.10383e-13
1.12033e-13
1.26446e-13
1.13456e-13
1.22691e-13
1.12513e-13
1.24775e-13
1.17581e-13
1.30317e-13
1.21152e-13
1.14319e-13
1.10275e-13
1.7234e-13
3.21883e-16
-2.97026e-14
-2.0625e-14
-2.30845e-14
-2.08094e-14
1.03607e-13
8.16415e-14
8.3253e-14
8.18034e-14
8.78543e-14
8.11826e-14
8.66982e-14
8.24006e-14
8.18892e-14
8.50521e-14
9.78952e-14
8.30375e-14
8.03718e-14
8.02266e-14
1.31275e-13
-1.15083e-16
7.27246e-15
5.19071e-15
5.65197e-15
5.33616e-15
-3.50396e-14
-2.77962e-14
-2.64115e-14
-2.642e-14
-2.93655e-14
-2.66278e-14
-2.88234e-14
-2.70375e-14
-2.9115e-14
-2.78801e-14
-2.96636e-14
-2.84104e-14
-2.68159e-14
-2.63215e-14
-4.0087e-14
3.33838e-17
-1.66473e-15
-1.30142e-15
-1.36942e-15
-1.32823e-15
8.55254e-15
6.80338e-15
6.39052e-15
6.53696e-15
6.98762e-15
6.68001e-15
6.75832e-15
6.68724e-15
7.44211e-15
6.70364e-15
7.2194e-15
7.17016e-15
6.55133e-15
6.40429e-15
9.32373e-15
-9.1511e-18
3.74131e-16
3.20507e-16
3.41341e-16
3.30924e-16
-2.09505e-15
-1.63766e-15
-1.60222e-15
-1.64839e-15
-1.67148e-15
-1.68061e-15
-1.59731e-15
-1.66737e-15
-1.8089e-15
-1.64376e-15
-1.74144e-15
-1.75068e-15
-1.57236e-15
-1.58086e-15
-2.27972e-15
2.4921e-18
-8.56828e-17
-7.67182e-17
-8.36352e-17
-8.13211e-17
5.11556e-16
4.01804e-16
4.0521e-16
4.16239e-16
4.09456e-16
4.15649e-16
3.92269e-16
4.1823e-16
4.32286e-16
4.10768e-16
4.14371e-16
4.14049e-16
3.84504e-16
3.9966e-16
5.53757e-16
-6.75604e-19
2.012e-17
1.79712e-17
1.94742e-17
1.94913e-17
-1.23278e-16
-1.00437e-16
-1.00974e-16
-1.04786e-16
-1.01044e-16
-1.01593e-16
-9.74843e-17
-1.04465e-16
-1.03504e-16
-1.02129e-16
-9.81895e-17
-9.70277e-17
-9.62872e-17
-1.01134e-16
-1.29565e-16
1.79423e-19
-4.78059e-18
-4.18498e-18
-4.34389e-18
-4.60785e-18
2.90662e-17
2.49498e-17
2.46572e-17
2.59916e-17
2.45996e-17
2.46586e-17
2.39261e-17
2.55561e-17
2.48256e-17
2.49012e-17
2.3121e-17
2.29609e-17
2.40472e-17
2.51122e-17
2.95273e-17
-4.61796e-20
1.13047e-18
9.82738e-19
9.6034e-19
1.09477e-18
-6.71869e-18
-6.0556e-18
-5.92528e-18
-6.25996e-18
-5.8552e-18
-5.92723e-18
-5.77442e-18
-6.07852e-18
-5.94192e-18
-5.93518e-18
-5.41955e-18
-5.47273e-18
-5.87985e-18
-6.11092e-18
-6.67523e-18
1.15502e-20
-2.63765e-19
-2.34304e-19
-2.17711e-19
-2.6345e-19
1.53762e-18
1.43388e-18
1.4066e-18
1.46092e-18
1.36928e-18
1.40704e-18
1.37488e-18
1.41405e-18
1.41618e-18
1.38949e-18
1.27344e-18
1.29691e-18
1.40709e-18
1.46755e-18
1.50882e-18
-2.84323e-21
6.08626e-20
5.6589e-20
5.1197e-20
6.37606e-20
-3.51795e-19
-3.34322e-19
-3.30275e-19
-3.34445e-19
-3.18421e-19
-3.30608e-19
-3.23946e-19
-3.26031e-19
-3.36396e-19
-3.22817e-19
-3.01893e-19
-3.03789e-19
-3.32581e-19
-3.50092e-19
-3.40691e-19
6.98577e-22
-1.40181e-20
-1.37426e-20
-1.23406e-20
-1.5335e-20
8.09234e-20
7.77957e-20
7.68313e-20
7.63328e-20
7.44526e-20
7.73539e-20
7.58257e-20
7.54411e-20
7.98986e-20
7.52246e-20
7.22857e-20
7.07412e-20
7.84485e-20
8.34114e-20
7.67618e-20
-1.72649e-22
3.25289e-21
3.33249e-21
2.99374e-21
3.6413e-21
-1.87598e-20
-1.82629e-20
-1.77838e-20
-1.75366e-20
-1.76023e-20
-1.81284e-20
-1.77387e-20
-1.76268e-20
-1.90199e-20
-1.76795e-20
-1.74093e-20
-1.65626e-20
-1.85863e-20
-1.9947e-20
-1.731e-20
4.29e-23
-7.63443e-22
-8.03834e-22
-7.22581e-22
-8.55298e-22
4.38444e-21
4.34036e-21
4.11989e-21
4.05867e-21
4.2079e-21
4.26799e-21
4.1717e-21
4.15399e-21
4.53188e-21
4.18747e-21
4.19338e-21
3.93081e-21
4.42459e-21
4.80242e-21
3.92754e-21
-1.06672e-23
1.80842e-22
1.92658e-22
1.73021e-22
2.00286e-22
-1.03188e-21
-1.04055e-21
-9.5964e-22
-9.43928e-22
-1.01331e-21
-1.00917e-21
-9.88613e-22
-9.82346e-22
-1.07657e-21
-9.95726e-22
-1.00609e-21
-9.45413e-22
-1.05362e-21
-1.16307e-21
-8.99469e-22
2.64179e-24
-4.30004e-23
-4.58757e-23
-4.11585e-23
-4.71295e-23
2.43735e-22
2.49813e-22
2.24929e-22
2.20301e-22
2.44293e-22
2.39024e-22
2.35535e-22
2.31866e-22
2.53987e-22
2.36784e-22
2.39921e-22
2.28685e-22
2.49491e-22
2.8198e-22
2.07715e-22
-6.57453e-25
1.03255e-23
1.09723e-23
9.85104e-24
1.13064e-23
-5.81887e-23
-6.03063e-23
-5.34599e-23
-5.21936e-23
-5.92254e-23
-5.71199e-23
-5.67986e-23
-5.50208e-23
-6.00604e-23
-5.67851e-23
-5.74063e-23
-5.57043e-23
-5.91106e-23
-6.87112e-23
-4.85979e-23
1.3774e-25
-2.07577e-24
-2.19957e-24
-1.97996e-24
-2.30989e-24
1.15929e-23
1.21455e-23
1.07201e-23
1.04803e-23
1.19352e-23
1.1443e-23
1.1502e-23
1.09388e-23
1.18763e-23
1.14602e-23
1.14823e-23
1.13069e-23
1.16729e-23
1.39488e-23
9.55447e-24
1.01009e-14
-4.27747e-13
-3.29174e-13
-3.32267e-13
-3.25163e-13
-4.57299e-13
-3.5294e-13
-3.0999e-13
-3.06385e-13
-3.0883e-13
-3.0691e-13
-3.0497e-13
-3.12758e-13
-3.20337e-13
-3.1054e-13
-3.10175e-13
-3.09756e-13
-2.89152e-13
-2.91138e-13
-4.64096e-13
3.02221e-15
-3.09669e-13
-2.07901e-13
-2.32735e-13
-2.27758e-13
-3.87957e-13
-2.27321e-13
-2.09523e-13
-2.27069e-13
-2.38112e-13
-2.30357e-13
-2.36545e-13
-2.31684e-13
-2.47236e-13
-2.2988e-13
-2.42932e-13
-2.28132e-13
-2.23627e-13
-2.23857e-13
-3.52876e-13
4.22412e-16
-7.48462e-14
-5.42437e-14
-5.67116e-14
-5.03735e-14
-2.26061e-13
-1.27647e-13
-1.10383e-13
-1.12033e-13
-1.26446e-13
-1.13456e-13
-1.22691e-13
-1.12513e-13
-1.24775e-13
-1.17581e-13
-1.30317e-13
-1.21152e-13
-1.14319e-13
-1.10275e-13
-1.7234e-13
-3.21883e-16
2.97026e-14
2.0625e-14
2.30845e-14
2.08094e-14
-1.03607e-13
-8.16415e-14
-8.3253e-14
-8.18034e-14
-8.78543e-14
-8.11826e-14
-8.66982e-14
-8.24006e-14
-8.18892e-14
-8.50521e-14
-9.78952e-14
-8.30375e-14
-8.03718e-14
-8.02266e-14
-1.31275e-13
1.15083e-16
-7.27246e-15
-5.19071e-15
-5.65197e-15
-5.33616e-15
3.50396e-14
2.77962e-14
2.64115e-14
2.642e-14
2.93655e-14
2.66278e-14
2.88234e-14
2.70375e-14
2.9115e-14
2.78801e-14
2.96636e-14
2.84104e-14
2.68159e-14
2.63215e-14
4.0087e-14
-3.33838e-17
1.66473e-15
1.30142e-15
1.36942e-15
1.32823e-15
-8.55254e-15
-6.80338e-15
-6.39052e-15
-6.53696e-15
-6.98762e-15
-6.68001e-15
-6.75832e-15
-6.68724e-15
-7.44211e-15
-6.70364e-15
-7.2194e-15
-7.17016e-15
-6.55133e-15
-6.40429e-15
-9.32373e-15
9.1511e-18
-3.74131e-16
-3.20507e-16
-3.41341e-16
-3.30924e-16
2.09505e-15
1.63766e-15
1.60222e-15
1.64839e-15
1.67148e-15
1.68061e-15
1.59731e-15
1.66737e-15
1.8089e-15
1.64376e-15
1.74144e-15
1.75068e-15
1.57236e-15
1.58086e-15
2.27972e-15
-2.4921e-18
8.56828e-17
7.67182e-17
8.36352e-17
8.13211e-17
-5.11556e-16
-4.01804e-16
-4.0521e-16
-4.16239e-16
-4.09456e-16
-4.15649e-16
-3.92269e-16
-4.1823e-16
-4.32286e-16
-4.10768e-16
-4.14371e-16
-4.14049e-16
-3.84504e-16
-3.9966e-16
-5.53757e-16
6.75604e-19
-2.012e-17
-1.79712e-17
-1.94742e-17
-1.94913e-17
1.23278e-16
1.00437e-16
1.00974e-16
1.04786e-16
1.01044e-16
1.01593e-16
9.74843e-17
1.04465e-16
1.03504e-16
1.02129e-16
9.81895e-17
9.70277e-17
9.62872e-17
1.01134e-16
1.29565e-16
-1.79423e-19
4.78059e-18
4.18498e-18
4.34389e-18
4.60785e-18
-2.90662e-17
-2.49498e-17
-2.46572e-17
-2.59916e-17
-2.45996e-17
-2.46586e-17
-2.39261e-17
-2.55561e-17
-2.48256e-17
-2.49012e-17
-2.3121e-17
-2.29609e-17
-2.40472e-17
-2.51122e-17
-2.95273e-17
4.61796e-20
-1.13047e-18
-9.82738e-19
-9.6034e-19
-1.09477e-18
6.71869e-18
6.0556e-18
5.92528e-18
6.25996e-18
5.8552e-18
5.92723e-18
5.77442e-18
6.07852e-18
5.94192e-18
5.93518e-18
5.41955e-18
5.47273e-18
5.87985e-18
6.11092e-18
6.67523e-18
-1.15502e-20
2.63765e-19
2.34304e-19
2.17711e-19
2.6345e-19
-1.53762e-18
-1.43388e-18
-1.4066e-18
-1.46092e-18
-1.36928e-18
-1.40704e-18
-1.37488e-18
-1.41405e-18
-1.41618e-18
-1.38949e-18
-1.27344e-18
-1.29691e-18
-1.40709e-18
-1.46755e-18
-1.50882e-18
2.84323e-21
-6.08626e-20
-5.6589e-20
-5.1197e-20
-6.37606e-20
3.51795e-19
3.34322e-19
3.30275e-19
3.34445e-19
3.18421e-19
3.30608e-19
3.23946e-19
3.26031e-19
3.36396e-19
3.22817e-19
3.01893e-19
3.03789e-19
3.32581e-19
3.50092e-19
3.40691e-19
-6.98577e-22
1.40181e-20
1.37426e-20
1.23406e-20
1.5335e-20
-8.09234e-20
-7.77957e-20
-7.68313e-20
-7.63328e-20
-7.44526e-20
-7.73539e-20
-7.58257e-20
-7.54411e-20
-7.98986e-20
-7.52246e-20
-7.22857e-20
-7.07412e-20
-7.84485e-20
-8.34114e-20
-7.67618e-20
1.72649e-22
-3.25289e-21
-3.33249e-21
-2.99374e-21
-3.6413e-21
1.87598e-20
1.82629e-20
1.77838e-20
1.75366e-20
1.76023e-20
1.81284e-20
1.77387e-20
1.76268e-20
1.90199e-20
1.76795e-20
1.74093e-20
1.65626e-20
1.85863e-20
1.9947e-20
1.731e-20
-4.29e-23
7.63443e-22
8.03834e-22
7.22581e-22
8.55298e-22
-4.38444e-21
-4.34036e-21
-4.11989e-21
-4.05867e-21
-4.2079e-21
-4.26799e-21
-4.1717e-21
-4.15399e-21
-4.53188e-21
-4.18747e-21
-4.19338e-21
-3.93081e-21
-4.42459e-21
-4.80242e-21
-3.92754e-21
1.06672e-23
-1.80842e-22
-1.92658e-22
-1.73021e-22
-2.00286e-22
1.03188e-21
1.04055e-21
9.5964e-22
9.43928e-22
1.01331e-21
1.00917e-21
9.88613e-22
9.82346e-22
1.07657e-21
9.95726e-22
1.00609e-21
9.45413e-22
1.05362e-21
1.16307e-21
8.99469e-22
-2.64179e-24
4.30004e-23
4.58757e-23
4.11585e-23
4.71295e-23
-2.43735e-22
-2.49813e-22
-2.24929e-22
-2.20301e-22
-2.44293e-22
-2.39024e-22
-2.35535e-22
-2.31866e-22
-2.53987e-22
-2.36784e-22
-2.39921e-22
-2.28685e-22
-2.49491e-22
-2.8198e-22
-2.07715e-22
6.57453e-25
-1.03255e-23
-1.09723e-23
-9.85104e-24
-1.13064e-23
5.81887e-23
6.03063e-23
5.34599e-23
5.21936e-23
5.92254e-23
5.71199e-23
5.67986e-23
5.50208e-23
6.00604e-23
5.67851e-23
5.74063e-23
5.57043e-23
5.91106e-23
6.87112e-23
4.85979e-23
-1.3774e-25
2.07577e-24
2.19957e-24
1.97996e-24
2.30989e-24
-1.15929e-23
-1.21455e-23
-1.07201e-23
-1.04803e-23
-1.19352e-23
-1.1443e-23
-1.1502e-23
-1.09388e-23
-1.18763e-23
-1.14602e-23
-1.14823e-23
-1.13069e-23
-1.16729e-23
-1.39488e-23
-9.55447e-24
)
;
    }
    inletOutletRight
    {
        type            cyclicAMI;
        value           nonuniform List<scalar> 
20
(
46.5137
190.277
288.723
388.39
494.157
603.557
714.467
827.964
943.37
1060.47
1178.79
1299.28
1421.34
1576.16
1681.35
1835.06
1910.1
1687.77
1006.94
344.919
)
;
    }
    inletRight
    {
        type            calculated;
        value           uniform -975;
    }
    inletWallsRight
    {
        type            calculated;
        value           uniform 0;
    }
    inletFacesRight
    {
        type            calculated;
        value           nonuniform List<scalar> 
800
(
-2.01147e-24
-4.50764e-23
-9.86235e-23
5.07204e-23
6.44239e-22
1.37338e-21
1.11441e-21
-6.58207e-22
-1.25993e-22
1.48992e-20
6.38373e-20
1.61937e-19
3.02159e-19
4.46121e-19
5.38459e-19
5.37367e-19
4.39049e-19
2.8559e-19
1.42005e-19
3.47825e-20
7.00858e-24
-5.25472e-23
-2.34368e-22
-3.10608e-22
-1.52499e-22
-2.98252e-22
-5.83365e-22
3.74605e-21
2.32148e-20
6.18595e-20
8.78106e-20
6.79976e-21
-3.22488e-19
-1.01195e-18
-2.03256e-18
-3.11058e-18
-3.7112e-18
-3.4562e-18
-2.77978e-18
-1.52273e-18
8.94952e-24
-3.8242e-23
-9.53365e-23
-1.14545e-22
-8.72167e-22
-4.24379e-21
-9.65733e-21
-7.4035e-21
2.14636e-20
8.28414e-20
1.19543e-19
-3.7082e-20
-6.55743e-19
-2.00927e-18
-4.07938e-18
-5.50279e-18
-3.37148e-18
-6.08609e-19
-1.48238e-18
-1.84554e-18
3.31099e-24
1.21725e-22
2.79616e-22
6.17044e-22
1.10609e-22
-4.10834e-21
-1.38476e-20
-2.35006e-20
-1.29993e-20
4.08146e-20
1.1983e-19
1.1802e-19
-1.47584e-19
-8.49453e-19
-2.00949e-18
-3.16916e-18
-3.40597e-18
-2.88342e-18
-1.08914e-18
-1.09822e-18
2.35669e-24
-4.35475e-22
-4.64623e-22
1.86448e-22
1.45062e-21
9.38138e-22
-6.03109e-21
-1.50405e-20
-1.54624e-20
-1.39082e-20
-3.67354e-20
-8.97883e-20
-1.37183e-19
-1.39117e-19
-1.18496e-19
-7.92868e-20
-1.32281e-19
-4.94541e-19
-1.21948e-19
-4.74514e-18
-1.89191e-23
1.76295e-21
2.88816e-21
3.92237e-21
2.84275e-21
-1.589e-21
-4.2196e-21
-3.27113e-20
-1.41546e-19
-3.05537e-19
-3.64645e-19
-2.00414e-19
4.38947e-20
-4.03263e-20
-9.06526e-19
-2.64445e-18
-5.1666e-18
-8.50174e-18
-1.24457e-17
-1.87578e-17
1.57347e-23
-6.826e-21
-1.0538e-20
-1.08433e-20
2.27683e-21
3.23331e-20
4.88564e-20
1.25145e-19
3.94567e-19
6.57367e-19
1.50713e-19
-1.77106e-18
-4.27759e-18
-4.16818e-18
1.55341e-18
9.26743e-18
1.1391e-17
8.62247e-18
7.38618e-18
3.12132e-18
-5.669e-22
2.2358e-20
3.60359e-20
4.5682e-20
2.06564e-20
-1.23848e-19
-2.28852e-19
1.30365e-19
1.2185e-18
2.14999e-18
1.2137e-18
-1.90411e-18
-4.96161e-18
-3.53029e-18
7.38922e-18
2.25722e-17
1.38692e-17
-4.06648e-17
-8.99135e-17
-3.88026e-17
3.58382e-21
-6.67028e-20
-1.10965e-19
-1.19717e-19
-9.85574e-20
9.92443e-20
3.70204e-19
9.76384e-19
2.38267e-18
3.98933e-18
4.03512e-18
1.89966e-18
-7.10889e-19
-1.43132e-18
4.32782e-18
2.08286e-17
9.76802e-18
-1.3211e-16
-4.21912e-16
-5.42925e-16
-1.17818e-20
1.75635e-19
3.17607e-19
3.49797e-19
3.4807e-19
-4.69059e-20
-9.23403e-19
-1.65762e-18
-1.93753e-18
-1.93101e-18
-2.08671e-18
-2.60947e-18
-3.08495e-18
-3.12781e-18
-2.32646e-18
8.63596e-19
5.73343e-18
9.4695e-18
-1.14859e-18
-8.8975e-16
1.57059e-20
-2.67058e-19
-6.10947e-19
-6.80664e-19
-9.54476e-19
-2.06177e-18
-5.55632e-19
2.06285e-18
5.42223e-18
1.00129e-17
1.49989e-17
1.82558e-17
1.82619e-17
1.52803e-17
1.00289e-17
2.25523e-18
-8.2845e-18
-2.05892e-17
-1.75956e-16
-4.45366e-16
1.457e-19
-1.8141e-18
-1.357e-18
-1.00867e-18
2.69863e-18
2.4255e-17
2.5928e-17
1.77385e-17
5.3653e-18
-1.27505e-17
-3.36952e-17
-4.77042e-17
-4.70644e-17
-3.53878e-17
-2.13839e-17
-1.92831e-17
-7.9994e-17
-2.96754e-16
-1.17146e-15
1.92532e-15
-1.83805e-18
2.49898e-17
2.56401e-17
2.1812e-17
-9.27541e-18
-1.8546e-16
-2.13044e-16
-1.90914e-16
-1.54249e-16
-9.16357e-17
-1.45304e-17
4.0966e-17
6.16895e-17
1.04848e-16
2.66112e-16
7.3282e-16
1.92629e-15
4.4117e-15
7.30082e-15
8.51751e-15
1.67555e-17
-1.89358e-16
-2.02985e-16
-1.71983e-16
2.69286e-17
1.12407e-15
1.25167e-15
1.25149e-15
1.2323e-15
1.08798e-15
8.83996e-16
6.80046e-16
3.07539e-16
-7.44481e-16
-2.99846e-15
-7.2209e-15
-1.35496e-14
-1.82246e-14
-1.27918e-14
8.10683e-16
-1.62259e-16
1.12927e-15
1.27846e-15
1.07181e-15
-2.64276e-17
-5.63671e-15
-5.93932e-15
-6.6856e-15
-7.66765e-15
-8.05211e-15
-8.20949e-15
-8.01437e-15
-5.97498e-15
1.90674e-15
1.62285e-14
2.68212e-14
1.65793e-14
-1.34421e-14
-3.25252e-14
-1.60566e-14
1.21027e-15
-5.32089e-15
-6.69073e-15
-5.45334e-15
-1.73057e-16
1.8605e-14
2.0876e-14
2.7794e-14
3.60418e-14
4.21879e-14
4.77583e-14
5.65447e-14
7.86793e-14
1.18694e-13
1.58958e-13
1.71293e-13
1.39759e-13
7.77206e-14
2.81071e-14
1.49231e-14
-5.01179e-15
1.56736e-14
2.33979e-14
1.83342e-14
1.99428e-14
-7.69188e-16
-1.8637e-14
-4.13171e-14
-6.87412e-14
-9.87727e-14
-1.56357e-13
-2.814e-13
-5.14703e-13
-8.49285e-13
-1.09361e-12
-1.00173e-12
-6.40182e-13
-3.25043e-13
-1.73466e-13
-6.90592e-14
7.32686e-15
-1.07475e-14
-3.0357e-14
-2.38289e-14
-9.94201e-15
-6.31578e-14
-5.33984e-14
-5.99629e-14
-1.02513e-13
-1.37434e-13
-1.92007e-13
-3.11318e-13
-5.27128e-13
-8.4516e-13
-1.05659e-12
-8.68412e-13
-5.25382e-13
-5.19553e-13
-5.81411e-13
-2.24462e-13
9.83243e-14
-3.31064e-13
-2.82445e-13
-1.98285e-13
-1.75864e-13
-2.44987e-13
-2.3352e-13
-2.28533e-13
-2.52447e-13
-2.95219e-13
-3.25543e-13
-4.01253e-13
-4.98956e-13
-6.6769e-13
-8.48096e-13
-9.46616e-13
-1.08352e-12
-1.49666e-12
-1.11603e-12
-2.16685e-13
-2.08415e-13
-4.85983e-13
-3.27266e-13
-2.72915e-13
-2.52593e-13
-3.10039e-13
-3.04958e-13
-2.86393e-13
-2.79606e-13
-2.81148e-13
-2.78643e-13
-2.7595e-13
-2.77573e-13
-2.83794e-13
-2.81809e-13
-2.80501e-13
-2.79914e-13
-2.23671e-13
-1.07774e-13
2.43932e-13
2.01147e-24
4.50764e-23
9.86235e-23
-5.07204e-23
-6.44239e-22
-1.37338e-21
-1.11441e-21
6.58207e-22
1.25993e-22
-1.48992e-20
-6.38373e-20
-1.61937e-19
-3.02159e-19
-4.46121e-19
-5.38459e-19
-5.37367e-19
-4.39049e-19
-2.8559e-19
-1.42005e-19
-3.47825e-20
-7.00858e-24
5.25472e-23
2.34368e-22
3.10608e-22
1.52499e-22
2.98252e-22
5.83365e-22
-3.74605e-21
-2.32148e-20
-6.18595e-20
-8.78106e-20
-6.79976e-21
3.22488e-19
1.01195e-18
2.03256e-18
3.11058e-18
3.7112e-18
3.4562e-18
2.77978e-18
1.52273e-18
-8.94952e-24
3.8242e-23
9.53365e-23
1.14545e-22
8.72167e-22
4.24379e-21
9.65733e-21
7.4035e-21
-2.14636e-20
-8.28414e-20
-1.19543e-19
3.7082e-20
6.55743e-19
2.00927e-18
4.07938e-18
5.50279e-18
3.37148e-18
6.08609e-19
1.48238e-18
1.84554e-18
-3.31099e-24
-1.21725e-22
-2.79616e-22
-6.17044e-22
-1.10609e-22
4.10834e-21
1.38476e-20
2.35006e-20
1.29993e-20
-4.08146e-20
-1.1983e-19
-1.1802e-19
1.47584e-19
8.49453e-19
2.00949e-18
3.16916e-18
3.40597e-18
2.88342e-18
1.08914e-18
1.09822e-18
-2.35669e-24
4.35475e-22
4.64623e-22
-1.86448e-22
-1.45062e-21
-9.38138e-22
6.03109e-21
1.50405e-20
1.54624e-20
1.39082e-20
3.67354e-20
8.97883e-20
1.37183e-19
1.39117e-19
1.18496e-19
7.92868e-20
1.32281e-19
4.94541e-19
1.21948e-19
4.74514e-18
1.89191e-23
-1.76295e-21
-2.88816e-21
-3.92237e-21
-2.84275e-21
1.589e-21
4.2196e-21
3.27113e-20
1.41546e-19
3.05537e-19
3.64645e-19
2.00414e-19
-4.38947e-20
4.03263e-20
9.06526e-19
2.64445e-18
5.1666e-18
8.50174e-18
1.24457e-17
1.87578e-17
-1.57347e-23
6.826e-21
1.0538e-20
1.08433e-20
-2.27683e-21
-3.23331e-20
-4.88564e-20
-1.25145e-19
-3.94567e-19
-6.57367e-19
-1.50713e-19
1.77106e-18
4.27759e-18
4.16818e-18
-1.55341e-18
-9.26743e-18
-1.1391e-17
-8.62247e-18
-7.38618e-18
-3.12132e-18
5.669e-22
-2.2358e-20
-3.60359e-20
-4.5682e-20
-2.06564e-20
1.23848e-19
2.28852e-19
-1.30365e-19
-1.2185e-18
-2.14999e-18
-1.2137e-18
1.90411e-18
4.96161e-18
3.53029e-18
-7.38922e-18
-2.25722e-17
-1.38692e-17
4.06648e-17
8.99135e-17
3.88026e-17
-3.58382e-21
6.67028e-20
1.10965e-19
1.19717e-19
9.85574e-20
-9.92443e-20
-3.70204e-19
-9.76384e-19
-2.38267e-18
-3.98933e-18
-4.03512e-18
-1.89966e-18
7.10889e-19
1.43132e-18
-4.32782e-18
-2.08286e-17
-9.76802e-18
1.3211e-16
4.21912e-16
5.42925e-16
1.17818e-20
-1.75635e-19
-3.17607e-19
-3.49797e-19
-3.4807e-19
4.69059e-20
9.23403e-19
1.65762e-18
1.93753e-18
1.93101e-18
2.08671e-18
2.60947e-18
3.08495e-18
3.12781e-18
2.32646e-18
-8.63596e-19
-5.73343e-18
-9.4695e-18
1.14859e-18
8.8975e-16
-1.57059e-20
2.67058e-19
6.10947e-19
6.80664e-19
9.54476e-19
2.06177e-18
5.55632e-19
-2.06285e-18
-5.42223e-18
-1.00129e-17
-1.49989e-17
-1.82558e-17
-1.82619e-17
-1.52803e-17
-1.00289e-17
-2.25523e-18
8.2845e-18
2.05892e-17
1.75956e-16
4.45366e-16
-1.457e-19
1.8141e-18
1.357e-18
1.00867e-18
-2.69863e-18
-2.4255e-17
-2.5928e-17
-1.77385e-17
-5.3653e-18
1.27505e-17
3.36952e-17
4.77042e-17
4.70644e-17
3.53878e-17
2.13839e-17
1.92831e-17
7.9994e-17
2.96754e-16
1.17146e-15
-1.92532e-15
1.83805e-18
-2.49898e-17
-2.56401e-17
-2.1812e-17
9.27541e-18
1.8546e-16
2.13044e-16
1.90914e-16
1.54249e-16
9.16357e-17
1.45304e-17
-4.0966e-17
-6.16895e-17
-1.04848e-16
-2.66112e-16
-7.3282e-16
-1.92629e-15
-4.4117e-15
-7.30082e-15
-8.51751e-15
-1.67555e-17
1.89358e-16
2.02985e-16
1.71983e-16
-2.69286e-17
-1.12407e-15
-1.25167e-15
-1.25149e-15
-1.2323e-15
-1.08798e-15
-8.83996e-16
-6.80046e-16
-3.07539e-16
7.44481e-16
2.99846e-15
7.2209e-15
1.35496e-14
1.82246e-14
1.27918e-14
-8.10683e-16
1.62259e-16
-1.12927e-15
-1.27846e-15
-1.07181e-15
2.64276e-17
5.63671e-15
5.93932e-15
6.6856e-15
7.66765e-15
8.05211e-15
8.20949e-15
8.01437e-15
5.97498e-15
-1.90674e-15
-1.62285e-14
-2.68212e-14
-1.65793e-14
1.34421e-14
3.25252e-14
1.60566e-14
-1.21027e-15
5.32089e-15
6.69073e-15
5.45334e-15
1.73057e-16
-1.8605e-14
-2.0876e-14
-2.7794e-14
-3.60418e-14
-4.21879e-14
-4.77583e-14
-5.65447e-14
-7.86793e-14
-1.18694e-13
-1.58958e-13
-1.71293e-13
-1.39759e-13
-7.77206e-14
-2.81071e-14
-1.49231e-14
5.01179e-15
-1.56736e-14
-2.33979e-14
-1.83342e-14
-1.99428e-14
7.69188e-16
1.8637e-14
4.13171e-14
6.87412e-14
9.87727e-14
1.56357e-13
2.814e-13
5.14703e-13
8.49285e-13
1.09361e-12
1.00173e-12
6.40182e-13
3.25043e-13
1.73466e-13
6.90592e-14
-7.32686e-15
1.07475e-14
3.0357e-14
2.38289e-14
9.94201e-15
6.31578e-14
5.33984e-14
5.99629e-14
1.02513e-13
1.37434e-13
1.92007e-13
3.11318e-13
5.27128e-13
8.4516e-13
1.05659e-12
8.68412e-13
5.25382e-13
5.19553e-13
5.81411e-13
2.24462e-13
-9.83243e-14
3.31064e-13
2.82445e-13
1.98285e-13
1.75864e-13
2.44987e-13
2.3352e-13
2.28533e-13
2.52447e-13
2.95219e-13
3.25543e-13
4.01253e-13
4.98956e-13
6.6769e-13
8.48096e-13
9.46616e-13
1.08352e-12
1.49666e-12
1.11603e-12
2.16685e-13
2.08415e-13
4.85983e-13
3.27266e-13
2.72915e-13
2.52593e-13
3.10039e-13
3.04958e-13
2.86393e-13
2.79606e-13
2.81148e-13
2.78643e-13
2.7595e-13
2.77573e-13
2.83794e-13
2.81809e-13
2.80501e-13
2.79914e-13
2.23671e-13
1.07774e-13
-2.43932e-13
)
;
    }
}


// ************************************************************************* //
