/*--------------------------------*- C++ -*----------------------------------*\
| =========                 |                                                 |
| \\      /  F ield         | OpenFOAM: The Open Source CFD Toolbox           |
|  \\    /   O peration     | Version:  4.1                                   |
|   \\  /    A nd           | Web:      www.OpenFOAM.org                      |
|    \\/     M anipulation  |                                                 |
\*---------------------------------------------------------------------------*/
FoamFile
{
    version     2.0;
    format      ascii;
    class       volVectorField;
    location    "13";
    object      U;
}
// * * * * * * * * * * * * * * * * * * * * * * * * * * * * * * * * * * * * * //

dimensions      [0 1 -1 0 0 0 0];

internalField   nonuniform List<vector> 
1280
(
(8.08516e-17 -1.25265 -1.425)
(-3.65847e-16 -0.579629 -1.53955)
(-1.35921e-16 -0.825854 -1.16717)
(-4.76383e-16 -0.499485 -1.23179)
(-1.26032e-15 -0.117777 -1.61421)
(-1.10542e-15 -0.164352 -1.26701)
(-1.27618e-15 0.111058 -1.35881)
(8.91005e-16 0.28953 -1.31143)
(-2.32981e-15 0.778604 -1.81462)
(-2.10733e-15 0.814582 -1.38601)
(-3.65331e-15 1.00866 -1.25913)
(-6.15671e-15 1.71983 -2.09625)
(-7.27589e-15 1.67983 -1.64391)
(-7.66554e-15 1.95454 -1.53799)
(-6.86078e-15 2.75956 -2.67519)
(-2.12984e-15 2.623 -2.22783)
(-3.49193e-16 3.08918 -2.08304)
(4.88301e-17 3.66272 -3.61848)
(1.07063e-16 4.09029 -2.75969)
(-2.10403e-17 3.60946 -3.80707)
(1.66402e-16 4.44916 -1.06381)
(5.85142e-16 4.38131 2.53901)
(3.30908e-16 4.49951 7.2648)
(2.29897e-16 4.53416 9.72728)
(1.00426e-16 4.78262 10.6867)
(-1.66746e-16 5.14664 11.1919)
(-9.47289e-16 4.01123 7.42411)
(-6.15926e-16 8.57163 13.3111)
(-1.04829e-15 8.53923 13.4074)
(-1.50136e-15 8.6423 13.2625)
(-1.97005e-15 8.69071 12.9617)
(-2.43331e-15 8.67874 12.5477)
(-2.84058e-15 8.6574 12.0635)
(-3.18478e-15 8.62443 11.5521)
(-3.46799e-15 8.5832 11.0604)
(-3.61031e-15 8.52767 10.6206)
(-3.36714e-15 8.47083 10.2719)
(-2.76608e-15 8.37084 9.96269)
(-1.29327e-15 8.31236 9.78508)
(-5.9393e-16 8.03015 9.38017)
(2.19892e-15 8.58418 11.8332)
(3.12212e-15 5.69408 8.865)
(3.37116e-15 4.85982 9.02228)
(3.24304e-15 3.70876 9.50753)
(5.04765e-15 1.77048 9.03313)
(3.66908e-15 0.868118 3.92177)
(4.77235e-15 0.280879 2.2406)
(6.92861e-15 0.292299 0.459848)
(4.66567e-14 0.19057 -3.71046)
(5.88308e-14 -0.161646 -4.38355)
(5.55961e-14 0.403239 -4.94864)
(1.35221e-14 1.05723 -0.643108)
(-3.2728e-15 -0.209507 5.19744)
(-2.04034e-15 -0.698071 4.81871)
(-2.63495e-15 -1.40663 5.53307)
(-4.39362e-15 -2.45298 9.58569)
(-4.21209e-15 -4.22342 9.39557)
(-4.26223e-15 -5.40258 8.95651)
(-3.82051e-15 -6.20348 8.74555)
(-2.95032e-15 -9.1768 11.488)
(-2.38998e-17 -8.27952 9.04564)
(6.75534e-16 -8.55987 9.41202)
(2.05979e-15 -8.60319 9.59891)
(2.65128e-15 -8.69664 9.93413)
(2.9582e-15 -8.74463 10.3351)
(2.91822e-15 -8.7961 10.8413)
(2.74061e-15 -8.83544 11.4044)
(2.44816e-15 -8.86974 11.9811)
(2.08209e-15 -8.89367 12.5149)
(1.70802e-15 -8.90725 12.9531)
(1.33794e-15 -8.85761 13.2453)
(9.6985e-16 -8.75085 13.3482)
(6.4741e-16 -8.76474 13.193)
(1.35249e-15 -3.89988 6.94888)
(6.82273e-16 -5.04804 11.0306)
(6.42307e-16 -4.69082 10.3612)
(7.75479e-16 -4.46297 9.26228)
(9.14283e-16 -4.44284 6.62782)
(1.0457e-15 -4.31904 1.71379)
(1.72946e-15 -4.39642 -1.97938)
(2.29434e-15 -3.46211 -4.94182)
(2.50568e-15 -3.87853 -3.80582)
(4.02622e-15 -2.72072 -4.91986)
(3.0437e-15 -2.45359 -2.60703)
(3.71716e-15 -1.79101 -3.04129)
(6.18097e-15 -1.31466 -3.75538)
(5.27284e-15 -0.818662 -1.95478)
(4.96129e-15 -0.398859 -2.30198)
(5.98734e-15 0.165131 -3.09291)
(3.46308e-15 0.418119 -2.17458)
(1.05176e-15 0.782289 -1.94142)
(4.56896e-15 1.46896 -2.4162)
(4.97143e-15 1.42872 -1.61447)
(4.78459e-15 1.82111 -1.56308)
(4.62137e-15 1.88671 -1.41595)
(5.07973e-15 2.70951 -2.06576)
(4.21908e-15 2.50567 -1.49956)
(5.06979e-15 2.8645 -1.31653)
(6.86258e-15 3.15302 -1.89532)
(5.61469e-15 3.58423 -1.90692)
(2.0478e-15 1.84135 3.17406)
(3.50231e-15 2.65371 2.23565)
(7.69281e-15 2.1658 2.16086)
(8.32436e-15 1.66224 2.11351)
(7.68456e-15 2.04839 2.16166)
(6.504e-15 2.85682 2.53202)
(4.47915e-15 3.51011 3.38455)
(2.43414e-15 4.18308 4.51346)
(1.1694e-15 4.872 5.37031)
(7.49145e-16 4.47849 5.15993)
(6.56999e-16 0.430815 2.43848)
(5.36347e-16 -4.48649 -0.608963)
(5.78692e-16 -7.24067 -1.55886)
(2.37334e-15 -7.98241 -2.41509)
(4.48121e-15 -7.16746 -3.01694)
(5.16874e-15 -5.267 -3.16688)
(4.35254e-15 -2.78148 -3.1286)
(3.30062e-15 -0.749797 -2.99474)
(1.04202e-15 1.37134 -3.0414)
(-2.83453e-15 2.17905 2.65867)
(-1.12485e-15 2.9899 1.3519)
(5.92548e-15 2.17232 1.97193)
(8.49593e-15 1.61072 2.31324)
(6.46774e-15 1.86146 2.89336)
(4.34989e-15 2.39958 3.89735)
(1.92751e-15 2.82182 5.28809)
(5.63206e-16 3.53858 6.6855)
(3.76964e-16 4.6846 7.54807)
(6.32663e-16 5.35906 7.26059)
(7.12359e-16 2.7274 4.41901)
(5.61218e-16 -3.62846 -1.06052)
(5.42331e-16 -6.91668 -1.43016)
(2.24812e-15 -7.63469 -2.10432)
(4.35104e-15 -6.96843 -2.78642)
(5.16111e-15 -5.20583 -3.05801)
(4.53858e-15 -2.79054 -3.15462)
(3.75785e-15 -0.782456 -3.21156)
(2.1378e-15 1.00771 -2.78259)
(-3.11181e-15 2.33897 0.553774)
(-2.78363e-15 2.96492 -0.136779)
(3.74059e-15 1.80966 1.64217)
(8.35853e-15 1.25495 2.58902)
(5.1954e-15 1.4159 3.6672)
(2.84149e-15 1.88438 4.98756)
(9.29947e-16 2.32745 6.44465)
(3.23412e-16 3.19689 7.74433)
(4.24894e-16 4.59237 8.53355)
(5.82668e-16 5.83422 8.44703)
(6.1192e-16 4.38361 6.29)
(5.48961e-16 -2.31045 -0.398379)
(4.80905e-16 -6.68046 -1.35876)
(2.09982e-15 -7.32888 -1.65437)
(4.21073e-15 -6.75383 -2.36205)
(5.14318e-15 -5.10264 -2.793)
(4.72545e-15 -2.73223 -3.11785)
(4.0678e-15 -0.855313 -3.42842)
(3.07278e-15 0.791373 -3.01631)
(-1.72421e-15 2.35006 -1.4673)
(-2.80927e-15 2.53485 -1.47716)
(1.92599e-15 1.11229 1.17197)
(7.90868e-15 0.761523 2.9116)
(3.92515e-15 0.909394 4.43601)
(1.43473e-15 1.29856 6.06432)
(1.30148e-17 1.74418 7.55885)
(-1.74884e-16 2.75189 8.74252)
(-2.23929e-17 4.41955 9.43523)
(1.35084e-16 6.25972 9.45413)
(3.73114e-16 5.95862 7.95053)
(5.63769e-16 -0.699598 2.30972)
(4.83139e-16 -6.34209 -1.33046)
(1.9492e-15 -7.15915 -0.972348)
(4.04749e-15 -6.53554 -1.71542)
(5.09579e-15 -4.89676 -2.32218)
(4.8666e-15 -2.52853 -2.93424)
(4.33321e-15 -0.896804 -3.55753)
(3.18815e-15 0.496195 -3.5268)
(-8.20847e-16 2.2657 -2.56957)
(-2.89994e-15 1.85774 -2.15741)
(8.68565e-16 0.226394 0.683818)
(7.78056e-15 -0.0740308 3.03067)
(3.19215e-15 0.180544 4.99478)
(3.3432e-16 0.634696 6.95822)
(-7.96995e-16 1.23716 8.35266)
(-8.8136e-16 2.43624 9.21554)
(-8.40104e-16 4.29193 9.61338)
(-6.55768e-16 6.49386 9.60766)
(-5.90117e-17 7.09769 8.75439)
(6.19801e-16 1.68809 5.01844)
(5.9074e-16 -5.63489 -0.814196)
(1.75213e-15 -7.07188 -0.00340491)
(3.84195e-15 -6.26036 -0.824034)
(5.0016e-15 -4.60366 -1.62923)
(4.93761e-15 -2.21097 -2.64149)
(4.53108e-15 -0.528536 -3.56055)
(3.59791e-15 0.437905 -4.37811)
(-1.08839e-15 2.14051 -3.04066)
(-4.22398e-15 1.17614 -2.41566)
(-8.41674e-16 -0.719162 0.199125)
(8.41141e-15 -1.04731 2.75697)
(3.49957e-15 -0.670038 5.00606)
(-3.62421e-16 -0.0446047 7.35191)
(-1.8431e-15 0.822943 8.66775)
(-2.11671e-15 2.26465 9.0512)
(-2.2359e-15 4.25551 8.98552)
(-1.95173e-15 6.62613 8.81736)
(-8.24458e-16 7.76046 8.52753)
(6.09328e-16 3.53615 6.78462)
(7.74641e-16 -4.62799 1.1466)
(1.50673e-15 -6.96296 0.874504)
(3.62837e-15 -5.92767 0.383768)
(4.8676e-15 -4.12373 -0.781665)
(4.8463e-15 -1.70313 -2.22091)
(4.48755e-15 -0.532384 -3.43818)
(4.32484e-15 0.706677 -5.15963)
(-4.24885e-15 1.98464 -3.03311)
(-6.90616e-15 0.53754 -2.26179)
(-3.82327e-15 -1.65581 -0.268596)
(8.55623e-15 -2.04993 2.34191)
(4.64757e-15 -1.63161 4.58941)
(-4.76441e-16 -0.807024 7.11141)
(-3.18202e-15 0.525459 8.44689)
(-3.86042e-15 2.31123 8.37502)
(-4.04002e-15 4.36481 7.88117)
(-3.5466e-15 6.67114 7.56924)
(-1.7922e-15 7.93022 7.76328)
(5.7716e-16 4.68683 7.91436)
(1.08921e-15 -3.4577 3.89254)
(1.35856e-15 -6.59462 1.87755)
(3.36316e-15 -5.66395 1.92253)
(4.74994e-15 -3.60475 0.252329)
(4.88539e-15 -1.12735 -1.81372)
(4.57694e-15 1.19247 -4.98824)
(3.61435e-15 1.11876 -1.22643)
(-1.01164e-14 1.81459 -2.73049)
(-1.02973e-14 0.010835 -1.78987)
(-6.88466e-15 -2.48247 -0.495955)
(7.31167e-15 -3.00616 1.88473)
(6.16158e-15 -2.5807 4.02389)
(1.50846e-17 -1.58454 6.50396)
(-4.39945e-15 0.299032 7.8987)
(-5.6463e-15 2.50008 7.65066)
(-5.66674e-15 4.55873 7.01496)
(-4.86102e-15 6.65406 6.67676)
(-2.53413e-15 7.69678 7.22649)
(6.65635e-16 5.07299 8.77742)
(1.59679e-15 -2.44292 6.4523)
(1.46255e-15 -6.03994 3.58515)
(3.20862e-15 -5.2845 3.41297)
(4.36035e-15 -2.44379 0.996803)
(1.16239e-15 0.151033 -0.727944)
(-1.10298e-15 -1.24545 4.01508)
(-1.88467e-15 -5.02012 8.39617)
(-1.30229e-14 1.61722 -2.23801)
(-1.15262e-14 -0.456634 -1.13971)
(-9.04137e-15 -3.07559 -0.383842)
(4.72084e-15 -3.85372 1.48753)
(7.54375e-15 -3.47833 3.43195)
(1.06075e-15 -2.3593 5.76892)
(-4.99211e-15 0.0318322 7.36459)
(-6.80247e-15 2.69317 7.24197)
(-6.54918e-15 4.7428 6.65869)
(-5.47729e-15 6.57425 6.35597)
(-2.72502e-15 7.19618 7.21077)
(1.06203e-15 4.94259 9.67542)
(2.27889e-15 -1.60373 8.45028)
(2.1087e-15 -5.28897 5.38677)
(2.92179e-15 -4.73359 4.60482)
(5.20877e-16 -2.26022 4.96695)
(-4.62048e-15 -1.63244 9.7989)
(-5.33831e-15 -2.17337 12.5467)
(-5.15941e-15 -3.24061 12.2922)
(-8.55611e-15 1.39777 -1.5803)
(-9.00167e-15 -0.852069 -0.412563)
(-1.02196e-14 -3.45537 0.0628026)
(1.61806e-15 -4.52801 1.26642)
(8.24933e-15 -4.28905 2.87118)
(3.10962e-15 -3.14096 5.00264)
(-3.4138e-15 -0.347855 6.87289)
(-7.11294e-15 2.82554 7.00374)
(-6.67732e-15 4.89939 6.42431)
(-5.59314e-15 6.42278 6.14408)
(-2.58857e-15 6.47967 7.34143)
(1.76044e-15 4.48887 10.5634)
(2.02289e-15 -0.765957 10.2127)
(1.38894e-15 -4.45709 7.29772)
(4.14324e-17 -5.01271 6.67998)
(-2.76748e-15 -4.0536 9.28125)
(-5.5588e-15 -3.22008 12.5824)
(-4.14626e-15 -2.49397 10.8472)
(-8.35661e-17 -2.3348 6.40224)
(-2.92087e-15 1.0793 -0.606852)
(-8.0786e-15 -1.29562 0.521095)
(-1.017e-14 -3.63145 0.796492)
(-1.09252e-15 -4.97464 1.27904)
(7.8358e-15 -4.96725 2.39234)
(4.53269e-15 -3.92003 4.23524)
(-4.70062e-15 -0.845022 6.29581)
(-6.45358e-15 2.92241 6.60454)
(-6.33508e-15 5.06146 5.94345)
(-5.58394e-15 6.19552 5.70568)
(-2.72637e-15 5.52391 7.19943)
(1.30764e-15 3.65092 11.1382)
(1.70273e-15 -0.288479 12.1361)
(2.38177e-16 -3.88618 9.90077)
(-1.43916e-15 -5.42008 9.09821)
(-3.47347e-15 -4.68373 10.4473)
(-2.96356e-15 -2.36929 11.0733)
(4.31378e-15 0.255054 9.19145)
(2.02454e-14 1.54078 6.1842)
(-1.53496e-15 0.705696 0.618388)
(-7.05358e-15 -1.50218 1.57688)
(-9.08908e-15 -3.67407 1.6318)
(-2.94415e-15 -5.16991 1.5175)
(6.34974e-15 -5.46773 2.05561)
(6.07561e-15 -4.64436 3.505)
(-2.19009e-15 -1.39943 5.57887)
(-5.52534e-15 3.02053 5.95668)
(-5.75193e-15 5.22951 5.23219)
(-5.58216e-15 5.9122 5.13465)
(-2.99709e-15 4.37766 6.6759)
(1.25649e-15 2.38019 10.9241)
(2.00833e-15 -0.290527 13.4175)
(6.67921e-16 -3.32965 12.482)
(-5.14866e-16 -5.26119 11.5875)
(-5.08748e-16 -5.00891 12.1619)
(1.58177e-15 -3.0328 13.6552)
(3.25086e-15 -0.105853 14.2997)
(3.31646e-15 2.65916 12.2957)
(-1.02e-17 0.4244 1.79761)
(-5.29306e-15 -1.63311 2.5634)
(-7.49499e-15 -3.5923 2.40478)
(-3.75354e-15 -5.14457 1.92231)
(4.45486e-15 -5.7671 1.91864)
(7.07851e-15 -5.25745 2.88594)
(2.97903e-16 -1.95401 4.7766)
(-4.311e-15 3.11492 5.16469)
(-5.21433e-15 5.36618 4.44461)
(-5.57016e-15 5.61114 4.61274)
(-3.3561e-15 3.27839 5.84403)
(9.59785e-16 0.914464 9.50482)
(2.06756e-15 -0.87163 12.6273)
(1.55727e-15 -3.21921 13.0219)
(1.10572e-15 -5.19493 12.6078)
(1.33282e-15 -5.23975 12.4905)
(1.73193e-15 -2.7865 11.9901)
(7.49501e-16 1.23592 9.41909)
(1.11022e-15 5.25945 9.71901)
(1.76777e-15 0.193679 2.86276)
(-2.92537e-15 -1.70163 3.39698)
(-5.44955e-15 -3.41857 3.06915)
(-3.42914e-15 -4.96734 2.41773)
(2.97041e-15 -5.86506 2.009)
(7.30972e-15 -5.69883 2.47248)
(2.48539e-15 -2.44139 4.00279)
(-3.15242e-15 3.19696 4.33465)
(-4.9516e-15 5.43685 3.67399)
(-5.49421e-15 5.32294 4.19382)
(-3.90355e-15 2.4971 4.83893)
(3.30246e-16 -0.322053 7.13923)
(1.53007e-15 -1.63779 10.0146)
(1.5057e-15 -3.36716 11.0284)
(1.50612e-15 -5.01433 10.8678)
(1.17725e-15 -4.8543 9.76727)
(-1.57122e-16 -2.27277 6.39377)
(-2.5567e-15 0.38925 0.602373)
(-2.91511e-15 0.436516 0.675124)
(3.58446e-15 0.0580271 3.804)
(1.48139e-17 -1.66489 4.1)
(-2.71224e-15 -3.19309 3.67435)
(-1.95366e-15 -4.70938 2.97867)
(2.47668e-15 -5.81386 2.33715)
(7.06521e-15 -5.9703 2.35909)
(4.16665e-15 -2.82667 3.38186)
(-2.36445e-15 3.27059 3.53572)
(-5.02282e-15 5.42507 2.99376)
(-5.26108e-15 5.09466 3.84937)
(-4.60755e-15 2.28371 3.7748)
(-8.45758e-16 -1.16528 3.97268)
(8.71178e-16 -2.39291 6.49486)
(9.45204e-16 -3.55836 7.7713)
(9.98779e-16 -4.61784 7.47022)
(3.99314e-16 -3.53558 5.78495)
(-1.25926e-15 0.517664 1.89398)
(-2.11873e-15 3.03556 -1.18619)
(-1.83066e-15 2.07918 -2.75628)
(5.01224e-15 -0.0621048 4.67969)
(3.06351e-15 -1.62402 4.69586)
(5.74504e-16 -2.97275 4.23734)
(4.75708e-16 -4.41635 3.58315)
(3.13359e-15 -5.6327 2.86768)
(6.89674e-15 -6.01929 2.58881)
(5.21935e-15 -2.99206 3.02621)
(-2.14549e-15 3.36012 2.83363)
(-5.2026e-15 5.33375 2.49843)
(-4.95196e-15 4.93473 3.48478)
(-5.09995e-15 2.6477 2.98555)
(-2.90711e-15 -1.53463 1.28469)
(-8.36937e-17 -3.16752 2.71087)
(4.76012e-16 -3.76004 4.26226)
(5.00682e-16 -4.10908 3.99381)
(7.56748e-17 -2.46001 2.39486)
(-1.13458e-15 1.0258 -1.53938)
(-2.61864e-15 2.96325 -2.94776)
(-9.24941e-16 2.01339 -2.57053)
(5.64613e-15 0.00666557 5.588)
(5.42396e-15 -1.44321 5.35764)
(3.74294e-15 -2.74326 4.82405)
(3.35629e-15 -4.15469 4.24687)
(4.7138e-15 -5.46314 3.56704)
(7.21696e-15 -6.00278 3.11235)
(5.70312e-15 -2.99604 2.9197)
(-2.61303e-15 3.44317 2.26145)
(-5.12868e-15 5.20305 2.26027)
(-4.77095e-15 4.83727 2.99581)
(-5.19077e-15 3.17836 2.3887)
(-4.79301e-15 -1.09643 0.192978)
(-2.02522e-15 -3.71801 -0.439973)
(-6.15829e-16 -4.08949 0.553615)
(-2.57833e-16 -3.78898 0.323951)
(-4.18336e-16 -1.41818 -1.08915)
(-2.02265e-15 1.78547 -3.84529)
(-2.92584e-15 3.17886 -3.71785)
(-1.07594e-15 2.04929 -2.53956)
(5.48811e-15 -0.0729466 6.62725)
(6.52292e-15 -1.33376 6.15847)
(5.92221e-15 -2.53981 5.46514)
(5.83293e-15 -3.88555 4.89845)
(6.55024e-15 -5.1563 4.30674)
(7.87859e-15 -5.65272 3.82954)
(5.52509e-15 -2.58759 3.08053)
(-3.54882e-15 3.53402 1.84764)
(-4.78463e-15 5.08365 2.20029)
(-4.7398e-15 4.82305 2.45042)
(-5.13732e-15 3.58628 1.90435)
(-5.2369e-15 -0.034227 0.138631)
(-4.03723e-15 -3.47631 -1.88123)
(-2.71899e-15 -4.02923 -2.26023)
(-2.01839e-15 -3.41138 -3.0076)
(-2.02483e-15 -0.932752 -4.27511)
(-2.99501e-15 1.94172 -4.99774)
(-2.78648e-15 2.62239 -3.66004)
(-2.07341e-15 1.52865 -2.18025)
(4.83407e-15 0.2357 7.80217)
(6.71399e-15 -0.915317 7.6317)
(7.04578e-15 -2.22064 6.71634)
(7.60271e-15 -3.70237 6.06956)
(8.24106e-15 -5.14079 5.49063)
(8.49405e-15 -5.66748 4.83354)
(4.5094e-15 -2.32003 3.23805)
(-4.05895e-15 3.78304 1.6886)
(-4.52134e-15 5.02281 2.08213)
(-4.73569e-15 4.88367 1.99957)
(-5.10004e-15 3.85759 1.53574)
(-5.24641e-15 0.808414 0.263742)
(-4.97328e-15 -2.97407 -2.02751)
(-4.25539e-15 -3.67751 -3.04782)
(-3.62289e-15 -3.01536 -4.23061)
(-3.45134e-15 -0.808113 -5.18383)
(-3.40126e-15 1.53388 -4.55785)
(-2.41762e-15 2.07421 -2.95434)
(-1.73291e-15 1.33181 -1.85452)
(2.78356e-15 -0.112294 8.44578)
(5.08635e-15 -0.975444 9.24837)
(5.96298e-15 -1.93217 8.83772)
(6.98976e-15 -3.332 8.38275)
(7.38231e-15 -4.50681 7.6068)
(6.21552e-15 -4.46214 6.15724)
(1.29937e-15 -0.8781 3.40459)
(-3.78816e-15 3.97858 1.9146)
(-4.47233e-15 5.06327 1.85428)
(-4.71318e-15 5.06745 1.7264)
(-5.08199e-15 4.32689 1.29054)
(-5.24675e-15 1.99748 0.555286)
(-5.11709e-15 -2.27958 -1.31298)
(-4.73064e-15 -2.95902 -2.33139)
(-4.18849e-15 -2.44122 -3.35155)
(-3.76497e-15 -0.671645 -3.84095)
(-3.14209e-15 1.10704 -3.2805)
(-1.95857e-15 1.53755 -2.33327)
(-1.31091e-15 0.998841 -1.84758)
(1.70845e-15 6.2656 12.1584)
(3.62167e-15 13.3854 25.1403)
(2.37196e-15 18.8255 33.9175)
(2.26182e-15 18.938 33.0671)
(2.10507e-15 17.4395 29.5792)
(2.41658e-15 16.0287 26.2316)
(2.10181e-15 14.8037 23.5788)
(1.76653e-15 13.8695 21.3932)
(1.46245e-15 13.0091 19.4329)
(1.2725e-15 12.1485 17.5792)
(1.09221e-15 11.2594 15.7693)
(7.40438e-16 10.3304 13.9902)
(3.76853e-16 9.36061 12.2507)
(4.43382e-17 8.35838 10.5523)
(-5.56729e-16 7.30361 8.89461)
(-1.35003e-15 6.20714 7.24071)
(-2.22342e-15 4.96277 5.57)
(-3.0734e-15 3.68036 3.72415)
(-3.72066e-15 1.7839 1.69301)
(-7.06801e-15 0.295988 -1.49524)
(-8.7854e-16 -2.57159 -4.96655)
(4.62761e-15 11.7516 18.8555)
(3.02841e-15 19.2305 32.0055)
(2.42249e-15 19.7924 33.2047)
(2.36154e-15 18.2193 30.416)
(3.08551e-15 16.6995 27.5737)
(3.05103e-15 15.5604 25.3034)
(2.82363e-15 14.5747 23.2667)
(2.67527e-15 13.5736 21.2288)
(2.59116e-15 12.5091 19.1234)
(2.97451e-15 11.377 16.9646)
(3.00036e-15 10.189 14.7735)
(3.08671e-15 8.94569 12.5708)
(3.48374e-15 7.65612 10.3598)
(3.52286e-15 6.29239 8.1466)
(3.28723e-15 4.87591 5.87413)
(3.06972e-15 3.24388 3.54401)
(3.13637e-15 1.5905 0.82263)
(4.93256e-15 -1.17538 -2.30908)
(2.30701e-17 -1.91951 -5.66345)
(-1.58641e-16 7.55211 12.5002)
(1.02528e-15 17.9119 26.7614)
(1.0129e-15 21.5543 32.4534)
(9.27962e-16 21.1353 32.2951)
(7.43253e-16 19.5531 30.129)
(1.5672e-15 18.1705 27.9313)
(1.5125e-15 16.9137 25.9384)
(1.46066e-15 15.6665 23.8955)
(1.52623e-15 14.3141 21.7453)
(1.61237e-15 12.8837 19.4878)
(1.87319e-15 11.3729 17.1538)
(2.40482e-15 9.78948 14.7456)
(2.9817e-15 8.12658 12.2773)
(3.81064e-15 6.39323 9.75515)
(5.23242e-15 4.56839 7.18035)
(7.52027e-15 2.68624 4.54787)
(7.75567e-15 0.546428 1.89442)
(3.00623e-15 -1.80093 -1.62868)
(1.59942e-15 -3.79739 -4.20818)
(-2.41161e-15 -3.4129 -8.30213)
(2.94278e-17 13.8989 23.9922)
(-1.62862e-16 21.2404 34.1985)
(-2.09965e-16 19.5217 31.9622)
(-1.88913e-16 17.3517 28.8044)
(-2.54995e-16 15.9304 27.2644)
(1.34272e-15 14.9008 25.9097)
(1.35766e-15 13.5032 24.1252)
(1.63965e-15 11.9489 21.8988)
(1.93286e-15 10.2357 19.5112)
(1.892e-15 8.49366 17.0198)
(2.52737e-15 6.67755 14.4506)
(3.84683e-15 4.80353 11.7694)
(5.50473e-15 2.88253 9.01727)
(8.25914e-15 0.96653 6.23205)
(1.35654e-14 -0.881197 3.47313)
(2.10296e-14 -2.42918 1.07845)
(1.99508e-14 -3.45833 -0.737176)
(1.07502e-14 -4.25624 -2.564)
(4.01284e-15 -4.30194 -3.6947)
(6.42076e-16 -1.77763 -1.86779)
(-4.38718e-18 15.0894 26.7708)
(2.86687e-17 18.0349 31.2198)
(3.69751e-17 14.8776 27.0248)
(3.74119e-17 13.7073 25.2748)
(-2.57913e-17 12.6566 24.385)
(-3.46165e-16 11.4726 22.9184)
(-3.44167e-16 9.87483 21.0045)
(-3.47175e-16 8.18313 18.7708)
(-4.04444e-16 6.3834 16.4282)
(-4.62851e-16 4.56483 13.992)
(-4.32086e-16 2.70409 11.5076)
(-2.28326e-16 0.872035 9.02821)
(1.0797e-17 -0.827133 6.70058)
(-1.85828e-16 -2.19995 4.72642)
(-1.09291e-15 -3.01525 3.33967)
(-2.26559e-15 -2.98168 2.88101)
(-2.78949e-15 -1.63194 4.04958)
(-2.2392e-15 1.45344 7.39466)
(-9.70773e-16 5.23757 11.4758)
(1.40412e-16 5.24131 10.8595)
(1.54456e-19 12.7047 22.5355)
(-3.75534e-18 16.4367 29.2728)
(-4.26783e-18 14.4768 25.9538)
(-3.04954e-18 12.8605 23.0504)
(1.39085e-17 11.4781 21.2207)
(5.82494e-17 10.3216 19.5174)
(5.19249e-17 8.97399 17.7262)
(4.22168e-17 7.60878 15.6525)
(2.31064e-17 6.1448 13.4161)
(-3.5188e-18 4.69707 11.0423)
(2.19129e-17 3.30468 8.67997)
(1.22887e-16 2.13982 6.57812)
(6.83702e-17 1.42952 5.16785)
(-5.22313e-16 1.47614 4.96244)
(-1.55534e-15 2.49734 6.32635)
(-2.21816e-15 4.51398 9.26775)
(-1.82417e-15 7.15152 13.1569)
(-6.5048e-16 9.51522 16.6864)
(3.40628e-16 10.659 17.8285)
(3.34867e-16 7.57999 13.9032)
(4.61193e-20 11.5269 20.0975)
(2.19732e-19 17.5408 30.3764)
(1.1872e-19 15.7361 27.2357)
(-4.29037e-20 13.8284 23.2747)
(-1.75541e-18 12.3479 20.9425)
(-6.98529e-18 11.5233 19.1102)
(-5.36074e-18 10.6365 17.6247)
(-2.67746e-18 9.90692 16.0899)
(1.24598e-18 9.15703 14.5866)
(6.82599e-18 8.48922 13.0598)
(8.62164e-18 7.86539 11.5203)
(5.07942e-19 7.33476 10.0138)
(-9.44517e-18 6.91513 8.63817)
(-1.86823e-18 6.72425 7.69399)
(4.77142e-17 6.86254 7.4793)
(1.81604e-16 7.33534 8.25618)
(4.27435e-16 8.08155 9.86823)
(6.58732e-16 8.53994 11.6791)
(5.91328e-16 8.23058 12.2378)
(1.24047e-16 5.8015 9.68632)
(-1.93845e-20 11.6553 20.2206)
(8.15338e-20 18.4327 31.2883)
(1.40688e-19 16.5393 28.5287)
(1.7773e-19 14.749 24.5614)
(2.29762e-19 13.3045 22.3209)
(2.67821e-19 12.5879 20.5055)
(-3.3057e-19 11.7961 19.0297)
(-1.11799e-18 11.1351 17.5554)
(-2.16777e-18 10.4697 16.1541)
(-3.19604e-18 9.84691 14.802)
(-3.48716e-18 9.25305 13.4875)
(-2.85621e-18 8.67104 12.1863)
(-2.31585e-18 8.09308 10.877)
(-2.44546e-18 7.51544 9.58551)
(-2.17261e-18 6.965 8.41555)
(-2.27757e-18 6.49377 7.5467)
(-1.32569e-17 6.0976 7.13509)
(-5.29161e-17 5.72701 7.02357)
(-1.23346e-16 4.81375 6.63503)
(-1.55911e-16 2.71642 3.49514)
(5.39962e-21 12.4188 21.5372)
(-4.62879e-20 19.2631 32.1112)
(-6.87571e-20 16.9111 29.1068)
(-8.17971e-20 15.2938 25.2016)
(-4.85394e-20 13.8451 23.2102)
(1.41297e-19 13.1944 21.4234)
(3.64644e-19 12.333 19.9419)
(5.76122e-19 11.614 18.3883)
(8.27704e-19 10.854 16.9018)
(1.05181e-18 10.1212 15.4409)
(1.13281e-18 9.39515 14.022)
(1.11811e-18 8.67123 12.6423)
(1.18072e-18 7.94269 11.2981)
(1.22037e-18 7.20735 9.9738)
(7.20645e-19 6.43484 8.65814)
(-8.57461e-19 5.63879 7.3223)
(-3.6315e-18 4.71402 5.99496)
(-7.46731e-18 3.75386 4.53761)
(-7.66839e-18 2.1153 2.77652)
(-1.74811e-17 0.331491 -1.05863)
(-1.29219e-21 13.9796 24.4896)
(1.68169e-20 20.1079 32.8908)
(2.50405e-20 16.9826 29.4341)
(3.00294e-20 15.8982 25.8669)
(1.69052e-20 14.4156 24.2137)
(-6.19863e-20 13.9137 22.3909)
(-1.44673e-19 12.9806 20.9405)
(-2.07473e-19 12.3169 19.3514)
(-2.58815e-19 11.5527 17.855)
(-2.9137e-19 10.8167 16.3051)
(-2.9748e-19 10.0234 14.7166)
(-3.0237e-19 9.17081 13.0699)
(-3.38421e-19 8.24756 11.3846)
(-3.71338e-19 7.26457 9.67491)
(-2.73962e-19 6.19884 7.95904)
(1.35443e-19 5.08134 6.19765)
(1.09584e-18 3.77836 4.3796)
(3.11495e-18 2.43052 2.26156)
(9.26891e-18 0.190425 -0.268733)
(8.44163e-18 -1.0863 -3.95618)
(2.81848e-22 15.8761 28.4465)
(-5.35822e-21 20.4676 33.0112)
(-7.97033e-21 16.7155 29.6381)
(-9.53473e-21 16.4867 26.7039)
(-7.01071e-21 14.8437 25.4228)
(1.41177e-20 14.5867 23.5546)
(3.7088e-20 13.5407 22.2403)
(5.40412e-20 13.0413 20.6829)
(6.7216e-20 12.2705 19.2644)
(7.93018e-20 11.5635 17.6408)
(9.49314e-20 10.675 15.8781)
(1.2114e-19 9.67306 13.9236)
(1.55365e-19 8.52505 11.8348)
(1.74439e-19 7.26331 9.63992)
(1.40623e-19 5.87342 7.38807)
(1.27959e-20 4.40315 5.04746)
(-2.88248e-19 2.68122 2.66066)
(-6.43014e-19 1.02397 0.032185)
(-3.4867e-19 -1.61819 -2.76983)
(1.43637e-17 -2.49325 -6.5471)
(-5.62689e-23 17.208 31.7793)
(1.66307e-21 19.7851 31.8379)
(2.5766e-21 16.1102 29.6489)
(2.83927e-21 16.5679 27.2634)
(3.59452e-22 14.6022 26.2482)
(-9.51795e-21 14.56 24.386)
(-1.87881e-20 13.3041 23.3275)
(-1.91759e-20 12.9596 21.865)
(-6.46602e-21 12.0201 20.5749)
(2.44351e-20 11.2327 18.8305)
(8.15965e-20 10.056 16.8459)
(1.58911e-19 8.76089 14.5022)
(2.22701e-19 7.21977 11.9255)
(2.46163e-19 5.54782 9.17868)
(2.63702e-19 3.75902 6.37318)
(3.22051e-19 1.87388 3.43452)
(3.72475e-19 -0.492793 0.247373)
(-1.48396e-20 -1.51147 -2.71263)
(-2.89702e-18 -3.99357 -4.89774)
(1.54167e-17 -3.83282 -8.77913)
(3.99379e-24 17.1341 32.3792)
(-4.53246e-22 18.3517 29.7923)
(-5.36696e-22 15.3053 28.9236)
(-9.26694e-22 15.7067 26.6336)
(-2.41059e-21 13.6124 25.6615)
(-4.02756e-21 13.44 23.878)
(-4.06239e-21 12.0574 22.9084)
(1.54907e-21 11.5613 21.5195)
(1.9802e-20 10.3989 20.2386)
(6.7734e-20 9.3846 18.4203)
(1.6389e-19 7.93975 16.3086)
(2.84641e-19 6.39368 13.7238)
(3.48533e-19 4.56346 10.8066)
(3.12257e-19 2.70542 7.77892)
(2.38717e-19 0.908777 4.89875)
(1.31181e-19 -0.760955 2.24896)
(-1.69465e-19 -2.25844 -0.227341)
(-3.53268e-19 -3.95185 -3.34325)
(1.48073e-18 -5.17379 -5.74013)
(6.33167e-18 -2.79108 -3.95059)
(2.5632e-24 16.0722 30.71)
(1.64908e-22 17.6557 28.46)
(2.88258e-22 14.3759 27.5403)
(1.01246e-22 14.8481 25.0184)
(-1.38024e-21 12.5514 24.08)
(-4.54175e-21 12.3216 22.1427)
(-7.04577e-21 10.7784 21.0682)
(-5.62312e-21 10.0901 19.5885)
(5.84217e-21 8.84231 18.3011)
(4.26457e-20 7.75718 16.6693)
(1.20324e-19 6.39417 14.8257)
(2.21434e-19 4.92049 12.5311)
(2.84142e-19 3.21075 9.79123)
(2.37983e-19 1.49037 6.88436)
(-1.72573e-20 -0.0684597 4.2058)
(-6.37701e-19 -1.38043 1.84533)
(-1.47908e-18 -1.91288 0.552968)
(-1.79825e-18 -0.675087 1.72457)
(-1.06498e-18 2.21827 5.3857)
(-6.41617e-21 3.54145 7.80131)
(-1.04631e-24 15.5135 30.0818)
(-2.03989e-23 17.934 27.878)
(-9.32355e-25 14.0415 26.975)
(-6.59792e-23 15.127 24.0472)
(-5.07258e-22 12.522 23.1943)
(-1.71458e-21 12.5992 20.9187)
(-3.86241e-21 10.9573 19.6695)
(-6.3831e-21 10.3733 17.9078)
(-8.08454e-21 9.23847 16.5182)
(-6.66889e-21 8.41327 15.0102)
(3.75399e-21 7.45938 13.5612)
(3.0686e-20 6.54242 11.957)
(6.31272e-20 5.51618 10.09)
(4.46122e-20 4.44342 7.92637)
(-8.23245e-20 3.59913 5.97397)
(-2.38326e-19 3.41274 5.09829)
(-2.79043e-19 3.84034 5.35777)
(-1.20538e-19 4.42463 6.31591)
(2.29506e-19 5.14877 7.19315)
(6.36009e-19 4.0558 6.79583)
(3.94548e-25 15.5476 30.7038)
(1.79734e-23 18.5677 28.3173)
(3.80077e-23 14.3767 27.5592)
(-4.50763e-23 15.7197 24.5962)
(-4.47171e-22 13.2404 23.7163)
(-1.30074e-21 13.322 21.5525)
(-2.53951e-21 11.9745 20.2161)
(-4.09919e-21 11.408 18.5226)
(-6.11788e-21 10.5322 17.0554)
(-9.5725e-21 9.82548 15.5723)
(-1.68016e-20 9.10805 14.1688)
(-2.94728e-20 8.43779 12.8026)
(-4.34177e-20 7.79673 11.4598)
(-4.5034e-20 7.16957 10.0771)
(-1.92953e-20 6.48886 8.54076)
(3.58948e-20 5.66168 6.78782)
(9.71933e-20 4.57694 4.86961)
(1.45621e-19 3.3908 3.05137)
(1.68147e-19 1.85404 1.46401)
(2.9896e-19 0.604349 -0.780287)
(-1.64568e-25 15.4815 31.3979)
(8.86078e-24 18.7291 28.3176)
(2.41665e-23 14.3327 27.9802)
(-7.44511e-23 15.7705 25.151)
(-5.0031e-22 13.4049 24.2607)
(-1.31747e-21 13.3936 22.2952)
(-2.28007e-21 12.2294 20.9953)
(-3.19256e-21 11.6837 19.4589)
(-4.31292e-21 10.9458 18.0834)
(-6.12668e-21 10.3338 16.6924)
(-8.38645e-21 9.72474 15.3395)
(-9.29787e-21 9.14127 13.9822)
(-4.96705e-21 8.52722 12.5679)
(1.05874e-20 7.80659 10.9718)
(4.27871e-20 6.82791 9.03644)
(9.04734e-20 5.4796 6.60157)
(1.23608e-19 3.71111 3.92712)
(1.28257e-19 2.21222 1.84807)
(1.57196e-19 -0.130202 -0.441781)
(2.73366e-19 -1.21443 -4.21705)
(-5.01409e-25 14.4429 31.1583)
(8.27886e-24 18.3154 27.9211)
(2.3739e-23 13.5856 27.8293)
(-4.81093e-23 14.5896 25.4294)
(-3.62878e-22 12.508 24.4896)
(-9.55103e-22 12.1072 22.8726)
(-1.67594e-21 11.0262 21.6539)
(-2.54087e-21 10.353 20.3202)
(-4.03141e-21 9.59177 19.0998)
(-6.76679e-21 8.95649 17.8848)
(-9.88224e-21 8.34427 16.7124)
(-8.21121e-21 7.76952 15.5144)
(1.01567e-20 7.1275 14.1585)
(6.15738e-20 6.24576 12.3407)
(1.56213e-19 4.8375 9.59663)
(2.79522e-19 2.49682 5.32408)
(3.38776e-19 -0.923176 -0.771425)
(1.78337e-19 -2.53267 -4.68328)
(2.47335e-19 -3.85115 -4.77566)
(3.81826e-19 -2.7671 -6.88339)
(-9.00066e-25 11.3376 28.7752)
(2.50247e-24 17.0497 25.1796)
(2.06949e-23 12.055 25.5785)
(2.54111e-23 12.6648 23.8951)
(-6.29772e-23 10.9199 23.1696)
(-2.96911e-22 10.2319 22.104)
(-6.55162e-22 9.22047 21.2098)
(-1.18268e-21 8.42404 20.2808)
(-2.1886e-21 7.63243 19.3907)
(-4.11526e-21 6.92172 18.5088)
(-6.4899e-21 6.25602 17.6376)
(-5.81095e-21 5.62424 16.7374)
(6.08528e-21 4.96524 15.7038)
(3.94263e-20 4.17774 14.3233)
(9.77912e-20 3.13571 12.3068)
(1.6998e-19 1.79007 9.43539)
(2.33799e-19 0.320138 5.75189)
(2.68928e-19 -1.02467 1.80396)
(2.70873e-19 -2.01924 -1.354)
(2.02421e-19 -1.67288 -2.82381)
(-4.35834e-25 2.62183 17.1013)
(9.51823e-25 8.04659 13.7072)
(9.6285e-24 5.16467 14.5699)
(2.60692e-23 4.9677 14.1864)
(3.67784e-23 4.03628 14.1556)
(3.13336e-23 3.46131 13.9913)
(3.51357e-23 2.87429 13.8445)
(1.01675e-22 2.39101 13.6661)
(2.077e-22 1.96831 13.4703)
(5.90103e-23 1.61831 13.2531)
(-1.10098e-21 1.33908 13.0211)
(-4.44254e-21 1.13932 12.7875)
(-1.08691e-20 1.02987 12.5733)
(-1.96366e-20 1.03272 12.385)
(-2.74293e-20 1.16829 12.1885)
(-2.99126e-20 1.3928 11.9248)
(-2.55461e-20 1.73036 11.4609)
(-1.72927e-20 2.47948 10.466)
(-9.38495e-21 2.76685 8.9775)
(-3.08266e-21 -0.102965 6.82758)
(4.40235e-25 -2.6218 17.1012)
(-1.0056e-24 -8.04659 13.7071)
(-9.85259e-24 -5.16468 14.5698)
(-2.64366e-23 -4.96772 14.1863)
(-3.69926e-23 -4.0363 14.1555)
(-3.13589e-23 -3.46135 13.9912)
(-3.61303e-23 -2.87434 13.8444)
(-1.05708e-22 -2.39106 13.666)
(-2.14197e-22 -1.96836 13.4702)
(-5.69056e-23 -1.61837 13.253)
(1.14386e-21 -1.33914 13.0209)
(4.58438e-21 -1.13941 12.7875)
(1.11737e-20 -1.03003 12.5734)
(2.01138e-20 -1.03298 12.3853)
(2.7971e-20 -1.16864 12.1888)
(3.03189e-20 -1.39319 11.925)
(2.56825e-20 -1.73073 11.4609)
(1.7222e-20 -2.47976 10.4659)
(9.27529e-21 -2.76696 8.97738)
(3.02775e-21 0.103028 6.82737)
(9.2439e-25 -11.3376 28.775)
(-2.58998e-24 -17.0496 25.1795)
(-2.13916e-23 -12.0549 25.5785)
(-2.66682e-23 -12.6646 23.8951)
(6.3627e-23 -10.9197 23.1696)
(3.0575e-22 -10.2316 22.104)
(6.82923e-22 -9.22017 21.2099)
(1.24514e-21 -8.42368 20.281)
(2.30595e-21 -7.63201 19.391)
(4.30407e-21 -6.92123 18.5091)
(6.72979e-21 -6.25545 17.638)
(5.9708e-21 -5.62352 16.7378)
(-6.31286e-21 -4.96422 15.7039)
(-4.04144e-20 -4.17625 14.3227)
(-9.95608e-20 -3.13378 12.3055)
(-1.71794e-19 -1.78835 9.4339)
(-2.34565e-19 -0.319877 5.75156)
(-2.68515e-19 1.02285 1.80636)
(-2.70111e-19 2.01618 -1.34952)
(-2.00681e-19 1.67108 -2.82049)
(5.25626e-25 -14.4431 31.1587)
(-8.44684e-24 -18.3155 27.9217)
(-2.45687e-23 -13.5858 27.8298)
(4.74829e-23 -14.5897 25.4301)
(3.67156e-22 -12.508 24.4904)
(9.74939e-22 -12.1072 22.8735)
(1.73089e-21 -11.0261 21.6549)
(2.66281e-21 -10.3529 20.3213)
(4.25778e-21 -9.59167 19.101)
(7.11366e-21 -8.9564 17.8862)
(1.02872e-20 -8.3442 16.7139)
(8.44069e-21 -7.7694 15.516)
(-1.05979e-20 -7.12707 14.1598)
(-6.3355e-20 -6.2445 12.3408)
(-1.59648e-19 -4.83466 9.59407)
(-2.83737e-19 -2.4909 5.31669)
(-3.4295e-19 0.929918 -0.783271)
(-1.88146e-19 2.53435 -4.68137)
(-2.61881e-19 3.85233 -4.77687)
(-3.8272e-19 2.76722 -6.88216)
(1.84865e-25 -15.4821 31.3988)
(-8.94453e-24 -18.7296 28.3187)
(-2.47035e-23 -14.3332 27.9812)
(7.48557e-23 -15.771 25.1521)
(5.06744e-22 -13.4054 24.2618)
(1.33978e-21 -13.3942 22.2965)
(2.33551e-21 -12.23 20.9967)
(3.3099e-21 -11.6843 19.4603)
(4.52355e-21 -10.9465 18.085)
(6.43872e-21 -10.3345 16.694)
(8.76669e-21 -9.72559 15.3413)
(9.67849e-21 -9.1422 13.9841)
(5.22692e-21 -8.52814 12.5696)
(-1.0696e-20 -7.8072 10.973)
(-4.36356e-20 -6.82776 9.03656)
(-9.24204e-20 -5.47795 6.59979)
(-1.2639e-19 -3.70808 3.92424)
(-1.32995e-19 -2.20795 1.84395)
(-1.65211e-19 0.136219 -0.447972)
(-2.74892e-19 1.21941 -4.22725)
(-4.07427e-25 -15.5481 30.7043)
(-1.82856e-23 -18.5688 28.3193)
(-3.87488e-23 -14.3779 27.5604)
(4.49619e-23 -15.7204 24.5978)
(4.53613e-22 -13.242 23.7175)
(1.32377e-21 -13.3231 21.5541)
(2.58841e-21 -11.9763 20.2176)
(4.18759e-21 -11.4097 18.5244)
(6.3007e-21 -10.5344 17.057)
(1.00138e-20 -9.82775 15.5738)
(1.77636e-20 -9.11058 14.1701)
(3.1085e-20 -8.44045 12.8036)
(4.53386e-20 -7.7995 11.4606)
(4.64095e-20 -7.17234 10.078)
(1.92063e-20 -6.49136 8.54195)
(-3.77345e-20 -5.66363 6.78941)
(-9.95728e-20 -4.57821 4.8721)
(-1.47235e-19 -3.39076 3.0521)
(-1.68966e-19 -1.85008 1.45861)
(-2.9422e-19 -0.598789 -0.791822)
(1.10451e-24 -15.5128 30.0804)
(2.03641e-23 -17.9351 27.8779)
(3.33426e-25 -14.0417 26.9744)
(6.93268e-23 -15.1282 24.0458)
(5.16221e-22 -12.523 23.1931)
(1.73247e-21 -12.6009 20.9169)
(3.91397e-21 -10.9591 19.6674)
(6.51999e-21 -10.3754 17.905)
(8.32479e-21 -9.24094 16.515)
(6.84717e-21 -8.41628 15.007)
(-4.03812e-21 -7.46322 13.5584)
(-3.16123e-20 -6.54746 11.9554)
(-6.34163e-20 -5.52326 10.0911)
(-4.04977e-20 -4.45396 7.93262)
(9.4605e-20 -3.61453 5.98761)
(2.5709e-19 -3.42672 5.11129)
(3.00074e-19 -3.84761 5.36073)
(1.38049e-19 -4.42631 6.31055)
(-2.18766e-19 -5.14432 7.18145)
(-6.28168e-19 -4.05104 6.78037)
(-2.90031e-24 -16.0696 30.7049)
(-1.64755e-22 -17.6545 28.4571)
(-2.85544e-22 -14.3737 27.5364)
(-1.10099e-22 -14.8463 25.0138)
(1.38982e-21 -12.5491 24.0754)
(4.64521e-21 -12.3195 22.1374)
(7.31844e-21 -10.7757 21.0625)
(5.97202e-21 -10.0873 19.5823)
(-6.23586e-21 -8.8393 18.2947)
(-4.56519e-20 -7.7543 16.6632)
(-1.27418e-19 -6.39152 14.8201)
(-2.31113e-19 -4.91796 12.5256)
(-2.91423e-19 -3.20877 9.78611)
(-2.36263e-19 -1.48969 6.88054)
(3.59433e-20 0.0672417 4.20351)
(6.81058e-19 1.37529 1.84754)
(1.54094e-18 1.89938 0.568381)
(1.84493e-18 0.651445 1.7573)
(1.06603e-18 -2.24757 5.42734)
(9.35797e-21 -3.55493 7.82163)
(-1.83151e-24 -17.1322 32.3758)
(4.51469e-22 -18.3483 29.788)
(4.99239e-22 -15.3031 28.9202)
(9.54091e-22 -15.7035 26.6303)
(2.50699e-21 -13.6094 25.6579)
(4.11653e-21 -13.4363 23.8748)
(4.14245e-21 -12.0537 22.9051)
(-1.54692e-21 -11.5567 21.5163)
(-2.08238e-20 -10.3939 20.235)
(-7.21671e-20 -9.37873 18.4166)
(-1.73927e-19 -7.93336 16.3047)
(-2.98801e-19 -6.38635 13.7191)
(-3.61364e-19 -4.55542 10.8013)
(-3.1952e-19 -2.69729 7.77385)
(-2.38741e-19 -0.900821 4.89429)
(-1.18526e-19 0.767917 2.246)
(1.89398e-19 2.2662 -0.231278)
(2.96845e-19 3.95924 -3.34743)
(-1.85199e-18 5.16941 -5.73027)
(-7.13132e-18 2.7786 -3.92362)
(4.48551e-23 -17.2096 31.7838)
(-1.68481e-21 -19.7824 31.8344)
(-2.41526e-21 -16.1085 29.6484)
(-2.88467e-21 -16.5667 27.2639)
(-5.45688e-22 -14.6003 26.249)
(9.67918e-21 -14.5582 24.3871)
(1.95298e-20 -13.3017 23.3294)
(2.03175e-20 -12.9572 21.8672)
(7.41307e-21 -12.0169 20.5772)
(-2.51069e-20 -11.2288 18.8323)
(-8.57387e-20 -10.0509 16.8469)
(-1.6711e-19 -8.75458 14.5019)
(-2.33472e-19 -7.21186 11.9236)
(-2.57836e-19 -5.53843 9.17518)
(-2.76337e-19 -3.74798 6.36797)
(-3.34809e-19 -1.86001 3.42679)
(-3.83761e-19 0.517115 0.232072)
(4.76552e-20 1.51824 -2.71729)
(3.05203e-18 4.00123 -4.90302)
(-1.69969e-17 3.83486 -8.77907)
(-2.25468e-22 -15.8798 28.4543)
(5.51767e-21 -20.468 33.0116)
(7.34192e-21 -16.7152 29.6394)
(9.6767e-21 -16.488 26.7066)
(7.7973e-21 -14.8445 25.4261)
(-1.45077e-20 -14.5881 23.558)
(-3.90696e-20 -13.5419 22.2443)
(-5.70573e-20 -13.043 20.6871)
(-7.13655e-20 -12.2721 19.2688)
(-8.52338e-20 -11.565 17.6449)
(-1.03239e-19 -10.6761 15.8815)
(-1.31435e-19 -9.67366 13.926)
(-1.6485e-19 -8.52494 11.836)
(-1.7803e-19 -7.26238 9.63981)
(-1.32939e-19 -5.87161 7.38659)
(9.58527e-21 -4.40039 5.04451)
(3.29857e-19 -2.67698 2.65662)
(6.84749e-19 -1.01914 0.0281463)
(1.86392e-19 1.62391 -2.77455)
(-1.52873e-17 2.49713 -6.55302)
(1.04435e-21 -13.9825 24.4949)
(-1.75387e-20 -20.11 32.8931)
(-2.29881e-20 -16.9837 29.4361)
(-3.0878e-20 -15.9001 25.8695)
(-1.96151e-20 -14.4175 24.2168)
(6.55174e-20 -13.916 22.3939)
(1.5392e-19 -12.9827 20.9436)
(2.19016e-19 -12.3194 19.3546)
(2.74084e-19 -11.5553 17.8582)
(3.13355e-19 -10.8193 16.308)
(3.26839e-19 -10.0258 14.7189)
(3.35007e-19 -9.1728 13.0715)
(3.61187e-19 -8.24898 11.3851)
(3.6336e-19 -7.26527 9.6743)
(2.11819e-19 -6.19868 7.95715)
(-2.74682e-19 -5.08015 6.19425)
(-1.34353e-18 -3.77586 4.37442)
(-3.53987e-18 -2.42668 2.25412)
(-1.03918e-17 -0.184714 -0.277994)
(-7.49018e-18 1.09132 -3.96664)
(-4.52941e-21 -12.4194 21.5379)
(4.8314e-20 -19.2654 32.1137)
(6.36229e-20 -16.9131 29.1095)
(8.71946e-20 -15.2959 25.2041)
(5.80822e-20 -13.847 23.2126)
(-1.60796e-19 -13.1964 21.4257)
(-4.03857e-19 -12.335 19.9442)
(-6.14898e-19 -11.616 18.3904)
(-8.79109e-19 -10.8561 16.9037)
(-1.13367e-18 -10.1232 15.4425)
(-1.24734e-18 -9.39706 14.0233)
(-1.24326e-18 -8.67305 12.6435)
(-1.25367e-18 -7.94436 11.299)
(-1.15232e-18 -7.2087 9.97419)
(-4.21975e-19 -6.43563 8.65771)
(1.46765e-18 -5.63882 7.32093)
(4.66665e-18 -4.71281 5.99219)
(9.24081e-18 -3.75088 4.53213)
(1.0359e-17 -2.10947 2.76728)
(2.23554e-17 -0.326756 -1.0686)
(1.7344e-20 -11.6533 20.216)
(-8.68569e-20 -18.4342 31.2898)
(-1.36577e-19 -16.5417 28.5317)
(-2.0984e-19 -14.7509 24.5637)
(-2.63994e-19 -13.3062 22.3225)
(-1.77544e-19 -12.5894 20.5069)
(5.08521e-19 -11.7977 19.0308)
(1.23571e-18 -11.1366 17.5565)
(2.33332e-18 -10.4712 16.1553)
(3.48722e-18 -9.84852 14.8035)
(3.8826e-18 -9.2546 13.489)
(3.24053e-18 -8.6723 12.1873)
(2.42165e-18 -8.09393 10.8773)
(1.93787e-18 -7.51609 9.58531)
(8.24518e-19 -6.96622 8.41603)
(3.13247e-19 -6.49565 7.54817)
(1.18311e-17 -6.09901 7.13619)
(5.43092e-17 -5.72639 7.02119)
(1.30877e-16 -4.80979 6.62776)
(1.68779e-16 -2.71107 3.48398)
(-4.50005e-20 -11.5232 20.0907)
(-1.80164e-19 -17.5424 30.379)
(-6.11584e-20 -15.7393 27.2406)
(2.09016e-19 -13.8306 23.2781)
(1.88817e-18 -12.3496 20.9445)
(6.61287e-18 -11.525 19.1121)
(4.473e-18 -10.6388 17.627)
(2.49278e-18 -9.90988 16.093)
(-1.71809e-18 -9.16118 14.5904)
(-7.76483e-18 -8.49401 13.0633)
(-9.64082e-18 -7.87076 11.5228)
(-1.19195e-18 -7.34044 10.0152)
(9.55382e-18 -6.92047 8.63868)
(2.24061e-18 -6.72951 7.69383)
(-5.06713e-17 -6.86649 7.47823)
(-1.97258e-16 -7.33994 8.25709)
(-4.67519e-16 -8.0851 9.86943)
(-7.21318e-16 -8.5409 11.6771)
(-6.47849e-16 -8.22844 12.2322)
(-1.33932e-16 -5.79877 9.67925)
(-1.24222e-19 -12.6998 22.5248)
(3.50737e-18 -16.4359 29.2705)
(3.76152e-18 -14.4778 25.9528)
(2.30906e-18 -12.8617 23.0478)
(-1.44215e-17 -11.4794 21.216)
(-5.70786e-17 -10.3236 19.5118)
(-4.85397e-17 -8.97669 17.72)
(-4.26809e-17 -7.61132 15.6437)
(-2.14684e-17 -6.14667 13.4032)
(5.94541e-18 -4.69932 11.0267)
(-2.07184e-17 -3.31004 8.66631)
(-1.15865e-16 -2.15024 6.57055)
(-2.76408e-17 -1.44472 5.16701)
(6.44999e-16 -1.49473 4.96706)
(1.77441e-15 -2.5187 6.33639)
(2.46544e-15 -4.53771 9.2827)
(1.98916e-15 -7.17331 13.1712)
(6.77294e-16 -9.52863 16.6945)
(-4.05619e-16 -10.6638 17.8292)
(-3.86834e-16 -7.58329 13.9076)
(4.16027e-18 -15.0821 26.7519)
(-2.85704e-17 -18.0392 31.2217)
(-3.42539e-17 -14.878 27.0176)
(-3.49959e-17 -13.7024 25.2609)
(2.74988e-17 -12.6525 24.3721)
(3.48688e-16 -11.4694 22.907)
(3.34779e-16 -9.87137 20.9927)
(3.40425e-16 -8.17768 18.756)
(3.84912e-16 -6.37501 16.4089)
(4.48911e-16 -4.55447 13.97)
(4.33166e-16 -2.69444 11.4875)
(2.14449e-16 -0.86578 9.01426)
(-1.34606e-17 0.828976 6.69393)
(2.15918e-16 2.19833 4.72517)
(1.22282e-15 3.01027 3.34346)
(2.55547e-15 2.96889 2.89691)
(3.21083e-15 1.6045 4.08865)
(2.60147e-15 -1.49413 7.45633)
(1.1293e-15 -5.27679 11.5367)
(-1.43159e-16 -5.26021 10.8915)
(-2.98325e-17 -13.8706 23.9329)
(1.63803e-16 -21.2372 34.1777)
(1.94405e-16 -19.5449 31.9706)
(1.78339e-16 -17.3705 28.8087)
(2.82783e-16 -15.9415 27.2577)
(-1.20561e-15 -14.9091 25.9022)
(-1.28372e-15 -13.5113 24.1193)
(-1.44377e-15 -11.9541 21.8915)
(-1.49645e-15 -10.2373 19.5004)
(-1.88242e-15 -8.49203 17.0063)
(-2.86709e-15 -6.67401 14.4369)
(-3.78494e-15 -4.7996 11.758)
(-5.10221e-15 -2.87985 9.01029)
(-7.58114e-15 -0.965193 6.22929)
(-1.26877e-14 0.881968 3.47359)
(-1.85314e-14 2.43058 1.07874)
(-1.80964e-14 3.45943 -0.736522)
(-1.0363e-14 4.24649 -2.54342)
(-3.61264e-15 4.27175 -3.64415)
(-2.12606e-16 1.758 -1.82805)
(1.64386e-16 -7.48993 12.4012)
(-9.90064e-16 -17.8531 26.6469)
(-9.13177e-16 -21.5484 32.4063)
(-8.6856e-16 -21.1596 32.3025)
(-7.78264e-16 -19.5818 30.147)
(-1.72821e-15 -18.1934 27.9442)
(-1.53373e-15 -16.9331 25.948)
(-1.3497e-15 -15.6844 23.9053)
(-1.40217e-15 -14.3313 21.7557)
(-1.56487e-15 -12.8998 19.4989)
(-1.99589e-15 -11.3879 17.1656)
(-2.37315e-15 -9.80367 14.7584)
(-2.84408e-15 -8.14071 12.2919)
(-3.59175e-15 -6.40815 9.77238)
(-5.06719e-15 -4.5851 7.20136)
(-6.95979e-15 -2.70633 4.57453)
(-7.0203e-15 -0.576963 1.93333)
(-2.67636e-15 1.79506 -1.58611)
(-5.86045e-16 3.77503 -4.17829)
(4.61933e-15 3.40535 -8.28775)
(8.22635e-16 2.72212 -5.26043)
(-4.36896e-15 -11.609 18.6133)
(-2.89372e-15 -19.1907 31.9333)
(-2.57092e-15 -19.7958 33.21)
(-2.5889e-15 -18.2339 30.4362)
(-3.10365e-15 -16.7129 27.5885)
(-2.83529e-15 -15.5724 25.3111)
(-2.60944e-15 -14.5874 23.2698)
(-2.68424e-15 -13.5884 21.2309)
(-2.77506e-15 -12.5266 19.1252)
(-2.68783e-15 -11.3968 16.9662)
(-2.95023e-15 -10.2104 14.7747)
(-2.90376e-15 -8.96828 12.5716)
(-2.9802e-15 -7.67955 10.3605)
(-3.27401e-15 -6.31659 8.14791)
(-3.17442e-15 -4.90106 5.87755)
(-3.05036e-15 -3.27173 3.55139)
(-3.05836e-15 -1.61853 0.841146)
(-3.95114e-15 1.12708 -2.285)
(1.91655e-15 1.87298 -5.55983)
(-1.79523e-15 -6.37971 12.405)
(-3.46884e-15 -13.3354 25.0845)
(-2.37179e-15 -18.8099 33.9118)
(-2.18915e-15 -18.9469 33.0828)
(-2.17576e-15 -17.4569 29.5964)
(-2.26573e-15 -16.0415 26.2355)
(-1.85806e-15 -14.8164 23.5687)
(-1.63207e-15 -13.8828 21.3877)
(-1.39548e-15 -13.0261 19.4287)
(-1.19326e-15 -12.1662 17.5792)
(-9.06826e-16 -11.2782 15.7757)
(-5.95004e-16 -10.3516 14.0049)
(-1.38394e-16 -9.38575 12.2757)
(2.88976e-16 -8.38954 10.5896)
(8.34675e-16 -7.34354 8.94653)
(1.5749e-15 -6.25842 7.31108)
(2.45748e-15 -5.03018 5.66337)
(3.44213e-15 -3.76576 3.85304)
(4.47269e-15 -1.91358 1.876)
(7.8203e-15 -0.427401 -1.20794)
)
;

boundaryField
{
    outletWall
    {
        type            zeroGradient;
    }
    fineWalls
    {
        type            noSlip;
    }
    fineFrontAndBack
    {
        type            zeroGradient;
    }
    fineplugLeft
    {
        type            cyclicAMI;
        value           nonuniform List<vector> 
20
(
(-5.7732e-15 1.84282 0.67984)
(-3.23518e-15 3.08959 3.31142)
(-3.01194e-15 4.61846 4.97185)
(-2.45217e-15 5.66438 6.51038)
(-1.80209e-15 6.67125 7.91668)
(-1.13898e-15 7.55953 9.32778)
(-6.01485e-16 8.41159 10.7523)
(-2.66633e-16 9.21997 12.2133)
(1.05689e-16 10.0001 13.7017)
(4.79754e-16 10.7456 15.2078)
(7.17729e-16 11.4473 16.7159)
(9.60299e-16 12.1151 18.2278)
(1.29004e-15 12.8099 19.7768)
(1.7551e-15 13.5765 21.7418)
(1.89991e-15 13.8523 23.2237)
(1.70414e-15 14.9081 25.8007)
(1.85544e-15 16.0572 28.3991)
(1.96375e-15 15.9603 28.587)
(3.01436e-15 11.5846 20.62)
(1.40004e-15 5.90231 9.51395)
)
;
    }
    fineplugRight
    {
        type            cyclicAMI;
        value           nonuniform List<vector> 
20
(
(6.25146e-15 -1.99782 0.842777)
(3.71326e-15 -3.24284 3.38321)
(3.16566e-15 -4.73324 5.00221)
(2.49624e-15 -5.76347 6.51752)
(1.85156e-15 -6.75566 7.91589)
(1.25138e-15 -7.63405 9.32548)
(7.79303e-16 -8.47872 10.7525)
(3.78917e-16 -9.28255 12.2168)
(-5.95854e-17 -10.06 13.7069)
(-3.83858e-16 -10.804 15.2112)
(-6.87016e-16 -11.5045 16.7124)
(-9.22413e-16 -12.1711 18.2126)
(-1.17618e-15 -12.8592 19.7488)
(-1.493e-15 -13.5751 21.6789)
(-1.67613e-15 -13.8428 23.1945)
(-1.61215e-15 -14.9037 25.7494)
(-1.59622e-15 -16.0501 28.3187)
(-1.71457e-15 -15.9365 28.455)
(-2.56593e-15 -11.5321 20.4104)
(-1.09029e-15 -5.98306 9.52812)
)
;
    }
    inletOutletLeft
    {
        type            cyclicAMI;
        value           nonuniform List<vector> 
20
(
(-5.7732e-15 1.84282 0.67984)
(-3.23518e-15 3.08959 3.31142)
(-3.01194e-15 4.61846 4.97185)
(-2.45217e-15 5.66438 6.51038)
(-1.80209e-15 6.67125 7.91668)
(-1.13898e-15 7.55953 9.32778)
(-6.01485e-16 8.41159 10.7523)
(-2.66633e-16 9.21997 12.2133)
(1.05689e-16 10.0001 13.7017)
(4.79754e-16 10.7456 15.2078)
(7.17729e-16 11.4473 16.7159)
(9.60299e-16 12.1151 18.2278)
(1.29004e-15 12.8099 19.7768)
(1.7551e-15 13.5765 21.7418)
(1.89991e-15 13.8523 23.2237)
(1.70414e-15 14.9081 25.8007)
(1.85544e-15 16.0572 28.3991)
(1.96375e-15 15.9603 28.587)
(3.01436e-15 11.5846 20.62)
(1.40004e-15 5.90231 9.51395)
)
;
    }
    inletLeft
    {
        type            fixedValue;
        value           uniform (0 -8.7 15);
    }
    inletWallsLeft
    {
        type            noSlip;
    }
    inletFacesLeft
    {
        type            zeroGradient;
    }
    inletOutletRight
    {
        type            cyclicAMI;
        value           nonuniform List<vector> 
20
(
(6.25146e-15 -1.99782 0.842777)
(3.71326e-15 -3.24284 3.38321)
(3.16566e-15 -4.73324 5.00221)
(2.49624e-15 -5.76347 6.51752)
(1.85156e-15 -6.75566 7.91589)
(1.25138e-15 -7.63405 9.32548)
(7.79303e-16 -8.47872 10.7525)
(3.78917e-16 -9.28255 12.2168)
(-5.95854e-17 -10.06 13.7069)
(-3.83858e-16 -10.804 15.2112)
(-6.87016e-16 -11.5045 16.7124)
(-9.22413e-16 -12.1711 18.2126)
(-1.17618e-15 -12.8592 19.7488)
(-1.493e-15 -13.5751 21.6789)
(-1.67613e-15 -13.8428 23.1945)
(-1.61215e-15 -14.9037 25.7494)
(-1.59622e-15 -16.0501 28.3187)
(-1.71457e-15 -15.9365 28.455)
(-2.56593e-15 -11.5321 20.4104)
(-1.09029e-15 -5.98306 9.52812)
)
;
    }
    inletRight
    {
        type            fixedValue;
        value           uniform (0 8.7 15);
    }
    inletWallsRight
    {
        type            noSlip;
    }
    inletFacesRight
    {
        type            zeroGradient;
    }
}


// ************************************************************************* //
