/*--------------------------------*- C++ -*----------------------------------*\
| =========                 |                                                 |
| \\      /  F ield         | OpenFOAM: The Open Source CFD Toolbox           |
|  \\    /   O peration     | Version:  4.1                                   |
|   \\  /    A nd           | Web:      www.OpenFOAM.org                      |
|    \\/     M anipulation  |                                                 |
\*---------------------------------------------------------------------------*/
FoamFile
{
    version     2.0;
    format      ascii;
    class       volVectorField;
    location    "18";
    object      U;
}
// * * * * * * * * * * * * * * * * * * * * * * * * * * * * * * * * * * * * * //

dimensions      [0 1 -1 0 0 0 0];

internalField   nonuniform List<vector> 
1280
(
(-1.03582e-16 -0.886093 -1.46661)
(-3.8454e-17 -0.319461 -1.32561)
(8.1564e-18 -0.454329 -0.921102)
(-3.82701e-16 -0.199938 -1.18086)
(-3.77216e-16 0.0177406 -1.65501)
(-2.55247e-16 0.220841 -1.20135)
(-3.00289e-16 0.433559 -1.19793)
(-1.20502e-16 0.550339 -1.09704)
(-4.46948e-16 0.937739 -1.67236)
(-4.49276e-16 1.04618 -1.27856)
(-4.57535e-16 1.26751 -1.15476)
(-5.17701e-16 1.71155 -1.89224)
(-3.40509e-16 1.78898 -1.49207)
(-2.4716e-16 2.04313 -1.35285)
(-8.3328e-16 2.77752 -2.31842)
(-7.7162e-16 2.55161 -1.96553)
(-7.74762e-16 3.1926 -1.67209)
(-6.35681e-16 2.79953 -3.90224)
(-4.66879e-16 4.9285 -1.855)
(-7.93984e-16 2.75265 -6.17591)
(-1.56216e-16 4.68766 2.02777)
(-1.68627e-15 4.74555 6.98867)
(-2.00552e-15 4.73456 8.56314)
(-2.48322e-15 5.16126 9.06681)
(-2.7501e-15 5.12304 9.34726)
(-3.00353e-15 5.5189 10.9535)
(-2.11454e-15 4.26417 8.8236)
(-3.06465e-15 8.13648 13.7069)
(-3.01331e-15 8.38139 13.8755)
(-2.99197e-15 8.33357 13.9875)
(-3.02514e-15 8.34793 13.9588)
(-3.06908e-15 8.29892 13.8238)
(-3.15911e-15 8.2619 13.5142)
(-3.29567e-15 8.15118 13.0952)
(-3.48187e-15 8.10561 12.5749)
(-3.76709e-15 7.94517 12.1464)
(-3.89442e-15 7.92556 11.9371)
(-3.86531e-15 7.73961 12.3376)
(-3.44532e-15 7.77321 13.0692)
(-3.10427e-15 7.65532 14.0991)
(-2.08052e-15 9.02772 14.2499)
(-8.58138e-16 5.26703 9.48137)
(-7.82497e-16 4.08877 9.43278)
(-8.86267e-16 3.1335 9.72201)
(-6.61909e-17 0.804523 8.15393)
(-1.49215e-15 0.0247963 0.599247)
(-1.9555e-16 -0.374147 -2.09832)
(1.20815e-14 0.55472 -3.64505)
(4.10328e-14 0.423598 -4.92659)
(1.24342e-14 -0.664763 -2.83398)
(6.28381e-15 0.481884 -2.97283)
(7.36622e-15 -0.868686 -5.21586)
(7.60099e-15 -0.741302 -3.49299)
(9.21616e-15 -0.00355892 -2.16297)
(5.9973e-15 -0.23283 0.659105)
(1.59784e-15 -1.29654 8.04174)
(7.29563e-16 -3.33711 8.97035)
(8.74516e-16 -4.28441 8.96521)
(9.53309e-16 -5.44492 9.34302)
(1.9785e-15 -8.70778 14.5572)
(2.78636e-15 -7.61338 14.4404)
(3.9487e-15 -7.77881 13.7612)
(4.54003e-15 -7.73018 13.3297)
(4.30984e-15 -7.98786 13.4174)
(3.88936e-15 -8.00609 13.7595)
(3.53012e-15 -8.17933 14.0146)
(3.26555e-15 -8.21149 14.2077)
(3.06266e-15 -8.31152 14.2806)
(2.8672e-15 -8.32751 14.3211)
(2.64802e-15 -8.36902 14.2954)
(2.44905e-15 -8.34299 14.2367)
(2.21041e-15 -8.31979 14.1067)
(1.99855e-15 -8.20316 13.908)
(-7.37904e-16 -4.42581 8.8101)
(7.25182e-16 -4.87186 10.9198)
(-2.2183e-16 -4.59979 10.3028)
(-5.13566e-16 -4.49487 9.70555)
(-9.83828e-16 -4.09091 8.74516)
(-1.52399e-15 -4.29792 7.25973)
(-2.8094e-15 -4.05528 1.57358)
(-2.54703e-15 -2.95935 -4.11633)
(-2.83577e-15 -4.29302 -1.21019)
(-3.72514e-15 -3.28317 -2.53032)
(-2.45996e-15 -3.35484 -1.1591)
(-2.68475e-15 -2.8973 -1.33174)
(-3.4059e-15 -3.30891 -1.54565)
(-1.92687e-15 -2.68795 -0.85081)
(-2.24414e-15 -2.47705 -0.923801)
(-2.74328e-15 -2.71543 -1.10607)
(-1.33741e-15 -2.23196 -0.550276)
(-1.60547e-15 -2.08684 -0.613711)
(-1.88734e-15 -2.32204 -0.757369)
(-5.22176e-16 -1.82179 -0.368025)
(-6.22644e-16 -1.91802 -0.393672)
(-5.88128e-16 -1.68945 -0.366101)
(-8.7318e-16 -1.98421 -0.421644)
(-1.00587e-16 -1.56125 -0.135353)
(-1.92292e-16 -1.53138 -0.145478)
(-3.42272e-16 -1.68834 -0.153505)
(2.51309e-16 -1.33306 0.0665008)
(-2.90831e-15 3.31762 10.1617)
(-1.82314e-15 3.29594 8.05969)
(-1.39391e-15 1.78253 4.76019)
(-1.04013e-15 -1.21157 1.164)
(-1.41913e-15 -2.70213 0.795383)
(-2.25564e-15 -1.80992 1.25796)
(-2.32155e-15 -1.23096 1.18673)
(-2.06075e-15 -1.2487 1.12687)
(-1.86171e-15 -1.36672 1.02347)
(-2.03555e-15 -1.26202 0.763397)
(-2.36619e-15 -0.66773 0.479314)
(-3.85859e-15 0.323565 0.128823)
(-5.49719e-15 1.53761 -0.305951)
(-4.86966e-15 1.76816 -1.04437)
(-4.94618e-15 0.357475 -1.55284)
(-5.85053e-15 -1.13632 -1.32801)
(-6.02027e-15 -1.4908 -1.17701)
(-5.31131e-15 -1.84486 -0.843869)
(-4.83911e-15 -1.44122 -0.966647)
(-1.35588e-15 3.99998 10.964)
(-7.86151e-16 5.01361 9.13881)
(-1.00022e-15 4.01464 6.37316)
(-1.35836e-15 -0.000736792 2.07522)
(-1.488e-15 -2.77263 0.497148)
(-2.29708e-15 -1.87419 1.52946)
(-2.11091e-15 -1.16818 1.29385)
(-1.56029e-15 -1.17354 1.25783)
(-1.06168e-15 -1.24342 1.1656)
(-1.23725e-15 -1.08461 0.878256)
(-1.91601e-15 -0.475716 0.601447)
(-3.62841e-15 0.498447 0.253737)
(-4.71174e-15 1.88474 -0.315289)
(-3.52492e-15 2.19575 -1.47133)
(-3.89111e-15 0.524833 -1.99476)
(-5.3559e-15 -1.28262 -1.58482)
(-6.04511e-15 -1.6856 -1.18131)
(-5.43865e-15 -1.96423 -0.812638)
(-4.93729e-15 -1.66677 -0.912549)
(5.64769e-16 4.15696 8.94778)
(6.51224e-16 5.41052 7.34109)
(-7.35614e-17 4.88283 6.16728)
(-9.03266e-16 1.36511 3.54435)
(-1.66427e-15 -2.55919 0.355292)
(-2.15195e-15 -2.08973 1.80714)
(-1.61125e-15 -1.12823 1.63172)
(-4.94383e-16 -1.16035 1.54061)
(3.04502e-16 -1.16993 1.46259)
(-3.07562e-16 -0.99064 1.15896)
(-1.45394e-15 -0.376533 0.902604)
(-2.72455e-15 0.706174 0.52098)
(-3.47981e-15 2.29351 -0.318254)
(-3.00907e-15 2.49971 -1.37138)
(-3.65382e-15 0.504237 -1.68822)
(-4.55013e-15 -1.42987 -1.5686)
(-5.54998e-15 -1.77702 -1.19782)
(-5.45411e-15 -1.94215 -0.790862)
(-5.09001e-15 -1.63863 -0.935025)
(1.49935e-15 4.58117 6.72425)
(9.20749e-16 5.97767 5.2773)
(4.24872e-16 5.42842 5.04509)
(-1.81339e-16 2.38297 4.00404)
(-1.67424e-15 -2.17289 1.20685)
(-1.84318e-15 -2.31672 1.83917)
(-9.54658e-17 -1.09805 2.22241)
(1.52733e-15 -1.11489 1.98451)
(7.78242e-16 -1.12208 1.92202)
(-1.4443e-15 -0.906628 1.6521)
(-1.97088e-15 -0.240318 1.3601)
(-2.60548e-15 0.986599 0.948364)
(-2.56921e-15 2.67466 -0.00404417)
(-3.17373e-15 2.71954 -0.210189)
(-3.79498e-15 0.481065 -0.368831)
(-4.13115e-15 -1.48583 -0.939571)
(-4.95559e-15 -1.97471 -0.924285)
(-5.17903e-15 -2.13893 -0.667629)
(-5.15318e-15 -1.69162 -1.08483)
(1.08095e-15 4.78064 5.14655)
(5.22036e-17 6.12774 4.31513)
(4.18519e-16 5.4621 4.34918)
(2.99318e-16 2.89716 4.13375)
(-1.02665e-15 -1.7244 2.41518)
(-8.81465e-16 -2.43522 1.90045)
(1.52424e-15 -1.19367 2.94255)
(2.02572e-15 -1.02086 2.66368)
(-1.80704e-15 -1.03669 2.43852)
(-4.67358e-15 -0.758385 2.09738)
(-4.32267e-15 -0.0911969 1.76566)
(-2.82321e-15 1.25638 1.50253)
(-2.91473e-15 2.81493 1.17532)
(-3.21181e-15 2.63047 2.06135)
(-3.86427e-15 0.654254 1.59243)
(-4.58378e-15 -1.21594 0.0549369)
(-4.30288e-15 -1.78038 -0.451178)
(-4.70317e-15 -1.82323 -0.497955)
(-4.87397e-15 -1.33037 -1.13387)
(9.25033e-17 4.90546 4.53849)
(-7.68855e-16 6.25388 4.24385)
(5.98331e-16 5.50663 4.13943)
(4.3466e-16 3.13835 4.28122)
(-3.78266e-17 -1.31957 3.36055)
(1.39696e-15 -2.48342 2.39224)
(1.72439e-15 -1.4061 3.55778)
(-2.74301e-15 -0.924227 3.35435)
(-9.24769e-15 -0.931357 2.66637)
(-1.11658e-14 -0.653332 2.10348)
(-8.58999e-15 -0.0186931 1.95757)
(-4.33477e-15 1.21704 2.40982)
(-3.39038e-15 2.47659 3.56298)
(-2.55191e-15 2.49644 5.08872)
(-3.53514e-15 1.21418 4.13954)
(-5.40587e-15 -0.814147 1.46959)
(-5.0001e-15 -1.77751 0.156683)
(-4.23776e-15 -2.11724 0.28198)
(-4.80821e-15 -1.33603 -1.97158)
(-1.42743e-16 4.91634 4.25564)
(-6.83765e-16 6.28729 4.22442)
(1.17946e-15 5.49245 4.06394)
(4.04909e-16 3.17821 4.51649)
(-8.44998e-16 -1.00847 4.14352)
(2.79625e-15 -2.46822 3.141)
(-1.69789e-16 -1.56555 3.69613)
(-1.05037e-14 -0.65642 3.26188)
(-1.61647e-14 -0.504243 2.23323)
(-1.34399e-14 -0.474819 2.1362)
(-8.86671e-15 -0.266318 3.1368)
(-5.27599e-15 0.645132 4.52725)
(-2.74934e-15 1.7998 6.86557)
(-1.5932e-15 2.37499 8.74752)
(-2.1116e-15 2.1248 7.83982)
(-3.57004e-15 0.478255 4.44131)
(-5.28765e-15 -1.15841 0.669556)
(-5.05381e-15 -0.594689 -0.204924)
(-4.85165e-15 0.358958 -1.76785)
(6.00978e-16 4.91411 4.01694)
(-1.0231e-16 6.31211 4.12051)
(2.03669e-15 5.42507 4.05795)
(6.0855e-16 3.05941 4.78789)
(-5.21644e-15 -0.78915 4.76948)
(-1.88588e-15 -2.29693 3.79812)
(-5.24658e-15 -1.4598 3.52137)
(-1.3609e-14 -0.353069 3.00652)
(-1.26427e-14 -0.524475 2.86952)
(-9.86572e-15 -1.0255 3.6459)
(-7.93633e-15 -0.922508 4.78233)
(-4.63366e-15 -0.193741 6.77985)
(-1.46574e-15 0.831219 10.2747)
(-4.70733e-16 2.09521 12.2661)
(-6.58782e-16 2.9534 11.8587)
(-1.39437e-15 2.15157 9.54708)
(-2.6123e-15 0.144188 6.00731)
(-2.59929e-15 -1.74663 5.40859)
(-6.90833e-16 -5.66547 9.58813)
(1.72177e-15 4.87261 3.84419)
(4.16058e-16 6.26726 4.0726)
(2.88123e-15 5.27035 4.20657)
(1.81586e-15 2.85497 5.16648)
(-9.67951e-15 -0.59201 5.25328)
(-1.13362e-14 -1.98141 4.35718)
(-1.12583e-14 -1.25106 4.03067)
(-1.06958e-14 -0.399491 4.73397)
(-7.5681e-15 -0.732363 5.6076)
(-7.60794e-15 -1.2664 5.73947)
(-6.91903e-15 -1.56638 6.31185)
(-3.65318e-15 -1.52575 8.79436)
(-9.2295e-16 -0.356739 12.5927)
(-3.19424e-16 1.69555 14.2546)
(-4.86084e-16 3.14195 14.0391)
(-2.33618e-16 2.48355 13.3538)
(-3.23188e-16 0.321549 12.8438)
(-3.21488e-16 -1.78719 12.2894)
(6.08266e-16 -3.78037 11.9943)
(2.68628e-15 4.811 3.77748)
(7.56175e-16 6.16098 4.10175)
(3.53326e-15 5.02505 4.50533)
(4.08814e-15 2.59513 5.7546)
(-8.26699e-15 -0.428262 5.97943)
(-1.47913e-14 -1.82586 5.41705)
(-1.13936e-14 -1.56985 6.08575)
(-4.80069e-15 -1.009 8.34376)
(-3.2226e-15 -0.968421 9.74154)
(-4.76893e-15 -1.31643 9.3436)
(-5.18681e-15 -2.07037 8.85652)
(-3.70309e-15 -2.64002 10.0722)
(-7.75435e-16 -1.36688 12.571)
(-1.19198e-15 1.44907 13.5235)
(-1.49906e-15 3.44547 12.9999)
(-4.84734e-16 2.83779 12.6386)
(7.6315e-16 0.349555 11.7792)
(1.13611e-15 -1.7797 10.1975)
(2.3992e-15 -3.04779 6.66835)
(3.10607e-15 4.72909 3.78816)
(7.57756e-16 5.97573 4.18577)
(3.57011e-15 4.64484 4.89489)
(6.24313e-15 2.20718 6.56414)
(-1.82058e-15 -0.444799 7.17599)
(-8.4596e-15 -2.0319 7.17145)
(-5.13072e-15 -2.35861 8.58879)
(4.19137e-16 -1.84475 11.2601)
(1.68839e-15 -1.13936 12.7803)
(4.83941e-16 -0.986029 12.3377)
(-8.76126e-16 -1.90071 11.2529)
(-1.3181e-15 -2.9896 11.1041)
(-9.99019e-16 -1.69517 11.7727)
(-1.36042e-15 1.53856 10.6857)
(-1.14601e-15 3.5376 9.2771)
(-1.3975e-15 2.98078 11.5246)
(-4.45117e-16 1.46069 12.8475)
(2.98269e-15 1.05604 10.0168)
(1.14913e-14 2.30671 5.94632)
(2.61385e-15 4.63137 3.80274)
(3.16325e-16 5.71659 4.25235)
(2.628e-15 4.10503 5.21073)
(6.49928e-15 1.63296 7.39726)
(3.03157e-15 -0.667764 8.47348)
(-1.34028e-15 -2.42118 8.8914)
(-2.29934e-16 -3.18476 10.3498)
(2.46233e-15 -2.674 12.5536)
(2.51766e-15 -1.38125 13.771)
(1.60658e-15 -0.705727 13.3204)
(1.11349e-15 -1.51506 12.0315)
(3.61867e-16 -2.8169 10.7475)
(-1.57531e-16 -1.24413 8.72087)
(-1.2294e-16 2.25568 4.55891)
(2.44827e-17 3.05457 2.66216)
(-5.90228e-16 1.24774 6.64731)
(-1.9714e-15 0.60961 12.6532)
(-2.16516e-15 1.12633 13.4899)
(-1.75124e-15 2.8202 12.4651)
(1.69433e-15 4.52065 3.74035)
(3.46919e-17 5.40905 4.21446)
(1.64505e-15 3.41105 5.23444)
(5.422e-15 0.854147 7.9254)
(4.37774e-15 -1.03885 9.43847)
(2.21453e-15 -2.80857 10.025)
(2.27315e-15 -3.78628 11.0621)
(3.06182e-15 -3.19712 12.1727)
(2.40104e-15 -1.44092 12.2805)
(1.46159e-15 -0.359074 11.1684)
(1.11018e-15 -0.853319 9.64942)
(9.54401e-16 -1.67052 7.87126)
(3.71042e-16 0.732555 3.7893)
(-4.59101e-16 3.79815 0.0668264)
(-5.82794e-16 3.19794 0.331223)
(9.9413e-17 -0.703045 0.448485)
(-7.81566e-16 -1.30132 4.79061)
(-1.06955e-15 1.43704 8.03845)
(-1.47281e-15 5.85591 11.0364)
(6.08561e-16 4.40488 3.57903)
(-6.14466e-17 5.11467 4.0456)
(1.10574e-15 2.64756 4.83679)
(4.80767e-15 -0.0715005 7.76)
(4.57686e-15 -1.50458 9.7138)
(3.24546e-15 -3.10217 10.4208)
(3.2182e-15 -4.03245 10.9675)
(3.26876e-15 -3.19809 11.0482)
(2.21361e-15 -1.02784 10.2056)
(6.68611e-16 0.332366 8.49658)
(-3.31504e-16 0.0132594 5.8497)
(3.61012e-16 -0.554671 2.63493)
(-3.89158e-16 1.80725 -1.42967)
(-9.4067e-16 3.62546 -1.56697)
(-4.04396e-16 2.74355 0.157557)
(1.83535e-16 -0.436495 0.474349)
(1.00696e-16 -2.17989 -1.09791)
(2.47136e-17 -1.66807 -1.14162)
(-9.05909e-17 -0.367395 0.194438)
(-6.29199e-16 4.29118 3.34168)
(-3.83295e-16 4.90172 3.77662)
(4.53532e-16 1.98133 4.118)
(4.09942e-15 -1.10208 6.65468)
(4.78034e-15 -2.09582 9.13556)
(3.64545e-15 -3.32535 10.0299)
(3.38482e-15 -4.02058 10.2117)
(3.05159e-15 -2.89396 9.51739)
(1.91565e-15 -0.418416 7.85107)
(1.21492e-16 1.31101 5.80539)
(-1.7525e-15 1.59887 3.34978)
(-2.10443e-15 1.18843 0.160334)
(-2.38514e-15 2.16047 -2.29222)
(-1.2381e-15 3.14094 -1.27714)
(-1.43937e-16 2.29018 0.241645)
(4.83462e-16 -0.00853682 0.391425)
(6.96012e-16 -1.17721 -1.78903)
(3.6586e-16 -0.137121 -2.92256)
(5.36426e-16 0.924777 -4.454)
(-1.68809e-15 4.18687 3.07156)
(-8.46187e-16 4.7876 3.45134)
(-3.98786e-16 1.57268 3.3826)
(2.65582e-15 -2.08865 5.02693)
(4.98421e-15 -2.83491 7.82276)
(4.0645e-15 -3.53787 8.91124)
(3.27727e-15 -3.80545 8.82243)
(2.38326e-15 -2.24895 7.41977)
(6.97344e-16 0.452853 4.75014)
(-1.13075e-15 2.12505 2.59541)
(-2.46972e-15 2.37238 1.18838)
(-2.31889e-15 1.90124 -0.122247)
(-1.65468e-15 2.34989 -1.51172)
(-5.77107e-16 2.7413 -0.879974)
(-1.29047e-16 2.04421 0.0360325)
(2.04506e-16 0.446634 -0.0405721)
(9.71653e-17 -0.618961 -1.46074)
(-1.69396e-16 0.0401043 -2.44446)
(-2.43113e-16 0.596167 -2.62328)
(-2.18059e-15 4.09959 2.80493)
(-1.14841e-15 4.74996 3.09816)
(-1.05051e-15 1.43662 2.79417)
(8.48726e-16 -2.91844 3.48634)
(4.60901e-15 -3.62344 6.1277)
(4.57408e-15 -3.72128 7.33047)
(3.20215e-15 -3.41704 6.99245)
(1.27382e-15 -1.29348 4.97857)
(-1.53659e-15 1.45512 1.8826)
(-2.9838e-15 2.70244 0.561119)
(-3.1219e-15 2.69292 0.102181)
(-2.11245e-15 2.23626 -0.384794)
(-1.11524e-15 2.40047 -1.28993)
(-3.08904e-16 2.52244 -0.981664)
(-8.39386e-17 1.93078 -0.477666)
(-1.47957e-16 0.76142 -0.609748)
(-1.52779e-16 -0.261202 -1.55016)
(-1.87991e-16 0.175504 -2.22593)
(-1.97498e-16 0.754294 -2.22888)
(-2.11708e-15 4.03631 2.56041)
(-1.29757e-15 4.76475 2.74742)
(-1.18749e-15 1.51191 2.33518)
(-6.76768e-16 -3.47349 2.31581)
(3.35248e-15 -4.35977 4.44532)
(4.60218e-15 -3.90001 5.65157)
(3.09266e-15 -2.86889 5.09698)
(3.22093e-16 -0.175337 2.79422)
(-2.97272e-15 2.15839 0.39072)
(-4.09818e-15 2.87352 0.0246157)
(-3.25214e-15 2.78887 -0.124821)
(-1.78193e-15 2.48269 -0.557816)
(-8.43285e-16 2.49065 -1.15973)
(-2.53965e-16 2.43182 -1.04081)
(-1.2173e-16 1.8861 -0.855418)
(-1.45902e-16 0.968927 -1.03789)
(-1.89884e-16 0.0264464 -1.69065)
(-2.2939e-16 0.233747 -2.18058)
(-2.55812e-16 0.511973 -2.00821)
(-1.81721e-15 4.00371 2.3548)
(-1.19715e-15 4.78996 2.44045)
(-1.00625e-15 1.60856 2.01902)
(-1.50552e-15 -3.80775 1.49688)
(1.56376e-15 -4.92356 3.04466)
(3.75057e-15 -3.96165 4.33369)
(2.29414e-15 -2.33481 3.65089)
(-1.35993e-15 0.67147 1.32643)
(-4.0048e-15 2.53898 0.0638838)
(-4.13769e-15 2.92413 -0.0174322)
(-3.08617e-15 2.91645 -0.260316)
(-1.49817e-15 2.66401 -0.699599)
(-6.21325e-16 2.55187 -1.06721)
(-1.88018e-16 2.40727 -1.11795)
(-1.1376e-16 1.89472 -1.13326)
(-1.56495e-16 1.09888 -1.31673)
(-2.07686e-16 0.182107 -1.72402)
(-2.35485e-16 0.255589 -2.00379)
(-3.13905e-16 0.520343 -1.86316)
(-1.63036e-15 3.98354 2.21255)
(-1.11138e-15 4.89394 2.21101)
(-7.53199e-16 2.04199 1.93266)
(-1.56556e-15 -3.87543 1.1281)
(-5.48138e-16 -5.51801 1.6898)
(9.8185e-16 -4.19598 2.7887)
(-1.63748e-16 -1.62889 2.3518)
(-2.9292e-15 1.31675 0.726022)
(-3.94095e-15 2.71754 0.105827)
(-3.9029e-15 3.05887 -0.14181)
(-2.87601e-15 3.10055 -0.407105)
(-1.38998e-15 2.85196 -0.71749)
(-4.85058e-16 2.6601 -1.00192)
(-1.6726e-16 2.48804 -1.21198)
(-1.22489e-16 1.98571 -1.31612)
(-1.6586e-16 1.25827 -1.43636)
(-2.15393e-16 0.314887 -1.65703)
(-2.30178e-16 0.299902 -1.78462)
(-3.79623e-16 0.348473 -1.85604)
(7.92502e-17 13.8015 23.3412)
(-5.01565e-15 18.4634 31.2536)
(-4.66632e-15 16.6397 26.5972)
(-5.45921e-15 13.8925 22.1384)
(-5.71638e-15 13.2563 20.3848)
(-6.19175e-15 14.2661 21.9426)
(-5.39269e-15 12.7484 18.8445)
(-5.15772e-15 11.3317 16.9039)
(-5.49005e-15 10.4701 15.2537)
(-5.98217e-15 9.65018 14.1077)
(-6.65336e-15 9.07344 13.054)
(-7.27839e-15 8.36075 12.0419)
(-8.03795e-15 7.62453 10.7615)
(-8.9674e-15 6.61775 9.3531)
(-1.0153e-14 5.72697 7.80028)
(-1.14738e-14 4.78516 6.78756)
(-1.18565e-14 4.94623 6.90421)
(-1.12288e-14 5.53613 9.10154)
(-9.16788e-15 7.60431 11.9837)
(-7.45154e-15 7.81121 14.253)
(-2.60082e-18 13.3509 22.6989)
(-4.63161e-15 16.7833 29.267)
(-3.54062e-15 14.4855 24.5669)
(-4.38856e-15 11.8731 20.6348)
(-4.78308e-15 11.5226 19.4912)
(-6.2839e-15 12.4918 21.5072)
(-5.26694e-15 9.59847 16.1822)
(-5.57237e-15 8.77498 15.1327)
(-6.22121e-15 8.33856 14.1478)
(-6.48928e-15 7.99285 13.7225)
(-7.2394e-15 7.76232 13.0271)
(-7.51587e-15 7.20719 12.1952)
(-8.3258e-15 6.68897 10.9642)
(-9.14119e-15 5.81134 9.58606)
(-1.05974e-14 5.09121 7.89455)
(-1.21191e-14 4.18964 6.63872)
(-1.23673e-14 4.12703 6.01383)
(-1.16899e-14 4.21209 7.08075)
(-8.83864e-15 6.16568 9.75176)
(-6.6996e-15 6.67815 12.0398)
(1.89985e-17 13.2906 23.2606)
(-1.58256e-15 17.5887 30.506)
(-1.28968e-15 15.3906 26.3713)
(-1.59082e-15 12.7664 22.0417)
(-1.62249e-15 12.0297 20.3048)
(-3.98232e-15 12.832 21.9839)
(-2.63847e-15 10.7483 17.9931)
(-2.55581e-15 9.71258 16.1712)
(-2.80851e-15 9.21582 15.1169)
(-3.05901e-15 8.70861 14.3826)
(-3.18582e-15 8.32131 13.508)
(-3.31085e-15 7.63503 12.5904)
(-3.80973e-15 7.11111 11.4297)
(-4.10284e-15 6.19431 10.1959)
(-4.91102e-15 5.43796 8.47055)
(-5.9874e-15 4.20971 6.85612)
(-6.72598e-15 3.85466 5.67048)
(-6.66057e-15 3.81853 6.62177)
(-4.79307e-15 6.1376 9.59875)
(-3.16266e-15 6.23709 11.3331)
(1.39455e-17 12.8797 22.6604)
(3.9688e-16 17.6261 30.2926)
(3.04981e-16 15.3053 26.4895)
(3.4976e-16 12.6825 21.8351)
(4.19096e-16 12.0576 20.6013)
(-2.57264e-15 12.7632 21.8768)
(-2.25973e-15 10.9144 18.4224)
(-2.50106e-15 9.52383 16.0742)
(-2.9146e-15 8.90123 14.7501)
(-3.04732e-15 8.30673 14.0048)
(-3.14292e-15 7.96036 13.0766)
(-3.27377e-15 7.20356 12.1511)
(-3.91731e-15 6.72047 10.9168)
(-4.24064e-15 5.76435 9.77032)
(-5.46261e-15 5.10757 8.08283)
(-6.62369e-15 3.81224 6.44207)
(-7.62456e-15 3.54831 5.16147)
(-7.0891e-15 3.52983 6.0885)
(-4.73327e-15 5.72618 8.82694)
(-3.50762e-15 5.38329 9.78687)
(-3.25016e-18 12.836 22.8153)
(-9.2848e-17 17.9005 30.4133)
(-7.0275e-17 15.4946 27.113)
(-8.63289e-17 13.0524 22.2173)
(-1.04638e-16 12.3739 21.2546)
(5.82272e-16 13.0245 22.2472)
(5.73169e-16 11.3828 19.1674)
(5.97575e-16 9.82884 16.6101)
(6.60539e-16 9.15613 15.0706)
(7.17178e-16 8.53038 14.285)
(7.5142e-16 8.19128 13.3096)
(7.90677e-16 7.42653 12.3501)
(9.13089e-16 6.91189 11.0621)
(9.8985e-16 5.99745 9.95695)
(1.16116e-15 5.47164 8.5637)
(1.32709e-15 4.33756 7.17064)
(1.40511e-15 3.96822 5.72909)
(1.47525e-15 3.62797 5.99093)
(1.13438e-15 5.27654 7.93209)
(8.15952e-16 4.5272 8.22418)
(7.08238e-19 12.9831 23.1505)
(2.16517e-17 18.0774 30.2848)
(1.67429e-17 15.6105 27.5187)
(2.1194e-17 13.4053 22.4266)
(2.55541e-17 12.6867 21.7229)
(-1.24897e-16 13.3653 22.6732)
(-1.30916e-16 11.7341 19.4909)
(-1.27774e-16 10.0758 16.952)
(-1.39924e-16 9.428 15.2963)
(-1.56027e-16 8.75359 14.4171)
(-1.64899e-16 8.36115 13.3336)
(-1.74154e-16 7.58115 12.252)
(-1.93563e-16 6.9409 10.8493)
(-2.084e-16 6.00054 9.55776)
(-2.28478e-16 5.38177 8.19503)
(-2.44747e-16 4.40595 7.01767)
(-2.5262e-16 3.958 5.70617)
(-2.72993e-16 3.44236 5.52265)
(-2.42607e-16 4.44496 6.57439)
(-2.71376e-16 3.42215 6.19652)
(-1.35917e-19 13.5095 24.2357)
(-5.12646e-18 18.2427 30.1809)
(-4.14488e-18 15.7005 28.01)
(-5.12695e-18 13.7936 22.7437)
(-6.07201e-18 13.0501 22.3692)
(2.6017e-17 13.7223 23.3649)
(2.83927e-17 11.9551 19.6925)
(2.62996e-17 10.3194 17.5133)
(2.80093e-17 9.85807 15.9462)
(3.15688e-17 9.1047 14.9836)
(3.38001e-17 8.64053 13.725)
(3.58445e-17 7.80175 12.4649)
(3.87571e-17 7.06414 10.9589)
(4.12524e-17 6.09916 9.47378)
(4.38341e-17 5.32723 7.9515)
(4.64292e-17 4.40553 6.75178)
(5.02747e-17 3.89549 5.57673)
(5.88281e-17 3.17877 4.99547)
(5.23132e-17 3.57676 5.18512)
(7.26332e-17 2.42334 4.45076)
(2.46286e-20 14.0778 25.4134)
(1.22368e-18 18.2918 30.0007)
(1.02875e-18 15.7187 28.4401)
(1.21361e-18 14.1561 23.0297)
(1.41708e-18 13.3301 22.894)
(-5.27022e-18 13.8813 23.8798)
(-5.88712e-18 11.9922 19.6076)
(-5.24822e-18 10.46 17.9962)
(-5.47089e-18 10.2212 16.5879)
(-6.20995e-18 9.35171 15.536)
(-6.72981e-18 8.78885 14.1062)
(-7.1667e-18 7.87784 12.664)
(-7.62608e-18 7.05317 11.071)
(-8.09135e-18 6.04914 9.41223)
(-8.65312e-18 5.08884 7.63347)
(-9.50827e-18 4.02444 6.1088)
(-1.09207e-17 3.32989 4.74999)
(-1.42699e-17 2.42574 3.87258)
(-1.33002e-17 2.62337 3.72124)
(-1.699e-17 1.536 3.04856)
(-5.43e-21 14.5003 26.2818)
(-2.91623e-19 18.3278 29.9721)
(-2.49806e-19 15.6665 28.8057)
(-2.82723e-19 14.5191 23.4066)
(-3.25538e-19 13.473 23.2864)
(1.09739e-18 13.7907 24.1484)
(1.23908e-18 11.9276 19.5107)
(1.07133e-18 10.5777 18.4686)
(1.09278e-18 10.3891 17.1585)
(1.24133e-18 9.47484 15.9712)
(1.35243e-18 8.75924 14.4869)
(1.44533e-18 7.86153 12.9025)
(1.52229e-18 6.93284 11.2987)
(1.61371e-18 5.90407 9.45879)
(1.76385e-18 4.70337 7.38419)
(2.02468e-18 3.49061 5.52339)
(2.41521e-18 2.62642 3.94401)
(3.38004e-18 1.65932 2.86871)
(3.96823e-18 1.91181 2.71887)
(4.18407e-18 1.12381 2.5576)
(1.53144e-21 14.7255 26.5597)
(6.87825e-20 18.3895 30.1529)
(5.91326e-20 15.5303 28.9121)
(6.22991e-20 14.8892 23.9001)
(7.13368e-20 13.4854 23.4074)
(-2.21372e-19 13.5352 23.932)
(-2.41917e-19 11.8542 19.6802)
(-2.15265e-19 10.731 18.7059)
(-2.23026e-19 10.2691 17.4651)
(-2.5527e-19 9.51456 16.1034)
(-2.76319e-19 8.55377 14.699)
(-2.92637e-19 7.78302 12.9965)
(-3.07005e-19 6.70314 11.4391)
(-3.51198e-19 5.67574 9.40639)
(-4.44649e-19 4.17745 6.97732)
(-5.37078e-19 2.92229 4.88331)
(-5.97556e-19 2.03425 3.33138)
(-7.43869e-19 1.22908 2.29364)
(-1.31256e-18 1.41602 2.18777)
(-1.77984e-18 1.44352 3.03291)
(-4.3909e-22 14.9107 26.5622)
(-1.5846e-20 18.4353 30.4236)
(-1.38259e-20 15.4266 28.5947)
(-1.53494e-20 15.2237 24.6504)
(-1.64858e-20 13.4482 23.5048)
(5.23552e-20 13.2816 23.1186)
(5.01298e-20 11.7063 20.0934)
(4.42468e-20 10.9811 18.649)
(4.58133e-20 9.96864 17.5449)
(5.23462e-20 9.53014 15.995)
(5.724e-20 8.31559 14.6998)
(6.26074e-20 7.68382 12.9382)
(6.70774e-20 6.49504 11.43)
(5.93253e-20 5.52012 9.37244)
(1.61946e-20 3.92375 6.78371)
(-8.96401e-21 2.76143 4.686)
(7.07291e-20 2.0104 3.13769)
(1.31781e-19 1.22286 2.11624)
(-3.46445e-19 1.1929 1.56306)
(-9.12503e-19 2.01519 3.84415)
(1.07495e-22 15.2503 27.0613)
(3.5619e-21 18.4386 30.6154)
(3.16116e-21 15.5618 27.7646)
(1.80762e-21 15.2433 25.3659)
(2.2362e-21 13.5461 23.9518)
(-6.45588e-21 13.3612 21.9951)
(-8.6238e-21 11.5501 20.6188)
(-8.21972e-21 11.3214 18.6228)
(-8.89187e-21 9.93132 17.4897)
(-1.03496e-20 9.61103 15.8738)
(-1.1269e-20 8.38323 14.5733)
(-1.12752e-20 7.7709 12.8699)
(-1.08999e-20 6.64156 11.3692)
(-1.70889e-20 5.77144 9.54424)
(-4.87518e-20 4.45035 7.35236)
(-8.76333e-20 3.52914 5.55769)
(-7.7372e-20 2.74943 3.85897)
(-7.46707e-20 1.42355 1.83495)
(-2.85591e-19 1.35605 1.22453)
(-9.87611e-19 1.17399 2.06333)
(-1.96032e-23 15.8421 28.6623)
(-7.73105e-22 18.778 30.4257)
(-7.064e-22 15.5557 28.2098)
(-4.31926e-22 15.7066 25.5955)
(-5.46974e-22 13.7831 24.2169)
(1.43582e-21 13.4137 21.976)
(2.04899e-21 11.9704 20.5584)
(2.33621e-21 11.6206 18.8983)
(2.53166e-21 10.5708 17.6697)
(2.55634e-21 10.0837 16.1372)
(2.32723e-21 9.13314 14.7184)
(2.22411e-21 8.41505 13.0985)
(2.72449e-21 7.44033 11.4765)
(5.6853e-21 6.53471 9.77346)
(1.40109e-20 5.47629 7.97378)
(2.56223e-20 4.53482 6.23011)
(3.01911e-20 3.42858 4.39357)
(-2.97691e-20 2.0555 2.0239)
(-1.71062e-21 0.567366 -0.0593475)
(-9.87256e-19 -0.160347 -1.50072)
(3.46695e-24 16.4077 30.4674)
(1.66498e-22 18.5827 29.7162)
(1.51851e-22 15.2931 28.4349)
(8.39698e-23 15.9605 25.9377)
(9.60461e-23 13.8548 24.9497)
(-3.05351e-22 13.7575 22.9054)
(-3.11266e-22 12.3136 21.4838)
(-1.10287e-22 11.9773 19.9324)
(4.80992e-22 11.0413 18.8152)
(1.56419e-22 10.4802 17.3424)
(-3.33297e-21 9.57809 15.8166)
(-1.16587e-20 8.64197 14.0089)
(-2.40504e-20 7.4609 12.0063)
(-3.32279e-20 6.23857 9.94535)
(-2.62584e-20 5.04602 7.98744)
(-8.49492e-21 3.80412 5.86527)
(-3.24605e-21 2.20436 3.43007)
(-2.08021e-20 0.622325 0.705724)
(5.31208e-21 -1.6847 -1.9197)
(-9.11467e-19 -2.30517 -5.07364)
(-7.12561e-25 16.2242 30.8674)
(-3.71996e-23 17.9695 28.5549)
(-3.55019e-23 14.6894 28.0477)
(-3.59209e-23 15.4829 25.4036)
(-5.75899e-23 13.0413 24.5057)
(4.6033e-23 13.0677 22.5007)
(2.96384e-22 11.5216 21.3869)
(1.0723e-21 11.0265 19.8155)
(2.09115e-21 9.96083 18.5949)
(7.55095e-22 9.19563 17.1927)
(-8.89331e-21 8.07718 15.5463)
(-2.98352e-20 6.78151 13.3729)
(-5.22891e-20 5.31125 10.9754)
(-6.16329e-20 4.0854 8.88518)
(-5.66806e-20 3.00833 7.02743)
(-3.86239e-20 1.75648 4.87245)
(-4.03668e-20 0.0549147 1.97379)
(-1.50106e-19 -2.31902 -2.20818)
(-3.70305e-19 -2.74658 -3.16905)
(-3.55001e-19 -0.7434 -0.572184)
(3.15459e-25 15.6543 30.4541)
(8.84181e-24 18.0233 28.0088)
(6.16823e-24 14.3012 27.5543)
(-5.338e-24 15.4096 24.7293)
(-2.06857e-23 12.8734 23.854)
(-2.03127e-23 12.8835 21.7072)
(1.49453e-22 11.357 20.4599)
(6.68099e-22 10.7599 18.8125)
(1.53389e-21 9.71737 17.4752)
(1.76428e-21 8.90927 16.0308)
(-6.30731e-22 7.95627 14.5751)
(-5.6943e-21 7.03073 12.9841)
(-9.35427e-21 6.13798 11.3705)
(-9.84919e-21 5.284 9.68523)
(-1.49304e-20 4.25935 7.70626)
(-3.89816e-20 3.0114 5.32317)
(-9.14023e-20 1.84 3.10286)
(-1.60623e-19 1.71707 2.3042)
(-3.38685e-19 0.0469486 -0.39671)
(-9.23235e-20 2.75189 4.34589)
(1.03489e-25 15.2422 30.6412)
(-1.32221e-24 18.3117 27.8125)
(-3.61325e-24 14.0883 27.5468)
(-1.27873e-23 15.4568 24.7005)
(-2.10921e-23 13.0118 23.8239)
(1.61955e-23 13.0156 21.8051)
(1.72147e-22 11.7198 20.5272)
(5.60008e-22 11.1657 18.9425)
(1.30211e-21 10.3162 17.5822)
(2.60733e-21 9.66741 16.2088)
(4.73962e-21 9.00881 14.9372)
(7.3415e-21 8.42165 13.6915)
(8.60063e-21 7.81537 12.4)
(6.43372e-21 7.13996 10.9336)
(6.24838e-22 6.28753 9.20658)
(-6.94164e-21 5.25921 7.10755)
(-1.62974e-20 3.83481 4.53707)
(-1.39475e-20 2.8719 2.93733)
(-5.07892e-20 1.49786 1.46677)
(-9.05122e-20 0.461969 -0.86069)
(1.74364e-25 14.3094 30.7119)
(5.68853e-25 18.1812 27.5798)
(-2.79713e-24 13.4774 27.5414)
(-1.11991e-23 14.541 25.0814)
(-1.21575e-23 12.4312 24.1305)
(3.70601e-23 12.0555 22.4677)
(2.22446e-22 10.9739 21.2172)
(6.53927e-22 10.3082 19.8473)
(1.39687e-21 9.55831 18.5951)
(2.35813e-21 8.93109 17.3543)
(3.19495e-21 8.32073 16.1473)
(3.35799e-21 7.73177 14.9085)
(2.24534e-21 7.09916 13.5633)
(-7.91521e-22 6.34746 11.9708)
(-6.71372e-21 5.32951 9.8957)
(-1.66672e-20 3.8697 6.95948)
(-3.03192e-20 1.57529 3.08898)
(-1.81938e-20 -1.60701 -3.85418)
(-3.04681e-20 -2.94606 -4.72543)
(-1.05674e-19 -2.08048 -5.4211)
(6.18388e-26 11.3454 28.64)
(-4.00927e-25 17.0331 25.0998)
(-2.64796e-24 12.055 25.5121)
(-5.81901e-24 12.7072 23.8002)
(4.4949e-25 10.9679 23.061)
(4.16949e-23 10.3072 21.9764)
(1.62067e-22 9.31694 21.0648)
(4.15285e-22 8.5465 20.1159)
(8.22276e-22 7.77971 19.2031)
(1.31685e-21 7.09217 18.2919)
(1.7411e-21 6.4451 17.3824)
(1.87351e-21 5.83673 16.4477)
(1.32485e-21 5.23764 15.4425)
(-6.84841e-22 4.60063 14.2602)
(-5.29732e-21 3.83184 12.6899)
(-1.3494e-20 2.76374 10.4157)
(-2.52758e-20 1.27627 7.10611)
(-3.86001e-20 -0.444771 2.74804)
(-4.82654e-20 -1.95947 -1.46723)
(-4.81383e-20 -1.78913 -3.1601)
(2.76578e-27 2.66482 17.0693)
(-2.58775e-25 8.06617 13.7069)
(-7.15402e-25 5.17503 14.5814)
(2.31803e-25 4.98973 14.1882)
(5.59872e-24 4.05703 14.1577)
(1.58099e-23 3.48679 13.991)
(2.27055e-23 2.90343 13.8415)
(1.16062e-23 2.42369 13.6565)
(-2.11277e-23 2.00354 13.4497)
(-4.67665e-23 1.65638 13.2176)
(-2.30105e-24 1.38103 12.9673)
(1.90345e-22 1.18393 12.706)
(6.02658e-22 1.0689 12.443)
(1.26757e-21 1.0497 12.1804)
(2.10711e-21 1.14676 11.9064)
(2.85899e-21 1.32615 11.6114)
(3.12816e-21 1.61478 11.194)
(2.6364e-21 2.32137 10.2689)
(1.55991e-21 2.61408 8.78975)
(5.02187e-22 -0.154059 6.65293)
(-1.51118e-26 -2.62766 17.0293)
(-4.16311e-26 -8.07114 13.6361)
(4.88408e-26 -5.18158 14.4999)
(3.4411e-25 -5.02109 14.0863)
(5.46918e-25 -4.1055 14.0368)
(-7.87294e-25 -3.55833 13.8495)
(-6.1474e-24 -3.00016 13.6816)
(-1.70698e-23 -2.55264 13.4874)
(-3.1706e-23 -2.1731 13.2877)
(-4.54315e-23 -1.87426 13.0823)
(-5.51537e-23 -1.6488 12.8707)
(-6.20414e-23 -1.49273 12.6423)
(-6.76792e-23 -1.39843 12.3821)
(-6.84158e-23 -1.3704 12.0688)
(-5.81562e-23 -1.42506 11.6782)
(-3.84156e-23 -1.53246 11.2193)
(-2.03113e-23 -1.70977 10.6703)
(-1.16937e-23 -2.21079 9.77157)
(-6.10084e-24 -2.24326 8.45257)
(9.14433e-25 0.293611 6.18868)
(-4.7607e-27 -11.1908 28.3197)
(6.59582e-26 -16.8659 24.7414)
(2.22018e-25 -11.8915 25.1569)
(1.09751e-24 -12.5451 23.4217)
(1.29162e-24 -10.7909 22.6722)
(-4.75775e-24 -10.1145 21.5718)
(-2.41483e-23 -9.0989 20.6568)
(-5.77508e-23 -8.30526 19.7183)
(-9.43176e-23 -7.51353 18.837)
(-1.14841e-22 -6.80179 17.9703)
(-1.02433e-22 -6.13164 17.1074)
(-5.00911e-23 -5.51563 16.2063)
(3.20398e-23 -4.95377 15.2065)
(1.09445e-22 -4.45489 14.0213)
(1.37971e-22 -4.0291 12.6013)
(1.13342e-22 -3.65932 10.9944)
(9.92016e-23 -3.28213 9.22749)
(1.33591e-22 -2.86331 6.98423)
(-3.79319e-23 -2.02387 3.48265)
(-8.52425e-22 0.419273 -1.5005)
(-3.40225e-26 -14.2831 30.4406)
(-6.69656e-25 -17.8518 27.5584)
(-1.33057e-25 -13.3345 27.4461)
(2.19638e-24 -14.1398 25.1578)
(3.40318e-24 -12.0785 24.2447)
(-6.49704e-24 -11.5626 22.7174)
(-3.7594e-23 -10.4376 21.5733)
(-7.83505e-23 -9.67549 20.3565)
(-9.14455e-23 -8.83848 19.2456)
(-3.523e-23 -8.05657 18.0843)
(1.07963e-22 -7.16946 16.7348)
(3.16221e-22 -6.06644 14.9089)
(5.24522e-22 -4.62997 12.3462)
(6.48275e-22 -2.98416 9.10245)
(6.59105e-22 -1.50357 5.74444)
(5.88135e-22 -0.486414 2.99884)
(-1.59579e-24 0.098867 1.03316)
(-3.15203e-21 0.511809 -0.621582)
(-9.9657e-21 1.00675 -2.16881)
(-1.05585e-20 -0.997774 2.5887)
(-1.09816e-25 -15.8268 31.5479)
(1.94408e-24 -18.4429 28.7398)
(2.55399e-24 -14.5974 28.4916)
(5.57227e-24 -15.5754 25.9945)
(8.22869e-24 -13.374 25.1216)
(-6.60464e-24 -13.1843 23.3676)
(-4.33033e-23 -11.9693 22.2371)
(-9.00785e-23 -11.3958 20.9266)
(-9.98901e-23 -10.5869 19.823)
(-6.75999e-24 -9.90984 18.6139)
(2.21666e-22 -9.03972 17.2036)
(5.56717e-22 -7.85235 15.1941)
(8.97881e-22 -6.05141 12.1393)
(1.04339e-21 -3.46981 7.79767)
(1.00609e-21 -0.852869 3.42958)
(7.60189e-22 0.596898 1.16915)
(-2.49454e-21 1.46479 -0.216101)
(-1.19414e-20 3.0574 -3.08089)
(-2.92881e-20 4.34338 -5.15855)
(-3.06327e-20 2.52527 -3.73132)
(3.80945e-25 -16.4462 31.7497)
(-9.27735e-24 -19.1718 29.9432)
(-8.92623e-24 -15.3691 29.1805)
(-4.25162e-24 -16.4755 26.5591)
(1.08355e-24 -14.1646 25.6932)
(2.29637e-23 -14.2565 23.7811)
(1.35363e-23 -13.0128 22.6527)
(-2.66427e-23 -12.5842 21.1692)
(-4.96218e-23 -11.7933 19.9228)
(-6.66104e-25 -11.2263 18.6095)
(1.61781e-22 -10.4979 17.2418)
(4.27927e-22 -9.68694 15.5269)
(6.82671e-22 -8.33723 13.2393)
(1.03283e-21 -6.90776 10.6512)
(2.6242e-21 -5.07552 7.67106)
(3.08335e-21 -3.0455 4.55533)
(2.07595e-21 -0.64698 1.42861)
(3.30663e-21 1.42699 -2.55161)
(-4.76459e-20 3.83415 -4.53787)
(-6.89047e-20 3.3778 -7.83685)
(-1.77728e-24 -16.0411 29.9561)
(3.86586e-23 -19.2501 30.3788)
(3.93373e-23 -15.582 28.6742)
(3.84193e-23 -16.3064 25.9363)
(4.22701e-23 -14.2655 24.8919)
(-6.39761e-23 -14.1085 22.7739)
(-1.23006e-22 -12.8224 21.2581)
(-1.56485e-22 -12.4001 19.7238)
(-2.03291e-22 -11.7031 18.466)
(-2.16796e-22 -11.0269 17.0462)
(-1.73319e-22 -10.4206 15.4959)
(2.89615e-24 -9.48316 13.9686)
(6.32652e-22 -9.0781 12.3299)
(-6.74393e-22 -6.22774 8.16999)
(-9.33799e-21 -5.73668 6.80431)
(-5.18202e-21 -5.20728 6.60033)
(-1.90835e-21 -4.0029 5.33722)
(9.91117e-21 -3.17089 3.78782)
(-5.73966e-20 1.63739 -1.29626)
(-9.07706e-20 2.53031 -7.30625)
(6.53254e-24 -15.4626 28.3728)
(-1.70146e-22 -18.7154 30.2292)
(-1.66396e-22 -15.2639 28.0631)
(-1.58094e-22 -15.5967 25.3347)
(-1.30386e-22 -13.5606 24.2563)
(4.48759e-22 -13.2643 21.9713)
(7.02457e-22 -11.7605 20.5193)
(7.65776e-22 -11.3484 19.0094)
(7.36837e-22 -10.4978 17.9556)
(6.89135e-22 -9.78187 16.5018)
(6.74955e-22 -8.7186 15.1709)
(-2.11244e-22 -8.1234 13.2256)
(-1.61746e-21 -6.28974 11.9538)
(3.84116e-21 -6.45999 10.2263)
(5.7399e-20 -5.66481 11.4466)
(-1.08339e-20 -4.26641 7.68937)
(2.86613e-21 -3.01603 6.12946)
(-2.55368e-20 -0.631998 1.03788)
(-1.08527e-19 3.66645 -3.50039)
(-1.05181e-19 1.90481 -8.31788)
(-2.59739e-23 -15.2738 27.8425)
(7.09264e-22 -18.4528 30.1599)
(6.8483e-22 -15.3582 27.9142)
(7.00364e-22 -15.5027 25.2387)
(6.52223e-22 -13.5221 24.0978)
(-2.02529e-21 -13.3474 21.8989)
(-3.09636e-21 -11.7488 20.6159)
(-3.23599e-21 -11.3722 18.8159)
(-3.24669e-21 -10.3937 17.9088)
(-3.37551e-21 -10.1211 16.4984)
(-3.67033e-21 -9.11182 15.472)
(-6.66301e-22 -8.86349 13.7099)
(-6.57214e-22 -7.56351 12.5343)
(-2.4537e-22 -7.13094 10.4461)
(6.02961e-20 -7.32786 11.4735)
(1.84233e-20 -5.40537 7.76206)
(-2.00709e-20 -2.75116 3.54499)
(-2.21383e-20 -2.56475 1.73292)
(-1.47059e-20 0.39391 2.20148)
(-1.22843e-19 1.18745 -8.47908)
(9.36019e-23 -15.2017 27.3684)
(-3.00171e-21 -18.2058 29.9619)
(-2.80848e-21 -15.3739 27.6706)
(-3.05969e-21 -15.3282 25.0807)
(-2.92843e-21 -13.4951 23.9504)
(9.88012e-21 -13.4456 22.0962)
(1.46175e-20 -11.8828 20.9091)
(1.52614e-20 -11.3474 18.7632)
(1.55976e-20 -9.97382 17.3983)
(1.6297e-20 -9.58219 15.6823)
(1.68645e-20 -8.43417 14.3353)
(2.16401e-20 -7.84361 12.3705)
(2.27296e-20 -6.71178 10.7506)
(2.06741e-20 -6.06442 8.86591)
(5.78165e-20 -6.9807 10.4853)
(5.65472e-20 -6.40844 8.8406)
(3.91475e-20 -4.19582 5.42411)
(2.87632e-20 -3.29938 3.69673)
(8.41184e-20 -0.527196 1.0754)
(-1.5459e-19 0.49645 -3.98326)
(-2.87596e-22 -14.9228 26.3692)
(1.28311e-20 -18.0971 29.9853)
(1.13366e-20 -15.3556 27.3825)
(1.325e-20 -15.1098 24.8638)
(1.36911e-20 -13.4613 23.7511)
(-5.1379e-20 -13.3677 22.0638)
(-7.021e-20 -11.9923 20.8797)
(-7.23529e-20 -11.3389 18.7593)
(-7.3563e-20 -9.92321 17.0713)
(-7.59706e-20 -9.1926 15.161)
(-7.79834e-20 -8.00687 13.4404)
(-7.988e-20 -7.07823 11.4406)
(-8.3339e-20 -5.96065 9.5489)
(-9.09545e-20 -5.09253 7.90799)
(-7.91544e-20 -5.14444 7.88016)
(-7.4833e-20 -5.22464 7.27671)
(-8.00083e-20 -4.51356 6.11082)
(-1.08665e-19 -4.00396 5.25418)
(-1.454e-19 -2.71486 3.60697)
(-2.50734e-19 -1.14493 0.845272)
(6.4414e-22 -14.1913 24.5982)
(-5.49374e-20 -18.1414 30.2737)
(-4.51238e-20 -15.5451 27.2857)
(-5.59596e-20 -14.9175 24.6911)
(-5.81478e-20 -13.5001 23.4612)
(2.46934e-19 -13.2135 21.8342)
(3.11755e-19 -12.0917 20.5797)
(3.18168e-19 -11.3918 18.6847)
(3.28353e-19 -10.1887 16.9356)
(3.46018e-19 -9.27655 15.0464)
(3.63985e-19 -8.17435 13.2325)
(3.91654e-19 -7.15316 11.3977)
(4.23747e-19 -6.14586 9.7065)
(4.48098e-19 -5.10927 8.05439)
(4.63592e-19 -4.21714 6.40843)
(4.98102e-19 -4.0197 5.85224)
(5.52648e-19 -4.14275 5.93182)
(7.07976e-19 -4.08601 6.02362)
(7.96367e-19 -3.94677 5.77077)
(1.13849e-18 -2.47946 3.99176)
(2.3816e-23 -13.1487 22.4978)
(2.34395e-19 -17.9959 30.3818)
(1.76885e-19 -15.7333 27.2921)
(2.33194e-19 -14.6628 24.5128)
(2.49394e-19 -13.3762 23.0343)
(-1.22349e-18 -12.7937 21.2606)
(-1.39135e-18 -11.7945 19.8493)
(-1.41099e-18 -11.0913 18.1292)
(-1.46707e-18 -10.1116 16.4974)
(-1.55515e-18 -9.23982 14.7992)
(-1.6532e-18 -8.31489 13.2035)
(-1.7862e-18 -7.41988 11.7)
(-1.94161e-18 -6.56544 10.2466)
(-2.12245e-18 -5.37365 8.304)
(-2.28701e-18 -4.32922 6.34261)
(-2.36814e-18 -3.94873 5.96512)
(-2.48067e-18 -4.19887 6.11128)
(-3.05144e-18 -4.20963 6.56996)
(-2.77918e-18 -4.90315 7.29504)
(-3.04239e-18 -3.66821 6.43657)
(-7.92398e-21 -12.3781 21.1741)
(-9.63933e-19 -17.6589 30.3191)
(-6.96732e-19 -15.6749 27.115)
(-9.50867e-19 -14.3228 24.3432)
(-1.07869e-18 -13.0875 22.6564)
(5.85966e-18 -12.2122 20.6396)
(6.03236e-18 -11.109 19.0329)
(6.15581e-18 -10.3785 17.334)
(6.42182e-18 -9.50517 15.9362)
(6.81876e-18 -8.80748 14.5384)
(7.37386e-18 -8.03924 13.2676)
(8.11325e-18 -7.21568 11.8672)
(9.05879e-18 -6.32595 10.1865)
(1.01755e-17 -5.07737 8.13192)
(1.09291e-17 -4.39736 6.65272)
(1.13883e-17 -3.88792 6.26405)
(1.21239e-17 -4.15129 5.99424)
(1.36002e-17 -4.26295 6.93842)
(1.1846e-17 -5.78688 8.64419)
(1.04456e-17 -4.91523 8.85019)
(4.13498e-20 -12.2839 21.1852)
(3.70445e-18 -17.4487 30.373)
(2.80944e-18 -15.511 26.866)
(3.71498e-18 -14.1106 24.3829)
(4.90084e-18 -12.9745 22.6681)
(-2.55761e-17 -11.979 20.665)
(-2.50288e-17 -10.7416 18.9095)
(-2.57059e-17 -9.85471 17.0619)
(-2.6958e-17 -8.95295 15.7793)
(-2.85697e-17 -8.35968 14.5276)
(-3.1922e-17 -7.53763 13.2291)
(-3.63765e-17 -6.60709 11.5181)
(-4.19985e-17 -5.64688 9.62201)
(-4.79651e-17 -4.57457 7.94836)
(-5.33367e-17 -4.00492 6.49929)
(-5.76723e-17 -3.1991 5.66385)
(-6.0955e-17 -3.63846 5.31166)
(-6.22393e-17 -3.99763 6.97664)
(-4.9685e-17 -6.43716 9.75426)
(-3.4691e-17 -6.06276 11.1631)
(-5.26155e-20 -12.5928 21.8087)
(-1.40071e-17 -17.4106 30.4494)
(-1.14634e-17 -15.376 26.5252)
(-1.36401e-17 -14.1086 24.495)
(-2.2993e-17 -13.1264 22.8411)
(1.02676e-16 -12.14 21.0002)
(9.64683e-17 -10.9743 19.2746)
(1.00368e-16 -9.95664 17.3318)
(1.07536e-16 -8.92904 15.8517)
(1.13767e-16 -8.21729 14.4276)
(1.31528e-16 -7.2618 12.8553)
(1.55814e-16 -6.20374 10.9375)
(1.83792e-16 -5.277 9.15101)
(2.12718e-16 -4.29665 7.74251)
(2.57198e-16 -3.55434 6.01023)
(3.00127e-16 -2.51891 4.85957)
(3.16761e-16 -2.87573 4.48418)
(2.9974e-16 -3.39225 6.48561)
(1.92823e-16 -6.48264 10.1863)
(1.23372e-16 -6.64777 12.403)
(2.14449e-19 -13.0267 22.5009)
(5.53328e-17 -17.4363 30.4724)
(4.80151e-17 -15.2403 26.1017)
(5.2285e-17 -14.1557 24.5568)
(8.48763e-17 -13.3187 22.9031)
(-3.88253e-16 -12.3068 21.1431)
(-3.49327e-16 -11.3486 19.5066)
(-3.71875e-16 -10.3565 17.7062)
(-4.08012e-16 -9.33475 16.0565)
(-4.42263e-16 -8.44909 14.4563)
(-5.1255e-16 -7.48212 12.7573)
(-6.19268e-16 -6.41532 10.991)
(-7.42097e-16 -5.59073 9.42469)
(-8.42656e-16 -4.60307 8.12075)
(-1.06816e-15 -3.86888 6.45837)
(-1.36856e-15 -2.72528 5.2584)
(-1.55632e-15 -2.77656 4.55036)
(-1.40911e-15 -3.06336 6.13226)
(-6.88193e-16 -6.16983 10.0034)
(-3.47669e-16 -6.54897 12.2271)
(-2.0549e-18 -13.0553 22.2676)
(-2.26343e-16 -17.3417 30.2295)
(-2.05189e-16 -15.0273 25.4599)
(-2.09669e-16 -13.995 24.1744)
(-2.72401e-16 -13.2784 22.4987)
(1.52636e-15 -12.1533 20.7095)
(1.26398e-15 -11.3289 19.0734)
(1.37159e-15 -10.3884 17.4789)
(1.48068e-15 -9.49506 15.8484)
(1.73244e-15 -8.54363 14.2655)
(1.95202e-15 -7.66227 12.6396)
(2.26184e-15 -6.66569 11.1216)
(2.77153e-15 -5.91792 9.6907)
(3.03182e-15 -4.9341 8.42405)
(3.77274e-15 -4.2505 6.90857)
(4.96669e-15 -3.05164 5.62593)
(6.31401e-15 -2.87355 4.60967)
(5.20804e-15 -2.96721 5.87676)
(2.81447e-15 -5.88973 9.57312)
(2.199e-15 -6.18054 11.4979)
(1.26233e-17 -12.9447 21.9375)
(8.80562e-16 -17.3886 30.2843)
(9.05633e-16 -15.0621 25.3385)
(9.14192e-16 -13.9864 24.0575)
(9.43693e-16 -13.3903 22.4428)
(2.80199e-15 -12.2266 20.649)
(1.68636e-15 -11.4555 18.971)
(1.56914e-15 -10.5752 17.5044)
(1.69255e-15 -9.81387 15.9908)
(1.80701e-15 -8.92242 14.5394)
(2.1075e-15 -8.1437 13.0766)
(2.54672e-15 -7.24594 11.7339)
(3.07367e-15 -6.54952 10.4091)
(3.42354e-15 -5.64501 9.23182)
(4.15066e-15 -5.01558 7.88688)
(5.50674e-15 -3.86671 6.58635)
(6.822e-15 -3.50669 5.38158)
(6.29344e-15 -3.35931 6.24173)
(3.24892e-15 -6.13072 9.77234)
(1.69427e-15 -6.24837 11.5838)
(-9.20998e-18 -12.1909 20.102)
(2.7035e-15 -16.9048 29.3853)
(2.19418e-15 -14.3923 23.9574)
(2.42019e-15 -13.2407 22.9037)
(2.7488e-15 -12.8417 21.4527)
(5.01844e-15 -11.5225 19.6251)
(3.88913e-15 -10.7645 17.8982)
(3.90832e-15 -9.8811 16.5812)
(4.23392e-15 -9.29326 15.266)
(4.63093e-15 -8.48988 14.0484)
(4.92002e-15 -7.85542 12.7624)
(5.85786e-15 -7.04275 11.586)
(6.568e-15 -6.44251 10.3745)
(7.33896e-15 -5.61906 9.30761)
(8.74413e-15 -5.04345 8.01258)
(1.05873e-14 -3.99483 6.78633)
(1.22242e-14 -3.70455 5.68682)
(1.14952e-14 -3.50725 6.39905)
(6.83171e-15 -6.17238 9.83426)
(3.78813e-15 -6.42738 11.7687)
(2.16646e-16 -11.6072 19.26)
(3.37837e-15 -18.0745 30.7016)
(3.26943e-15 -16.573 26.2731)
(3.401e-15 -14.8996 23.9152)
(3.75683e-15 -14.5279 22.2613)
(5.55912e-15 -13.5966 20.6136)
(5.4457e-15 -12.6763 18.5925)
(5.16325e-15 -11.7603 17.1265)
(5.21307e-15 -11.0976 15.8123)
(5.52115e-15 -10.3295 14.6552)
(5.87531e-15 -9.64506 13.485)
(6.55011e-15 -8.83576 12.3815)
(7.30595e-15 -8.11068 11.2404)
(8.22981e-15 -7.20811 10.152)
(9.55269e-15 -6.41245 8.8658)
(1.13148e-14 -5.25714 7.62566)
(1.30615e-14 -4.73423 6.6053)
(1.31431e-14 -4.4107 7.34792)
(9.07781e-15 -6.75175 10.5651)
(4.65914e-15 -7.25106 13.2488)
)
;

boundaryField
{
    outletWall
    {
        type            zeroGradient;
    }
    fineWalls
    {
        type            noSlip;
    }
    fineFrontAndBack
    {
        type            zeroGradient;
    }
    fineplugLeft
    {
        type            cyclicAMI;
        value           nonuniform List<vector> 
20
(
(-6.58209e-15 7.78003 14.2222)
(-8.02337e-15 7.63809 12.2008)
(-9.75611e-15 5.97682 9.74874)
(-1.02641e-14 5.5421 7.9108)
(-9.93245e-15 5.41716 7.85933)
(-8.8188e-15 6.2027 8.75521)
(-7.83306e-15 6.92443 10.1015)
(-7.06218e-15 7.752 11.3121)
(-6.43653e-15 8.34838 12.3983)
(-5.92772e-15 8.92833 13.235)
(-5.38413e-15 9.38686 14.0837)
(-4.99471e-15 10.0524 14.9781)
(-4.7391e-15 10.6927 16.2645)
(-5.01994e-15 11.7837 17.7051)
(-5.55411e-15 12.5167 19.7448)
(-5.12313e-15 11.6296 18.1773)
(-4.86401e-15 12.1462 19.5241)
(-4.13416e-15 14.2587 22.9904)
(-4.34978e-15 15.7198 26.4006)
(3.21569e-17 11.9787 19.0785)
)
;
    }
    fineplugRight
    {
        type            cyclicAMI;
        value           nonuniform List<vector> 
20
(
(4.28458e-15 -7.32352 13.4871)
(8.05199e-15 -6.95716 11.2043)
(1.14225e-14 -5.07459 8.54426)
(1.13111e-14 -5.38496 7.96771)
(9.82974e-15 -5.80693 8.85243)
(8.34818e-15 -6.76582 9.89557)
(7.23696e-15 -7.40879 10.9631)
(6.45729e-15 -8.15085 11.8484)
(5.81353e-15 -8.73411 12.7694)
(5.22985e-15 -9.38986 13.6471)
(4.90673e-15 -9.93216 14.5715)
(4.61254e-15 -10.5421 15.4712)
(4.53031e-15 -11.0488 16.4828)
(4.74258e-15 -11.7382 17.4802)
(4.59233e-15 -11.8517 18.6749)
(2.9611e-15 -12.5423 19.8696)
(2.61808e-15 -12.8187 21.0733)
(2.41878e-15 -14.0766 22.7675)
(2.3979e-15 -15.3192 26.0132)
(-3.88563e-16 -10.0968 15.7227)
)
;
    }
    inletOutletLeft
    {
        type            cyclicAMI;
        value           nonuniform List<vector> 
20
(
(-6.58209e-15 7.78003 14.2222)
(-8.02337e-15 7.63809 12.2008)
(-9.75611e-15 5.97682 9.74874)
(-1.02641e-14 5.5421 7.9108)
(-9.93245e-15 5.41716 7.85933)
(-8.8188e-15 6.2027 8.75521)
(-7.83306e-15 6.92443 10.1015)
(-7.06218e-15 7.752 11.3121)
(-6.43653e-15 8.34838 12.3983)
(-5.92772e-15 8.92833 13.235)
(-5.38413e-15 9.38686 14.0837)
(-4.99471e-15 10.0524 14.9781)
(-4.7391e-15 10.6927 16.2645)
(-5.01994e-15 11.7837 17.7051)
(-5.55411e-15 12.5167 19.7448)
(-5.12313e-15 11.6296 18.1773)
(-4.86401e-15 12.1462 19.5241)
(-4.13416e-15 14.2587 22.9904)
(-4.34978e-15 15.7198 26.4006)
(3.21569e-17 11.9787 19.0785)
)
;
    }
    inletLeft
    {
        type            fixedValue;
        value           uniform (0 -8.7 15);
    }
    inletWallsLeft
    {
        type            noSlip;
    }
    inletFacesLeft
    {
        type            zeroGradient;
    }
    inletOutletRight
    {
        type            cyclicAMI;
        value           nonuniform List<vector> 
20
(
(4.28458e-15 -7.32352 13.4871)
(8.05199e-15 -6.95716 11.2043)
(1.14225e-14 -5.07459 8.54426)
(1.13111e-14 -5.38496 7.96771)
(9.82974e-15 -5.80693 8.85243)
(8.34818e-15 -6.76582 9.89557)
(7.23696e-15 -7.40879 10.9631)
(6.45729e-15 -8.15085 11.8484)
(5.81353e-15 -8.73411 12.7694)
(5.22985e-15 -9.38986 13.6471)
(4.90673e-15 -9.93216 14.5715)
(4.61254e-15 -10.5421 15.4712)
(4.53031e-15 -11.0488 16.4828)
(4.74258e-15 -11.7382 17.4802)
(4.59233e-15 -11.8517 18.6749)
(2.9611e-15 -12.5423 19.8696)
(2.61808e-15 -12.8187 21.0733)
(2.41878e-15 -14.0766 22.7675)
(2.3979e-15 -15.3192 26.0132)
(-3.88563e-16 -10.0968 15.7227)
)
;
    }
    inletRight
    {
        type            fixedValue;
        value           uniform (0 8.7 15);
    }
    inletWallsRight
    {
        type            noSlip;
    }
    inletFacesRight
    {
        type            zeroGradient;
    }
}


// ************************************************************************* //
