/*--------------------------------*- C++ -*----------------------------------*\
| =========                 |                                                 |
| \\      /  F ield         | OpenFOAM: The Open Source CFD Toolbox           |
|  \\    /   O peration     | Version:  4.1                                   |
|   \\  /    A nd           | Web:      www.OpenFOAM.org                      |
|    \\/     M anipulation  |                                                 |
\*---------------------------------------------------------------------------*/
FoamFile
{
    version     2.0;
    format      ascii;
    class       surfaceScalarField;
    location    "10";
    object      phi;
}
// * * * * * * * * * * * * * * * * * * * * * * * * * * * * * * * * * * * * * //

dimensions      [0 3 -1 0 0 0 0];

internalField   nonuniform List<scalar> 
2360
(
19259
23723
-4463.95
23723
23723
30085.8
-6362.87
30085.8
30085.8
30085.8
39144.3
-9058.48
39144.3
39144.3
51485.5
-12341.1
51485.4
51485.5
69420.9
-17935.4
69420.9
69420.8
96868.3
-27447.4
96868.3
96868.3
107327
121852
136428
150203
162961
174726
151013
34893.7
161531
171454
180800
189596
197858
205608
212861
219624
225889
231614
236683
240711
243975
133007
110968
133007
133007
133007
28518.8
104488
28518.8
28518.8
28518.8
10115.8
18403
10115.9
10115.8
-4224.63
14340.5
-4224.65
-4224.63
-4224.65
-105672
101447
-105672
-105672
-105672
-238320
132648
-233657
-227368
-219967
-211842
-203206
-194255
-185139
-175934
-166651
-157259
-147726
-138045
-128230
-134663
16338.2
-124706
-114438
-103788
-92706
-81402.8
-72658.5
-72658.5
-72658.5
-49422.4
-23236.1
-49422.4
-49422.4
-35464.1
-13958.3
-35464.1
-35464.1
-23660.6
-11803.5
-23660.6
-23660.6
-14330.3
-9330.34
-14330.3
-14330.3
-14330.3
-6161.97
-8168.32
-6161.97
-6161.97
903.081
-7065.05
-51022.5
49172.7
-47962.2
57123.1
-39084.4
18043
-31780.5
-43557.3
-31086.1
-68855.9
-34066.9
-76921.4
-36031.7
-82030.4
-30093.9
-75286.5
-14230.2
-17084.9
-4185.03
60349.9
710.682
97868.9
3801.08
117271
6807.45
102693
8969.38
72623.3
9216.57
32034.1
8304.87
12427.1
7844.9
7374.94
8158.51
36325.2
19849.4
-51889.5
48823.1
-47521.7
52755.3
-37747.4
8268.68
-35077.5
-46227.2
-38686.9
-65246.5
-44210.9
-71397.4
-47735.5
-78505.8
-42492.6
-80529.3
-19762.2
-39815.3
-3592.53
44180.3
292.269
93984.1
1938.03
115626
5659.37
98971.8
9326.79
68955.9
11074
30286.9
9938.45
13562.7
8298.31
9015.09
8404.09
36219.4
20085.2
-52216.3
48951.5
-48345.5
48884.5
-41125.8
1049
-41896.7
-45456.3
-46831.5
-60311.7
-52436.7
-65792.2
-56438.1
-74504.4
-53939.6
-83027.8
-31508.4
-62246.5
-5187.7
17859.6
527.253
88269.1
-1223.27
117376
3272.68
94475.9
9097.59
63131
13077
26307.5
12520.9
14118.8
9870.04
11665.9
8830.92
37258.6
19585.7
-52328.7
50097.3
-50662.2
47218
-47046.6
-2566.64
-50617.1
-41885.7
-57633.8
-53295
-64653.6
-58772.4
-69367
-69791
-68936.5
-83458.2
-52808.7
-78374.4
-17041.6
-17907.6
344.735
70882.8
-4563.11
122284
-820.606
90733.4
7762.34
54548
14182.3
19887.6
14572.6
13728.5
10901.3
15337.2
9133.99
39025.8
16916.2
-52272.6
52044.1
-53645.4
48590.8
-55043
-1168.99
-62550.8
-34378
-72615
-43230.8
-81161.3
-50226.2
-85640.4
-65311.9
-84869.1
-84229.6
-75290
-87953.4
-50493.6
-42703.9
-20481
40870.2
-9828.33
111631
-6910.12
87815.2
4251.46
43386.4
12573.9
11565.2
15248.1
11054.2
12710.7
17874.7
9761.91
41974.6
12719.7
-52862
53931.9
-57303
53031.8
-65182.5
6710.52
-77557.6
-22002.9
-90373.1
-30415.4
-99579.3
-41019.9
-103254
-61637.3
-100757
-86726.4
-90393.5
-98317
-71027.1
-62070.3
-46343.8
16186.9
-24842.4
90129.9
-14807.9
77780.7
-4617.82
33196.4
3461
3486.33
10223.8
4291.39
11612.9
16485.5
13779.5
39808
3263.09
-55528.9
54364.8
-61438.6
58941.6
-75666.2
20938.1
-92593.1
-5075.94
-105414
-17594.1
-111876
-34558.5
-113538
-59975.4
-112721
-87542.7
-107281
-103757
-89818.7
-79532.4
-65392.5
-8239.29
-40995.9
65733.4
-27908.5
64693.2
-22423
27710.9
-18979.4
42.7095
-9854.88
-4833.1
1402.08
5228.58
25152.6
16057.5
44753.8
-61870.3
51959.8
-65985.1
63056.4
-82434.3
37387.3
-99642.6
12132.4
-106545
-10691.4
-104566
-36537.9
-102586
-61955.6
-106486
-83642.6
-112609
-97634.3
-107259
-84882
-86308.7
-29190.1
-61381.6
40806.3
-49341.3
52652.9
-50072.8
28442.4
-57054.5
7024.36
-62678.8
791.234
-67638
10187.7
-87644.9
36064.4
89757.2
-74363
46161.4
-72937.3
61630.7
-83399.1
47849.1
-90703.7
19437
-84086
-17309.2
-72753.3
-47870.6
-71760.8
-62948.1
-85456.8
-69946.7
-106437
-76653.8
-120067
-71252
-113231
-36026.1
-93475.6
21050.5
-84297.7
43475
-90307.2
34451.9
-102451
19168
-113427
11767.3
-121430
18190.9
-123186
37820
68019
-98328.2
39446.1
-91211.9
54514.3
-87213.8
43851.1
-72737.8
4960.93
-51031.6
-39015.4
-39269.4
-59632.7
-45144
-57073.5
-68182.1
-46908.6
-99008
-45827.8
-125443
-44816.9
-136052
-25417.3
-129471
14469.9
-122474
36477.5
-123146
35124.2
-125950
21972.4
-125488
11305.1
-115911
8613.42
-85420.7
7329.86
-3061.2
-128143
34066.2
-112063
38433.9
-82873.8
14662.1
-50741.7
-27171.2
-32726.6
-57030.5
-30332.6
-62026.7
-39556.3
-47849.9
-63197.8
-23267.1
-93522.8
-15502.8
-121243
-17096.6
-138869
-7791.69
-141728
17328.9
-137988
32737.4
-134614
31750.5
-131769
19127.7
-127061
6596.71
-114394
-4053.07
-83566.5
-23498.1
-68224.8
-131056
22471.9
-98220.7
5598.94
-58504.6
-25053.9
-37225.6
-48450.2
-33108.1
-61148
-34446.8
-60687.9
-42243.4
-40053.3
-62022.2
-3488.26
-85656.3
8131.36
-107121
4368.08
-122752
7838.95
-128377
22954.4
-127620
31980.8
-125157
29287.1
-123606
17577
-124657
7647.55
-126109
-2601.49
-123696
-25910.7
-87432.8
-98789.5
1481.01
-64699.7
-28490.9
-44159
-45594.6
-38003.4
-54605.8
-35800.6
-63350.8
-34697.7
-61790.8
-38119.1
-36632
-51189.4
9582.04
-67401.4
24343.4
-82553.6
19520.2
-94441.3
19726.7
-99226.8
27739.8
-96033.1
28787.1
-87296.7
20550.6
-76489.9
6770.2
-65964.8
-2877.5
-60901.7
-7664.66
-73398.6
-13413.7
-49863.5
-70968.1
-16070.8
-51565.8
-47893.2
-43741.4
-53419
-39116.2
-59231
-35916.5
-66550.5
-33209.4
-64497.9
-31373.9
-38467.5
-36590.3
14798.5
-47078.3
34831.4
-57343.2
29785.1
-65100
27483.5
-68066.7
30706.5
-63036.3
23756.7
-50565.1
8079.48
-34442.9
-9352.01
-16766.5
-20553.9
-2534.93
-21896.3
14019.5
-29968.1
-950.363
-57083.6
-26538.8
-47406.6
-57570.3
-43156.8
-57668.8
-39266.7
-63121
-36140.3
-69677
-32704.6
-67933.6
-26746.5
-44425.7
-24494.6
12546.6
-30853.6
41190.4
-38618.1
37549.6
-43986.3
32851.7
-44567.9
31288.1
-37092.2
16281
-24663.9
-4348.91
-13142.7
-20873.1
-3550.63
-30146
2382.81
-27829.7
13570.6
-41155.9
-14827.2
-49981.4
-31916.6
-45819
-61732.7
-43164.6
-60323.1
-39715.2
-66570.5
-36420.5
-72971.6
-32693.7
-71660.4
-24944.3
-52175.1
-16116.5
3718.87
-18794.3
43868.1
-25044
43799.4
-29191.6
36999.3
-27810.3
29906.8
-18933.5
7404.2
-9374.08
-13908.4
-3673.95
-26573.3
656.86
-34476.8
4033.82
-31206.7
9607.57
-46729.7
-23155.1
-46491.7
-33733.1
-45569.3
-62655.1
-43286.4
-62606
-39929.8
-69927.1
-36626
-76275.4
-33029.9
-75256.4
-25661.8
-59543.2
-12346
-9596.89
-10126.6
41648.6
-14429.3
48102
-17397.7
39967.8
-14897.8
27406.9
-5985.58
-1507.99
218.233
-20112.2
1003.49
-27358.5
2226.99
-35700.3
4877.18
-33856.9
7439.33
-49291.8
-28056.9
-45045.2
-33441.3
-45546
-62154.3
-43263.9
-64888.1
-40144.4
-73046.6
-36947.9
-79471.9
-33419.4
-78785
-27004.2
-65958.4
-11949.3
-24651.8
-4666.54
34365.9
-5988.35
49423.9
-8296.5
42275.9
-6148.04
25258.4
1343.99
-9000.01
5346.81
-24115
3157.14
-25168.8
2965.1
-35508.3
5592.74
-36484.5
7099.4
-50798.5
-30016
-44675.3
-32495.2
-45311
-61518.7
-43237.6
-66961.5
-40432.9
-75851.3
-37311.1
-82593.7
-33790.8
-82305.3
-28457.5
-71291.7
-14388.9
-38720.3
-2700.74
22677.7
628.961
46094.1
-85.7481
42990.6
2093.38
23079.3
6001.03
-12907.7
6377.58
-24491.6
3560.55
-22351.8
3571.63
-35519.3
5770.54
-38683.4
6748.98
-51776.9
-29629.8
-44820
-44916.6
-43325.2
-40661
-37525.9
-33965.8
-29852
-20710.3
-7845.66
510.153
3510.55
6005.09
7621.56
6476.13
3825.95
4170.34
5899.11
6709.78
1663.19
-12121.7
3402.56
-16264.6
4846.72
-16020.7
6076.46
-15004.9
7045.32
-13726.9
7810.66
-12530.4
8188.04
-11557.9
8447.29
-10777.3
8583.41
-10059
8606.18
-9369.11
8519.75
-8708.83
8328.28
-8070.58
8031.32
-7453.23
7620
-6841.76
7077.31
-6220.25
6368.77
-5556.96
5429.55
-4786.1
4088.24
-3727.47
2112.12
-2051.99
-1151.47
622.539
-12744.2
585.529
-16227.6
487.242
-15922.5
451.758
-14969.4
453.726
-13728.9
516.133
-12592.8
649.843
-11691.7
786.907
-10914.4
916.71
-10188.8
1034.54
-9487.01
1132.84
-8807.18
1203.99
-8141.79
1236.14
-7485.43
1216.68
-6822.35
1130.3
-6133.93
957.366
-5384.07
674.355
-4503.12
284.201
-3337.36
-6.88618
-1760.98
-1158.35
-133.892
-12610.4
221.195
-16582.7
576.662
-16278
847.719
-15240.5
1096.46
-13977.7
1321.63
-12818.1
1491.93
-11862
1630.13
-11052.6
1742.81
-10301.6
1825.48
-9569.74
1866.06
-8847.81
1854.67
-8130.46
1782.87
-7413.67
1646.87
-6686.41
1447.22
-5934.32
1188.94
-5125.85
896.297
-4210.52
679.801
-3120.92
634.961
-1716.23
-523.395
-87.2631
-12523.1
533.051
-17203.1
968.616
-16713.5
1237.22
-15509.2
1491.4
-14231.9
1751.79
-13078.5
2005.01
-12115.2
2220.03
-11267.7
2388.42
-10470
2495.97
-9677.32
2530.07
-8881.95
2482.32
-8082.74
2351.25
-7282.64
2140.9
-6476.1
1862.32
-5655.78
1530.49
-4794.06
1180.15
-3860.21
843.105
-2783.92
526.192
-1399.44
2.79461
657.761
-13180.9
1561.08
-18106.4
2165.87
-17318.4
2610.5
-15953.8
3095.33
-14716.8
3632.46
-13615.7
4187.46
-12670.3
4690.29
-11770.6
5097.55
-10877.3
5376.43
-9956.24
5508.96
-9014.51
5487.35
-8061.18
5312.21
-7107.53
4988.77
-6152.7
4526.01
-5193.06
3931.07
-4199.16
3219.32
-3148.48
2347.07
-1911.73
1320.07
-372.527
1322.87
1855.75
-15036.7
2822.12
-19072.8
3436.94
-17933.2
4047.69
-16564.6
4816.65
-15485.7
5726.1
-14525.1
6710.97
-13655.2
7629.77
-12689.4
8391.46
-11639
8938.71
-10503.5
9255.13
-9330.94
9330.78
-8136.83
9159.54
-6936.31
8731.41
-5724.57
8037.89
-4499.55
7057.77
-3219.06
5796.7
-1887.44
4156.88
-271.926
2273.5
1510.82
3596.37
2307.27
-17344
2621.91
-19387.4
2889.11
-18200.4
3402.13
-17077.6
4191.73
-16275.4
5197.35
-15530.8
6297.27
-14755.1
7280.13
-13672.3
8042.09
-12401
8539.8
-11001.2
8782.03
-9573.19
8745.81
-8100.62
8394.22
-6584.74
7680.53
-5010.89
6563.34
-3382.39
5035.61
-1691.35
3365.8
-217.668
1916.18
1177.64
541.746
2885.2
4138.12
654.669
-17998.6
-276.325
-18456.4
-945.27
-17531.4
-1399.87
-16623
-1664.24
-16011
-1794.23
-15400.7
-1918.05
-14631.3
-2170.64
-13419.7
-2583
-11988.6
-3125.13
-10459.1
-3762.24
-8936.06
-4495.38
-7367.47
-5330.52
-5749.59
-6241.52
-4099.87
-7134.56
-2489.35
-7821.48
-1004.43
-8035.12
-4.0296
-7199.16
341.672
-4603.66
289.692
-465.544
-1361.72
-16637
-2672.41
-17145.8
-4048.72
-16155.2
-5557.09
-15114.6
-7068
-14500.1
-8642.45
-13826.3
-10269.6
-13004.1
-11930.7
-11758.6
-13598.5
-10320.8
-15268.5
-8789.12
-16941.6
-7262.99
-18576.5
-5732.5
-20046.5
-4279.63
-21084.7
-3061.68
-21226.8
-2347.34
-19851.3
-2379.87
-16631.3
-3224.08
-11592.5
-4697.11
-5170.18
-6132.66
-5635.72
-1574.77
-15062.2
-2260.75
-16459.8
-3327.81
-15088.1
-4795.19
-13647.2
-6380.57
-12914.7
-8202.5
-12004.4
-10020.5
-11186.1
-11696.5
-10082.5
-13098.7
-8918.58
-14233.9
-7653.92
-15069.6
-6427.28
-15526.5
-5275.56
-15475.2
-4330.97
-14763.1
-3773.68
-13249.9
-3860.61
-10832.1
-4797.6
-7611.91
-6444.29
-4113.28
-8195.74
-1374.85
-8871.09
-7010.57
-219.117
-14843
192.684
-16871.6
371.638
-15267
327.249
-13602.8
222.798
-12810.2
-40.6945
-11740.9
-291.596
-10935.2
-391.07
-9983.01
-185.472
-9124.17
385.528
-8224.9
1337.84
-7379.58
2651.01
-6588.72
4230.37
-5910.31
5868.16
-5411.47
7196.39
-5188.83
7732.16
-5333.37
7069.37
-5781.48
5164.66
-6291.03
2511.1
-6217.53
-4499.47
404.049
-15247
917.187
-17384.7
1323.91
-15673.7
1753.27
-14032.2
2237.22
-13294.1
2733.86
-12237.5
3261.01
-11462.3
3842.84
-10564.8
4510.76
-9792.04
5306.51
-9020.61
6221.18
-8294.21
7216.06
-7583.56
8191.95
-6886.16
8987.29
-6206.78
9374.13
-5575.63
9075.66
-5034.88
7904.84
-4610.63
5808.8
-4194.96
3090.88
-3499.56
-1408.58
910.86
-16157.9
1160.57
-17634.4
1519.2
-16032.3
1952.01
-14465
2463.05
-13805.2
2945.96
-12720.4
3459.45
-11975.8
3955.97
-11061.3
4439.95
-10276
4882.11
-9462.77
5280.68
-8692.76
5626.28
-7929.15
5916.36
-7176.22
6126.26
-6416.67
6195.08
-5644.42
5981.16
-4820.95
5310.2
-3939.64
4021.81
-2906.55
2105.58
-1583.27
696.997
1147.92
-17305.8
1122.04
-17608.4
1488.16
-16398.4
1927.83
-14904.6
2452.02
-14329.3
2938.24
-13206.5
3472.21
-12509.7
4008.41
-11597.5
4585.3
-10852.8
5175.42
-10052.9
5769.86
-9287.16
6316.91
-8476.17
6747.15
-7606.43
6957.73
-6627.21
6845.39
-5532.05
6328.48
-4304.01
5379.94
-2991.08
3972.53
-1499.09
2065.49
323.834
2762.49
954.369
-18260.1
748.971
-17403
1067.84
-16717.2
1450.81
-15287.5
1916.69
-14795.2
2403.48
-13693.3
2967.36
-13073.6
3585.88
-12216
4291.82
-11558.8
5071.7
-10832.7
5914.24
-10129.7
6741.71
-9303.62
7411.23
-8275.94
7693.4
-6909.36
7388.17
-5226.8
6478.08
-3393.89
4980.09
-1493.06
2874.03
607.024
1320.94
1876.98
4083.43
169.26
-18429.4
-254.257
-16979.5
-345.358
-16626.1
-378.592
-15254.3
-378.24
-14795.5
-297.605
-13773.9
-176.525
-13194.6
30.5933
-12423
303.042
-11831.2
650.153
-11179.8
1033.68
-10513.2
1368.71
-9638.62
1479.26
-8386.45
1155.15
-6585.19
407.723
-4479.31
-320.933
-2665.12
-680.594
-1133.17
-530.042
456.678
-968.331
2315.35
3115.1
-583.307
-17846
-1301.19
-16261.6
-1871.55
-16055.7
-2383.85
-14741.9
-2900.4
-14278.9
-3318.48
-13355.8
-3751.3
-12761.8
-4119.98
-12054.4
-4485.61
-11465.5
-4820.89
-10844.5
-5152.65
-10181.4
-5478.04
-9313.21
-5791.12
-8073.35
-6009.08
-6367.21
-6004.35
-4484.02
-5728.72
-2940.71
-5272.57
-1589.29
-4742.39
-73.4718
-3522.28
1095.28
-407.177
-1421.04
-16425
-3010.96
-14671.6
-4274.93
-14791.8
-5331.53
-13685.3
-6306
-13304.5
-7088.3
-12573.5
-7803.31
-12046.8
-8402.76
-11454.9
-8942.49
-10925.8
-9400.56
-10386.4
-9752.21
-9829.72
-9880.43
-9184.98
-9567.3
-8386.46
-8536.16
-7398.34
-6744.54
-6275.63
-4575.79
-5109.45
-2311.69
-3853.36
-195.233
-2189.89
938.905
-38.7938
531.728
-1957.94
-14467
-4235
-12394.6
-6474.05
-12552.7
-8353.88
-11805.5
-10139.5
-11518.9
-11635.5
-11077.5
-12952.6
-10729.6
-14044.1
-10363.3
-14947.9
-10021.9
-15650
-9684.35
-16126.8
-9352.87
-16296
-9015.8
-16020.6
-8661.78
-15150.2
-8268.75
-13621.8
-7804.1
-11496.1
-7235.05
-8830.31
-6519.19
-5554.59
-5465.6
-1871.73
-3721.64
-1340
-5367
-8661.56
-12114.2
-14819.7
-17238.6
-19216
-20845.7
-22109
-23030.9
-23615.3
-23868.1
-23783.9
-23345.7
-22514.4
-21218.5
-19353.6
-16772.8
-13138.4
-7760
-5366.9
14466.9
-8661.32
12394.4
-12113.8
12552.5
-14819
11805.2
-17237.6
11518.6
-19214.8
11077.2
-20844.1
10729.3
-22106.8
10362.8
-23027.9
10021
-23610.9
9683.09
-23862.3
9351.32
-23776.3
9014.05
-23336.2
8659.92
-22503
8266.84
-21205.3
7802.24
-19339.1
7233.83
-16759.4
6520.31
-13130.7
5471.32
-7762.14
3731.44
1337.86
-1957.26
16424.2
-4233.22
14670.4
-6471.39
14790.7
-8350.2
13684.1
-10134.8
13303.3
-11629.9
12572.3
-12946
12045.4
-14036.4
11453.2
-14939
10923.7
-15639.8
10384
-16115.6
9827.09
-16283.1
9181.58
-16003.7
8380.53
-15124.6
7387.74
-13583.8
6261.41
-11448.9
5098.94
-8784.86
3856.29
-5524
2210.46
-1860.75
68.207
-522.88
-1420.1
17844.3
-3009.16
16259.5
-4272.24
16053.7
-5328.45
14740.3
-6302.61
14277.4
-7084.64
13354.3
-7799.21
12760
-8397.97
12052
-8936.82
11462.5
-9394.45
10841.6
-9746.97
10179.6
-9877.61
9312.23
-9566.54
8069.47
-8532.9
6354.1
-6732.76
4461.28
-4554.49
2920.68
-2282.83
1584.65
-163.503
91.1731
965.595
-1060.84
442.716
-581.228
18425.6
-1300.13
16978.4
-1871.18
16624.8
-2381.54
15250.7
-2896.15
14792.1
-3311.84
13770
-3742.09
13190.2
-4108.14
12418
-4471.5
11825.9
-4805.39
11175.5
-5136.9
10511.1
-5464.57
9639.91
-5784.25
8389.16
-6013.94
6583.81
-6023.05
4470.4
-5756.72
2654.37
-5297.46
1125.4
-4759.76
-446.507
-3523.57
-2297.01
-3080.86
172.799
18252.8
-237.486
17388.7
-315.061
16702.4
-343.245
15278.9
-338.421
14787.3
-253.687
13685.3
-129.436
13066
79.7829
12208.8
354.034
11551.6
703.679
10825.9
1089.49
10125.4
1425.68
9303.74
1533.79
8281.06
1199.91
6917.71
435.473
5234.87
-310.449
3400.34
-686.215
1501.27
-538.788
-593.839
-960.964
-1874.8
-4041.82
989.897
17262.9
737.376
17641.2
1035.02
16404.8
1425.55
14888.3
1899.12
14313.7
2385.34
13199.1
2948.79
12502.6
3565.64
11592
4270.92
10846.4
5048.79
10048
5891.89
9282.26
6722.23
8473.4
7395.42
7607.88
7680.08
6633.06
7375.63
5539.32
6468.19
4307.79
4981.82
2987.65
2896.53
1491.46
1345.96
-324.206
-2695.86
1075.05
16187.8
1475.67
17240.6
2016.17
15864.3
2473.05
14431.5
3100.21
13686.5
3627.28
12672
4197.1
11932.8
4711.14
11078
5237.75
10319.8
5758.35
9527.45
6263.12
8777.49
6714.85
8021.67
7063.55
7259.18
7207.2
6489.42
7038.22
5708.31
6471.88
4874.13
5483.62
3975.91
4048.98
2926.12
2128.53
1596.25
-567.332
736.635
15451.2
1877.73
16099.5
2596.27
15145.7
2913.36
14114.4
3330.05
13269.9
3641.66
12360.4
4053.5
11520.9
4479.27
10652.2
4949.24
9849.8
5378.35
9098.33
5705.25
8450.58
5920.46
7806.46
6053.78
7125.86
6097.6
6445.59
6001.15
5804.75
5651.05
5224.24
4918.43
4708.53
3687.79
4156.76
1945.68
3338.37
1378.35
294.259
15157
926.596
15467.2
1041.65
15030.7
736.07
14420
331.215
13674.7
-83.303
12774.9
-281.293
11718.9
-90.4004
10461.3
715.709
9043.7
2024.4
7789.66
3455.13
7019.87
4814.57
6447.03
5974.13
5966.32
6770.73
5648.99
7102.16
5473.33
6841.84
5484.57
5911.94
5638.44
4317.18
5751.53
2278.4
5377.16
3656.74
-266.9
15423.8
-644.738
15845
-1374.85
15760.8
-2350.61
15395.7
-3458.59
14782.7
-4621.68
13938
-5690.89
12788.1
-6344.06
11114.5
-6039.69
8739.33
-4752.13
6502.09
-3131.52
5399.25
-1338.28
4653.78
592.105
4035.93
2485.42
3755.66
4027.18
3931.57
4818.89
4692.86
4585.6
5871.72
3375.79
6961.34
1622.48
7130.47
5279.23
-964.616
16388.5
-1909.37
16789.8
-2847.48
16698.9
-3787.2
16335.4
-4815.04
15810.5
-6020.89
15143.8
-7483.04
14250.3
-9178.53
12810
-10913.6
10474.4
-12268.5
7857.04
-13090
6220.79
-13619.3
5183.07
-13692.8
4109.38
-13065.7
3128.62
-11607.4
2473.25
-9301.97
2387.42
-6404.2
2973.95
-3453.69
4010.83
-1164.05
4840.83
4115.18
-544.883
16933.3
-1101.07
17346
-1283.2
16881
-1260.04
16312.3
-1214.64
15765.1
-1304.04
15233.2
-1689.8
14636
-2591.76
13711.9
-4472.62
12355.2
-7218.6
10603
-9824.16
8826.33
-12193.3
7552.16
-14344.3
6260.35
-16058.8
4843.15
-16880
3294.43
-16202.2
1709.63
-13628.7
400.426
-9324.92
-292.961
-4166.72
-317.39
-51.5449
905.092
16028.2
1379.52
16871.5
2243.47
16017.1
3310.42
15245.3
4447.06
14628.5
5561.62
14118.7
6559.78
13637.9
7261.13
13010.5
7268.22
12348.1
6204.87
11666.3
4463.48
10567.7
2623.48
9392.16
775.686
8108.13
-1025.61
6644.44
-2720.04
4988.83
-4211.53
3201.1
-5144.12
1333
-5046.63
-390.464
-3411.45
-1952.59
-3463
1691.82
14336.4
2902.12
15661.2
4148.58
14770.6
5386.3
14007.6
6605.54
13409.2
7805.07
12919.1
8969.51
12473.4
10037.5
11942.5
10984.2
11401.4
11635.2
11015.3
11686.7
10516.1
11313
9765.84
10647
8774.12
9682.15
7609.3
8335.49
6335.48
6575.45
4961.13
4423.47
3484.96
2185.15
1847.84
598.164
-365.641
-2864.83
1361.48
12974.9
2487.48
14535.2
3391.69
13866.4
4131.95
13267.3
4773.85
12767.3
5356.02
12336.9
5910.25
11919.2
6434.81
11418
6934.35
10901.9
7383.44
10566.2
7634.32
10265.3
7657.98
9742.16
7482.72
8949.38
7120.03
7971.98
6554.35
6901.15
5756.23
5759.23
4703.24
4537.94
3401.31
3149.75
1862.87
1172.77
-1001.97
811.035
12163.9
1515.79
13830.4
2017.11
13365.1
2379
12905.4
2651.49
12494.8
2860.42
12128
3027.56
11752
3155.01
11290.5
3251.48
10805.4
3349.73
10467.9
3429.71
10185.3
3440.84
9731.01
3346.85
9043.35
3138.04
8180.78
2817.99
7221.18
2396.05
6181.16
1870.81
5063.17
1259.75
3760.8
662.343
1770.14
-339.623
612.871
11551
1027.76
13415.5
1355.78
13037
1644.38
12616.8
1899.96
12239.2
2119.64
11908.3
2296.63
11575
2407.06
11180
2463.61
10748.8
2531.41
10400.1
2619.99
10096.7
2657.7
9693.28
2574.85
9126.18
2352.56
8403.05
2010.78
7562.94
1589.88
6602.04
1118.79
5534.25
618.1
4261.48
87.3059
2300.89
-252.318
740.328
10810.6
1144.34
13011.5
1552.64
12628.7
1997.7
12171.7
2449.82
11787.1
2888.07
11470
3283.05
11180
3612.28
10850.8
3875.92
10485.2
4130.02
10146
4381.49
9845.19
4552.19
9522.57
4555.07
9123.29
4351.52
8606.6
3954.78
7959.67
3410.82
7145.99
2771.67
6173.39
2063.41
4969.74
1122.97
3241.32
870.652
960.158
9850.46
1321.36
12650.3
1680.76
12269.3
2128.52
11723.9
2652.49
11263.1
3222.49
10900
3841.56
10560.9
4387.88
10304.5
4829.11
10043.9
5196.59
9778.52
5504.95
9536.82
5706.76
9320.75
5724.7
9105.35
5497.15
8834.14
5009.23
8447.59
4281.51
7873.7
3373.95
7080.97
2321.22
6022.49
1117.59
4444.98
1988.25
1106.22
2453.34
3640.58
4714.5
5710.07
6652.34
7308.35
7797.77
8160.58
8406.97
8551.61
8588.91
8489.39
8207.64
7704.52
6941.4
5897.4
4519.17
2675.48
)
;

boundaryField
{
    outletWall
    {
        type            calculated;
        value           nonuniform List<scalar> 
60
(
903.081
-18755.9
-36638.8
-6914.99
-11515.4
-32281.3
-74785.2
-105700
-120362
-102765
-70395.1
1221.22
69348.6
83995.2
79902.3
68161.5
36253.4
-26920.8
-60183.4
-49832
44425.3
43729.2
44753.4
48308.2
55359.2
67551.7
88519.9
119780
142650
133523
105044
80161.4
64275.3
55096
50974.2
50325.8
51182.9
52087.9
52239.1
51681.8
-19259
-27384
-52587.6
-40412.2
-35863.7
-19701.6
-23346.1
-14524.1
20584.8
39990.2
37738.3
9813.1
-47862.1
-75405.4
-85865.4
-85728.8
-78515.5
-68552.9
-61422.1
-32100.5
)
;
    }
    fineWalls
    {
        type            calculated;
        value           uniform 0;
    }
    fineFrontAndBack
    {
        type            calculated;
        value           nonuniform List<scalar> 
960
(
2.31384e-15
1.46668e-13
-5.20576e-14
-1.30094e-13
-8.27982e-13
-1.4221e-13
8.5558e-14
-9.07125e-13
3.29108e-12
1.62901e-12
2.38718e-12
-1.09235e-11
-4.14633e-12
-4.51927e-12
-5.37488e-11
-1.29761e-11
-1.23583e-11
-5.2724e-11
-8.94395e-12
-7.99254e-12
-2.29044e-12
-3.36719e-12
-4.08773e-12
-4.75958e-12
-5.37774e-12
-5.91833e-12
-1.08512e-10
-6.74765e-12
-7.07117e-12
-7.457e-12
-7.85245e-12
-8.23478e-12
-8.70211e-12
-9.23781e-12
-9.86091e-12
-1.04994e-11
-1.14407e-11
-1.15517e-11
-1.4635e-11
-2.07651e-11
-3.50794e-10
-3.74862e-11
-3.80504e-11
-3.96235e-11
-1.71053e-10
-1.68712e-11
-9.88748e-12
4.24352e-13
1.2611e-10
2.77157e-11
1.69341e-11
-3.23403e-11
-4.5585e-12
-1.17072e-12
3.78529e-12
6.66357e-11
1.46073e-11
1.42017e-11
1.40869e-11
1.9655e-10
1.42583e-11
1.02149e-11
1.01241e-11
9.62841e-12
9.43514e-12
9.29471e-12
9.13365e-12
8.87142e-12
8.56834e-12
8.24906e-12
8.0246e-12
7.81114e-12
7.61689e-12
7.89782e-11
6.60369e-12
6.0659e-12
5.55086e-12
4.94513e-12
4.04945e-12
2.10047e-12
-2.01094e-12
-3.11017e-12
-1.08235e-11
-2.28244e-12
-1.87715e-12
-3.97115e-12
2.8051e-13
1.64499e-13
1.88236e-12
7.75717e-13
1.8959e-13
-2.08342e-12
-4.29163e-13
-3.61633e-13
-3.81731e-13
-2.44998e-12
-6.75548e-13
-6.19308e-13
-1.98198e-12
-2.08522e-13
-5.19336e-11
-4.44328e-11
-3.61019e-11
-1.11797e-11
2.09449e-11
6.94309e-11
1.42004e-10
2.32898e-10
3.09399e-10
3.14743e-10
2.95644e-10
2.51643e-10
1.55484e-10
5.405e-11
3.69321e-12
-7.21282e-12
-3.60852e-12
-2.93133e-13
1.10269e-12
-5.02892e-11
-4.27639e-11
-2.7147e-11
1.52206e-11
6.93647e-11
1.41551e-10
2.24279e-10
2.98146e-10
3.37805e-10
3.23894e-10
2.95679e-10
2.51745e-10
1.57248e-10
5.79744e-11
7.12005e-12
-7.09298e-12
-5.08005e-12
-6.42738e-13
1.30237e-12
-4.80262e-11
-3.99999e-11
-1.28308e-11
4.77211e-11
1.16557e-10
1.92746e-10
2.60807e-10
3.06567e-10
3.26785e-10
3.28235e-10
3.02634e-10
2.52327e-10
1.57106e-10
6.10355e-11
1.10033e-11
-6.2537e-12
-6.27688e-12
-1.10356e-12
7.92176e-13
-4.60876e-11
-3.55018e-11
9.63707e-12
8.96343e-11
1.65418e-10
2.2858e-10
2.66131e-10
2.80861e-10
2.87939e-10
2.99116e-10
3.05022e-10
2.57626e-10
1.55143e-10
6.0241e-11
1.24779e-11
-5.76318e-12
-7.22709e-12
-1.60775e-12
-5.47392e-13
-4.44391e-11
-2.96828e-11
3.71138e-11
1.29008e-10
1.88275e-10
2.07099e-10
1.92579e-10
1.79396e-10
2.02062e-10
2.43838e-10
2.55114e-10
2.51914e-10
1.52971e-10
5.51358e-11
1.41166e-11
-1.78178e-12
-6.58224e-12
-1.60881e-12
8.61013e-14
-3.99156e-11
-2.54898e-11
5.74607e-11
1.41088e-10
1.47601e-10
9.12366e-11
1.58137e-11
-1.0557e-11
5.73229e-11
1.77793e-10
2.25719e-10
2.16385e-10
1.38782e-10
5.47341e-11
2.8565e-11
2.17387e-11
-2.2623e-12
-3.80189e-12
4.16019e-12
-2.28516e-11
-2.1266e-11
5.66164e-11
9.34063e-11
1.49494e-11
-1.19968e-10
-2.26904e-10
-2.35296e-10
-1.22299e-10
7.24583e-11
2.01779e-10
1.69415e-10
1.18223e-10
6.94606e-11
6.69001e-11
7.23854e-11
4.25731e-11
1.70709e-12
-4.31754e-11
5.31353e-12
-2.60433e-11
2.17845e-11
-2.07245e-11
-1.82197e-10
-3.33607e-10
-3.90387e-10
-3.61126e-10
-2.55275e-10
-4.53707e-11
1.58163e-10
1.63e-10
1.13922e-10
1.02002e-10
1.20927e-10
1.40908e-10
1.48599e-10
1.62796e-10
2.15538e-10
6.35678e-11
-1.84314e-11
-5.78708e-12
-1.10855e-10
-3.03854e-10
-3.47017e-10
-3.02495e-10
-2.97844e-10
-2.91495e-10
-1.3151e-10
1.20681e-10
2.07855e-10
1.61695e-10
1.55066e-10
1.67359e-10
1.76904e-10
1.9833e-10
2.17203e-10
2.03997e-10
2.33169e-10
1.08167e-10
1.31001e-11
-1.46038e-10
-2.04531e-10
-9.29623e-11
-5.19637e-11
-1.64574e-10
-2.84105e-10
-2.13972e-10
2.43056e-11
1.92766e-10
1.48666e-10
1.09483e-10
8.00195e-11
8.43602e-11
7.91428e-11
8.34963e-11
5.29603e-11
2.80368e-10
1.68436e-10
-6.14996e-13
-8.57626e-11
-1.59812e-12
8.19058e-11
7.19537e-11
-1.30693e-10
-2.86783e-10
-3.0112e-10
-1.94482e-10
-7.36485e-11
-4.59226e-11
-7.4262e-11
-1.22946e-10
-1.58538e-10
-1.90603e-10
-1.97967e-10
-1.23311e-10
3.34247e-11
-1.3842e-11
-4.55404e-11
8.93246e-12
4.86479e-11
3.77242e-11
-1.60029e-11
-1.58073e-10
-2.96562e-10
-3.27975e-10
-3.01434e-10
-2.61564e-10
-2.44175e-10
-2.65364e-10
-3.01416e-10
-3.37997e-10
-3.87314e-10
-4.22139e-10
-4.06712e-10
-1.71978e-10
-6.31132e-11
2.39547e-11
4.91315e-11
4.01624e-11
2.73488e-11
-1.096e-11
-1.54962e-10
-2.752e-10
-3.14198e-10
-3.14452e-10
-3.03493e-10
-2.85813e-10
-2.70619e-10
-2.59024e-10
-2.61178e-10
-2.81883e-10
-3.24222e-10
-4.21978e-10
-1.46723e-10
2.02402e-11
4.70346e-11
4.18242e-11
3.4219e-11
2.91292e-11
6.74785e-12
-1.0532e-10
-2.12479e-10
-2.61078e-10
-2.73416e-10
-2.71573e-10
-2.51925e-10
-2.07712e-10
-1.55634e-10
-1.0704e-10
-6.17948e-11
-1.73656e-11
-1.19956e-12
-6.89749e-11
4.33571e-11
4.68059e-11
4.38882e-11
3.81317e-11
3.14427e-11
1.8097e-11
-5.09897e-11
-1.40348e-10
-1.97917e-10
-2.23873e-10
-2.279e-10
-2.03395e-10
-1.43673e-10
-8.57347e-11
-4.36145e-11
-2.30532e-11
-8.16016e-12
1.2007e-11
-1.93126e-11
4.8679e-11
4.97369e-11
4.70707e-11
4.04867e-11
3.26304e-11
2.36877e-11
-1.07441e-11
-7.80744e-11
-1.37578e-10
-1.7763e-10
-1.89974e-10
-1.57145e-10
-9.83374e-11
-5.09757e-11
-2.07057e-11
-1.08358e-11
-3.00297e-12
9.30829e-12
8.42137e-12
5.04883e-11
5.14751e-11
4.87956e-11
4.27517e-11
3.46592e-11
2.62751e-11
1.05737e-11
-3.30515e-11
-8.49939e-11
-1.33535e-10
-1.54371e-10
-1.17603e-10
-6.23655e-11
-2.74416e-11
-7.5484e-12
-2.54807e-12
-3.59556e-13
-8.82133e-13
2.23163e-11
4.97111e-11
5.14876e-11
4.98608e-11
4.49123e-11
3.68979e-11
2.79113e-11
1.8271e-11
-5.23631e-12
-4.26042e-11
-9.07415e-11
-1.24727e-10
-9.79488e-11
-3.33495e-11
-6.15656e-12
1.17235e-12
6.02371e-13
-6.84151e-13
-1.33625e-12
2.78987e-11
4.63816e-11
5.06463e-11
5.06272e-11
4.67379e-11
3.90507e-11
2.96016e-11
2.10778e-11
9.07219e-12
-1.24475e-11
-4.91839e-11
-8.61251e-11
-5.83341e-11
-1.11531e-11
6.72539e-12
3.02207e-12
-1.66216e-13
-7.66288e-13
-5.66585e-13
2.88071e-11
4.27879e-11
4.98896e-11
5.10753e-11
4.79913e-11
4.07451e-11
3.11518e-11
2.25371e-11
1.57621e-11
7.30114e-12
-9.06545e-12
-2.84671e-11
-1.39e-11
4.30115e-12
7.63413e-12
2.0803e-12
-2.31385e-13
-7.18994e-13
-7.41852e-13
-2.31384e-15
-1.46668e-13
5.20576e-14
1.30094e-13
8.27982e-13
1.4221e-13
-8.5558e-14
9.07125e-13
-3.29108e-12
-1.62901e-12
-2.38718e-12
1.09235e-11
4.14633e-12
4.51927e-12
5.37488e-11
1.29761e-11
1.23583e-11
5.2724e-11
8.94395e-12
7.99254e-12
2.29044e-12
3.36719e-12
4.08773e-12
4.75958e-12
5.37774e-12
5.91833e-12
1.08512e-10
6.74765e-12
7.07117e-12
7.457e-12
7.85245e-12
8.23478e-12
8.70211e-12
9.23781e-12
9.86091e-12
1.04994e-11
1.14407e-11
1.15517e-11
1.4635e-11
2.07651e-11
3.50794e-10
3.74862e-11
3.80504e-11
3.96235e-11
1.71053e-10
1.68712e-11
9.88748e-12
-4.24352e-13
-1.2611e-10
-2.77157e-11
-1.69341e-11
3.23403e-11
4.5585e-12
1.17072e-12
-3.78529e-12
-6.66357e-11
-1.46073e-11
-1.42017e-11
-1.40869e-11
-1.9655e-10
-1.42583e-11
-1.02149e-11
-1.01241e-11
-9.62841e-12
-9.43514e-12
-9.29471e-12
-9.13365e-12
-8.87142e-12
-8.56834e-12
-8.24906e-12
-8.0246e-12
-7.81114e-12
-7.61689e-12
-7.89782e-11
-6.60369e-12
-6.0659e-12
-5.55086e-12
-4.94513e-12
-4.04945e-12
-2.10047e-12
2.01094e-12
3.11017e-12
1.08235e-11
2.28244e-12
1.87715e-12
3.97115e-12
-2.8051e-13
-1.64499e-13
-1.88236e-12
-7.75717e-13
-1.8959e-13
2.08342e-12
4.29163e-13
3.61633e-13
3.81731e-13
2.44998e-12
6.75548e-13
6.19308e-13
1.98198e-12
2.08522e-13
5.19336e-11
4.44328e-11
3.61019e-11
1.11797e-11
-2.09449e-11
-6.94309e-11
-1.42004e-10
-2.32898e-10
-3.09399e-10
-3.14743e-10
-2.95644e-10
-2.51643e-10
-1.55484e-10
-5.405e-11
-3.69321e-12
7.21282e-12
3.60852e-12
2.93133e-13
-1.10269e-12
5.02892e-11
4.27639e-11
2.7147e-11
-1.52206e-11
-6.93647e-11
-1.41551e-10
-2.24279e-10
-2.98146e-10
-3.37805e-10
-3.23894e-10
-2.95679e-10
-2.51745e-10
-1.57248e-10
-5.79744e-11
-7.12005e-12
7.09298e-12
5.08005e-12
6.42738e-13
-1.30237e-12
4.80262e-11
3.99999e-11
1.28308e-11
-4.77211e-11
-1.16557e-10
-1.92746e-10
-2.60807e-10
-3.06567e-10
-3.26785e-10
-3.28235e-10
-3.02634e-10
-2.52327e-10
-1.57106e-10
-6.10355e-11
-1.10033e-11
6.2537e-12
6.27688e-12
1.10356e-12
-7.92176e-13
4.60876e-11
3.55018e-11
-9.63707e-12
-8.96343e-11
-1.65418e-10
-2.2858e-10
-2.66131e-10
-2.80861e-10
-2.87939e-10
-2.99116e-10
-3.05022e-10
-2.57626e-10
-1.55143e-10
-6.0241e-11
-1.24779e-11
5.76318e-12
7.22709e-12
1.60775e-12
5.47392e-13
4.44391e-11
2.96828e-11
-3.71138e-11
-1.29008e-10
-1.88275e-10
-2.07099e-10
-1.92579e-10
-1.79396e-10
-2.02062e-10
-2.43838e-10
-2.55114e-10
-2.51914e-10
-1.52971e-10
-5.51358e-11
-1.41166e-11
1.78178e-12
6.58224e-12
1.60881e-12
-8.61013e-14
3.99156e-11
2.54898e-11
-5.74607e-11
-1.41088e-10
-1.47601e-10
-9.12366e-11
-1.58137e-11
1.0557e-11
-5.73229e-11
-1.77793e-10
-2.25719e-10
-2.16385e-10
-1.38782e-10
-5.47341e-11
-2.8565e-11
-2.17387e-11
2.2623e-12
3.80189e-12
-4.16019e-12
2.28516e-11
2.1266e-11
-5.66164e-11
-9.34063e-11
-1.49494e-11
1.19968e-10
2.26904e-10
2.35296e-10
1.22299e-10
-7.24583e-11
-2.01779e-10
-1.69415e-10
-1.18223e-10
-6.94606e-11
-6.69001e-11
-7.23854e-11
-4.25731e-11
-1.70709e-12
4.31754e-11
-5.31353e-12
2.60433e-11
-2.17845e-11
2.07245e-11
1.82197e-10
3.33607e-10
3.90387e-10
3.61126e-10
2.55275e-10
4.53707e-11
-1.58163e-10
-1.63e-10
-1.13922e-10
-1.02002e-10
-1.20927e-10
-1.40908e-10
-1.48599e-10
-1.62796e-10
-2.15538e-10
-6.35678e-11
1.84314e-11
5.78708e-12
1.10855e-10
3.03854e-10
3.47017e-10
3.02495e-10
2.97844e-10
2.91495e-10
1.3151e-10
-1.20681e-10
-2.07855e-10
-1.61695e-10
-1.55066e-10
-1.67359e-10
-1.76904e-10
-1.9833e-10
-2.17203e-10
-2.03997e-10
-2.33169e-10
-1.08167e-10
-1.31001e-11
1.46038e-10
2.04531e-10
9.29623e-11
5.19637e-11
1.64574e-10
2.84105e-10
2.13972e-10
-2.43056e-11
-1.92766e-10
-1.48666e-10
-1.09483e-10
-8.00195e-11
-8.43602e-11
-7.91428e-11
-8.34963e-11
-5.29603e-11
-2.80368e-10
-1.68436e-10
6.14996e-13
8.57626e-11
1.59812e-12
-8.19058e-11
-7.19537e-11
1.30693e-10
2.86783e-10
3.0112e-10
1.94482e-10
7.36485e-11
4.59226e-11
7.4262e-11
1.22946e-10
1.58538e-10
1.90603e-10
1.97967e-10
1.23311e-10
-3.34247e-11
1.3842e-11
4.55404e-11
-8.93246e-12
-4.86479e-11
-3.77242e-11
1.60029e-11
1.58073e-10
2.96562e-10
3.27975e-10
3.01434e-10
2.61564e-10
2.44175e-10
2.65364e-10
3.01416e-10
3.37997e-10
3.87314e-10
4.22139e-10
4.06712e-10
1.71978e-10
6.31132e-11
-2.39547e-11
-4.91315e-11
-4.01624e-11
-2.73488e-11
1.096e-11
1.54962e-10
2.752e-10
3.14198e-10
3.14452e-10
3.03493e-10
2.85813e-10
2.70619e-10
2.59024e-10
2.61178e-10
2.81883e-10
3.24222e-10
4.21978e-10
1.46723e-10
-2.02402e-11
-4.70346e-11
-4.18242e-11
-3.4219e-11
-2.91292e-11
-6.74785e-12
1.0532e-10
2.12479e-10
2.61078e-10
2.73416e-10
2.71573e-10
2.51925e-10
2.07712e-10
1.55634e-10
1.0704e-10
6.17948e-11
1.73656e-11
1.19956e-12
6.89749e-11
-4.33571e-11
-4.68059e-11
-4.38882e-11
-3.81317e-11
-3.14427e-11
-1.8097e-11
5.09897e-11
1.40348e-10
1.97917e-10
2.23873e-10
2.279e-10
2.03395e-10
1.43673e-10
8.57347e-11
4.36145e-11
2.30532e-11
8.16016e-12
-1.2007e-11
1.93126e-11
-4.8679e-11
-4.97369e-11
-4.70707e-11
-4.04867e-11
-3.26304e-11
-2.36877e-11
1.07441e-11
7.80744e-11
1.37578e-10
1.7763e-10
1.89974e-10
1.57145e-10
9.83374e-11
5.09757e-11
2.07057e-11
1.08358e-11
3.00297e-12
-9.30829e-12
-8.42137e-12
-5.04883e-11
-5.14751e-11
-4.87956e-11
-4.27517e-11
-3.46592e-11
-2.62751e-11
-1.05737e-11
3.30515e-11
8.49939e-11
1.33535e-10
1.54371e-10
1.17603e-10
6.23655e-11
2.74416e-11
7.5484e-12
2.54807e-12
3.59556e-13
8.82133e-13
-2.23163e-11
-4.97111e-11
-5.14876e-11
-4.98608e-11
-4.49123e-11
-3.68979e-11
-2.79113e-11
-1.8271e-11
5.23631e-12
4.26042e-11
9.07415e-11
1.24727e-10
9.79488e-11
3.33495e-11
6.15656e-12
-1.17235e-12
-6.02371e-13
6.84151e-13
1.33625e-12
-2.78987e-11
-4.63816e-11
-5.06463e-11
-5.06272e-11
-4.67379e-11
-3.90507e-11
-2.96016e-11
-2.10778e-11
-9.07219e-12
1.24475e-11
4.91839e-11
8.61251e-11
5.83341e-11
1.11531e-11
-6.72539e-12
-3.02207e-12
1.66216e-13
7.66288e-13
5.66585e-13
-2.88071e-11
-4.27879e-11
-4.98896e-11
-5.10753e-11
-4.79913e-11
-4.07451e-11
-3.11518e-11
-2.25371e-11
-1.57621e-11
-7.30114e-12
9.06545e-12
2.84671e-11
1.39e-11
-4.30115e-12
-7.63413e-12
-2.0803e-12
2.31385e-13
7.18994e-13
7.41852e-13
)
;
    }
    fineplugLeft
    {
        type            cyclicAMI;
        value           nonuniform List<scalar> 
20
(
-3263.59
-4028.14
-5068.79
-5725.34
-6265.49
-6762.95
-7253.05
-7750.2
-8262.03
-8795.26
-9346.32
-9922.86
-10518
-11180.5
-11765
-12758
-13775.1
-14576.5
-14525.2
-10458.5
)
;
    }
    fineplugRight
    {
        type            cyclicAMI;
        value           nonuniform List<scalar> 
20
(
-4663.72
-6288.81
-7400.81
-8125.08
-8636.85
-8950.8
-9115.92
-9204.96
-9283.49
-9392.25
-9532.16
-9681.19
-9815.09
-9904.98
-9957.78
-10267.6
-10650.1
-11082.1
-11303.2
-8744.33
)
;
    }
    inletOutletLeft
    {
        type            cyclicAMI;
        value           nonuniform List<scalar> 
20
(
3263.59
4028.14
5068.79
5725.34
6265.49
6762.95
7253.05
7750.2
8262.03
8795.26
9346.32
9922.86
10518
11180.5
11765
12758
13775.1
14576.5
14525.2
10458.5
)
;
    }
    inletLeft
    {
        type            calculated;
        value           uniform -9100;
    }
    inletWallsLeft
    {
        type            calculated;
        value           uniform 0;
    }
    inletFacesLeft
    {
        type            calculated;
        value           nonuniform List<scalar> 
800
(
-3.3994e-14
1.50312e-12
1.46478e-12
1.39617e-12
1.42889e-12
2.11568e-12
1.97634e-12
1.84936e-12
1.85246e-12
1.95595e-12
2.08382e-12
2.203e-12
2.42538e-12
2.66322e-12
2.91172e-12
3.23745e-12
3.72185e-12
4.04086e-12
1.00725e-11
1.79111e-11
4.68616e-14
1.35856e-12
1.06403e-12
1.07969e-12
1.29353e-12
2.08018e-12
1.44824e-12
1.46646e-12
1.51769e-12
1.63973e-12
1.82411e-12
1.94402e-12
2.18043e-12
2.39204e-12
2.58299e-12
3.01886e-12
3.50831e-12
4.74872e-12
1.6457e-11
2.122e-11
1.7781e-15
4.21134e-13
2.69528e-13
2.75502e-13
3.93952e-13
1.08504e-12
7.42001e-13
7.377e-13
7.08568e-13
7.65576e-13
8.70631e-13
1.04331e-12
1.07999e-12
1.17895e-12
1.34035e-12
1.66382e-12
1.87567e-12
2.5785e-12
6.12575e-12
1.08948e-11
-5.14634e-15
-1.27502e-13
-1.02324e-13
-9.56676e-14
-1.2855e-13
5.61477e-13
5.38264e-13
6.10428e-13
5.94667e-13
6.2904e-13
7.35602e-13
8.93941e-13
9.40921e-13
1.00127e-12
1.10344e-12
1.46942e-12
1.60478e-12
2.16106e-12
3.68603e-12
1.04359e-11
2.01033e-15
2.88901e-14
2.5094e-14
2.37339e-14
3.25784e-14
-1.48132e-13
-1.61014e-13
-1.7013e-13
-1.67182e-13
-1.78855e-13
-1.99482e-13
-2.31663e-13
-2.51376e-13
-2.76497e-13
-3.13104e-13
-3.79582e-13
-4.47872e-13
-5.57688e-13
-1.47312e-12
-1.73113e-12
-5.31745e-16
-6.20182e-15
-5.76148e-15
-5.54921e-15
-8.161e-15
2.88722e-14
3.80791e-14
3.75933e-14
3.7953e-14
4.13479e-14
4.50687e-14
4.96795e-14
5.50818e-14
6.17004e-14
7.05338e-14
8.16483e-14
9.86383e-14
1.11115e-13
3.72478e-13
-1.85704e-12
1.22802e-16
1.32155e-15
1.33425e-15
1.28255e-15
1.9371e-15
-5.45787e-15
-8.62813e-15
-8.52018e-15
-8.65481e-15
-9.50753e-15
-1.03733e-14
-1.11585e-14
-1.2252e-14
-1.38829e-14
-1.55771e-14
-1.82425e-14
-2.4763e-14
-3.66203e-14
1.57721e-13
-7.19358e-13
-3.25121e-17
-3.07477e-16
-3.23315e-16
-3.12396e-16
-4.47869e-16
1.28551e-15
2.03897e-15
1.98884e-15
2.0634e-15
2.35998e-15
2.83986e-15
3.31027e-15
3.11665e-15
3.75953e-15
1.07115e-14
1.31377e-14
-1.67422e-14
-3.24852e-14
3.16106e-14
2.39789e-14
1.15482e-17
7.9318e-17
8.60507e-17
9.36199e-17
4.61056e-17
-3.75244e-16
-5.16377e-16
-5.43347e-16
-6.16186e-16
-4.90793e-16
1.22138e-16
2.66345e-16
-2.55607e-15
-6.56713e-15
-1.52718e-15
1.4877e-14
2.58642e-14
2.71855e-14
3.79873e-14
3.93435e-14
-4.47786e-18
-2.13788e-17
-2.46315e-17
-2.50301e-17
1.26322e-17
1.17758e-16
1.42564e-16
1.25959e-16
1.34462e-16
4.67945e-16
1.55821e-15
2.16538e-15
-3.34396e-15
-2.20175e-14
-4.99773e-14
-6.72269e-14
-5.72568e-14
-2.82611e-14
-4.47416e-15
-1.82436e-16
1.42649e-18
5.42286e-18
6.40238e-18
6.58836e-18
-3.9562e-18
-3.13999e-17
-3.89693e-17
-4.45429e-17
-5.70548e-17
-4.39173e-17
3.40045e-17
4.46119e-17
-3.1825e-16
-1.17265e-15
-1.78169e-15
-1.34614e-16
5.06294e-15
1.11137e-14
1.2044e-14
4.51225e-15
-3.74796e-19
-1.34685e-18
-1.633e-18
-1.75143e-18
5.00483e-19
7.04232e-18
9.77714e-18
1.10122e-17
1.44974e-17
1.61466e-17
-4.03515e-18
-5.24508e-17
-6.47585e-17
8.9129e-17
5.52084e-16
1.40859e-15
2.49002e-15
3.06701e-15
1.8347e-15
-1.16648e-15
8.98861e-20
3.31271e-19
4.08976e-19
4.58152e-19
2.16887e-20
-1.50164e-18
-2.3728e-18
-2.68112e-18
-3.2548e-18
-4.12954e-18
-2.04041e-18
7.62207e-18
1.88957e-17
6.86185e-18
-6.58578e-17
-2.47598e-16
-6.12642e-16
-1.25555e-15
-2.00472e-15
-2.60587e-15
-2.09314e-20
-8.11748e-20
-1.01111e-19
-1.16672e-19
-3.42518e-20
3.11395e-19
5.60668e-19
6.57732e-19
7.42836e-19
9.1645e-19
8.01368e-19
-5.02327e-19
-2.90851e-18
-3.54072e-18
3.24983e-18
2.68759e-17
8.62469e-17
2.20973e-16
6.30416e-16
-5.18146e-17
4.85481e-21
1.97935e-20
2.46566e-20
2.89131e-20
1.38854e-20
-6.21596e-20
-1.27735e-19
-1.57412e-19
-1.69799e-19
-1.95145e-19
-2.15392e-19
-1.14296e-19
2.12977e-19
6.69432e-19
8.47936e-19
-3.8162e-19
-7.03292e-18
-1.51801e-17
-4.81754e-17
6.82358e-16
-1.17772e-21
-4.86501e-21
-5.98001e-21
-7.03522e-21
-4.04786e-21
1.36978e-20
2.98237e-20
3.82211e-20
4.36335e-20
5.02038e-20
3.66215e-20
-4.95918e-20
-1.22668e-19
4.09853e-19
1.98056e-18
8.69299e-19
-1.02367e-17
-1.62674e-17
-6.10968e-17
7.03311e-16
2.94284e-22
1.22029e-21
1.48886e-21
1.74359e-21
8.60395e-22
-3.66366e-21
-7.61538e-21
-7.60984e-21
-3.22118e-21
-9.34763e-21
-7.65555e-20
-2.10441e-19
7.98442e-20
2.18673e-18
4.76187e-18
-5.39714e-18
-3.87528e-17
-5.01509e-17
4.5651e-17
2.56297e-16
-8.82374e-23
-3.00389e-22
-3.71673e-22
-4.70971e-22
-1.0792e-22
1.0209e-21
2.15158e-21
4.27667e-21
7.6292e-21
-2.0885e-21
-6.27404e-20
-1.35122e-19
1.94756e-19
1.63718e-18
3.29213e-18
-6.75965e-19
-1.98007e-17
-5.18017e-17
-5.40827e-17
-6.6137e-17
2.00368e-23
9.59282e-23
1.42091e-22
9.50899e-23
-1.66631e-22
-5.11144e-22
-6.15752e-22
-3.01841e-22
3.82067e-22
2.68111e-22
-4.81941e-21
-2.24293e-20
-4.31488e-20
3.53072e-20
4.59062e-19
1.25891e-18
1.11366e-18
-3.75568e-18
-1.6799e-17
-2.84078e-17
-1.09704e-23
-2.32463e-23
-7.95483e-24
3.7409e-23
9.13463e-23
9.10357e-23
-3.52612e-23
-1.96924e-22
2.91042e-22
2.93381e-21
8.28604e-21
1.05362e-20
-8.65706e-21
-7.49469e-20
-1.87173e-19
-2.5829e-19
-1.03304e-19
3.92717e-19
9.07467e-19
6.26173e-19
3.3994e-14
-1.50312e-12
-1.46478e-12
-1.39617e-12
-1.42889e-12
-2.11568e-12
-1.97634e-12
-1.84936e-12
-1.85246e-12
-1.95595e-12
-2.08382e-12
-2.203e-12
-2.42538e-12
-2.66322e-12
-2.91172e-12
-3.23745e-12
-3.72185e-12
-4.04086e-12
-1.00725e-11
-1.79111e-11
-4.68616e-14
-1.35856e-12
-1.06403e-12
-1.07969e-12
-1.29353e-12
-2.08018e-12
-1.44824e-12
-1.46646e-12
-1.51769e-12
-1.63973e-12
-1.82411e-12
-1.94402e-12
-2.18043e-12
-2.39204e-12
-2.58299e-12
-3.01886e-12
-3.50831e-12
-4.74872e-12
-1.6457e-11
-2.122e-11
-1.7781e-15
-4.21134e-13
-2.69528e-13
-2.75502e-13
-3.93952e-13
-1.08504e-12
-7.42001e-13
-7.377e-13
-7.08568e-13
-7.65576e-13
-8.70631e-13
-1.04331e-12
-1.07999e-12
-1.17895e-12
-1.34035e-12
-1.66382e-12
-1.87567e-12
-2.5785e-12
-6.12575e-12
-1.08948e-11
5.14634e-15
1.27502e-13
1.02324e-13
9.56676e-14
1.2855e-13
-5.61477e-13
-5.38264e-13
-6.10428e-13
-5.94667e-13
-6.2904e-13
-7.35602e-13
-8.93941e-13
-9.40921e-13
-1.00127e-12
-1.10344e-12
-1.46942e-12
-1.60478e-12
-2.16106e-12
-3.68603e-12
-1.04359e-11
-2.01033e-15
-2.88901e-14
-2.5094e-14
-2.37339e-14
-3.25784e-14
1.48132e-13
1.61014e-13
1.7013e-13
1.67182e-13
1.78855e-13
1.99482e-13
2.31663e-13
2.51376e-13
2.76497e-13
3.13104e-13
3.79582e-13
4.47872e-13
5.57688e-13
1.47312e-12
1.73113e-12
5.31745e-16
6.20182e-15
5.76148e-15
5.54921e-15
8.161e-15
-2.88722e-14
-3.80791e-14
-3.75933e-14
-3.7953e-14
-4.13479e-14
-4.50687e-14
-4.96795e-14
-5.50818e-14
-6.17004e-14
-7.05338e-14
-8.16483e-14
-9.86383e-14
-1.11115e-13
-3.72478e-13
1.85704e-12
-1.22802e-16
-1.32155e-15
-1.33425e-15
-1.28255e-15
-1.9371e-15
5.45787e-15
8.62813e-15
8.52018e-15
8.65481e-15
9.50753e-15
1.03733e-14
1.11585e-14
1.2252e-14
1.38829e-14
1.55771e-14
1.82425e-14
2.4763e-14
3.66203e-14
-1.57721e-13
7.19358e-13
3.25121e-17
3.07477e-16
3.23315e-16
3.12396e-16
4.47869e-16
-1.28551e-15
-2.03897e-15
-1.98884e-15
-2.0634e-15
-2.35998e-15
-2.83986e-15
-3.31027e-15
-3.11665e-15
-3.75953e-15
-1.07115e-14
-1.31377e-14
1.67422e-14
3.24852e-14
-3.16106e-14
-2.39789e-14
-1.15482e-17
-7.9318e-17
-8.60507e-17
-9.36199e-17
-4.61056e-17
3.75244e-16
5.16377e-16
5.43347e-16
6.16186e-16
4.90793e-16
-1.22138e-16
-2.66345e-16
2.55607e-15
6.56713e-15
1.52718e-15
-1.4877e-14
-2.58642e-14
-2.71855e-14
-3.79873e-14
-3.93435e-14
4.47786e-18
2.13788e-17
2.46315e-17
2.50301e-17
-1.26322e-17
-1.17758e-16
-1.42564e-16
-1.25959e-16
-1.34462e-16
-4.67945e-16
-1.55821e-15
-2.16538e-15
3.34396e-15
2.20175e-14
4.99773e-14
6.72269e-14
5.72568e-14
2.82611e-14
4.47416e-15
1.82436e-16
-1.42649e-18
-5.42286e-18
-6.40238e-18
-6.58836e-18
3.9562e-18
3.13999e-17
3.89693e-17
4.45429e-17
5.70548e-17
4.39173e-17
-3.40045e-17
-4.46119e-17
3.1825e-16
1.17265e-15
1.78169e-15
1.34614e-16
-5.06294e-15
-1.11137e-14
-1.2044e-14
-4.51225e-15
3.74796e-19
1.34685e-18
1.633e-18
1.75143e-18
-5.00483e-19
-7.04232e-18
-9.77714e-18
-1.10122e-17
-1.44974e-17
-1.61466e-17
4.03515e-18
5.24508e-17
6.47585e-17
-8.9129e-17
-5.52084e-16
-1.40859e-15
-2.49002e-15
-3.06701e-15
-1.8347e-15
1.16648e-15
-8.98861e-20
-3.31271e-19
-4.08976e-19
-4.58152e-19
-2.16887e-20
1.50164e-18
2.3728e-18
2.68112e-18
3.2548e-18
4.12954e-18
2.04041e-18
-7.62207e-18
-1.88957e-17
-6.86185e-18
6.58578e-17
2.47598e-16
6.12642e-16
1.25555e-15
2.00472e-15
2.60587e-15
2.09314e-20
8.11748e-20
1.01111e-19
1.16672e-19
3.42518e-20
-3.11395e-19
-5.60668e-19
-6.57732e-19
-7.42836e-19
-9.1645e-19
-8.01368e-19
5.02327e-19
2.90851e-18
3.54072e-18
-3.24983e-18
-2.68759e-17
-8.62469e-17
-2.20973e-16
-6.30416e-16
5.18146e-17
-4.85481e-21
-1.97935e-20
-2.46566e-20
-2.89131e-20
-1.38854e-20
6.21596e-20
1.27735e-19
1.57412e-19
1.69799e-19
1.95145e-19
2.15392e-19
1.14296e-19
-2.12977e-19
-6.69432e-19
-8.47936e-19
3.8162e-19
7.03292e-18
1.51801e-17
4.81754e-17
-6.82358e-16
1.17772e-21
4.86501e-21
5.98001e-21
7.03522e-21
4.04786e-21
-1.36978e-20
-2.98237e-20
-3.82211e-20
-4.36335e-20
-5.02038e-20
-3.66215e-20
4.95918e-20
1.22668e-19
-4.09853e-19
-1.98056e-18
-8.69299e-19
1.02367e-17
1.62674e-17
6.10968e-17
-7.03311e-16
-2.94284e-22
-1.22029e-21
-1.48886e-21
-1.74359e-21
-8.60395e-22
3.66366e-21
7.61538e-21
7.60984e-21
3.22118e-21
9.34763e-21
7.65555e-20
2.10441e-19
-7.98442e-20
-2.18673e-18
-4.76187e-18
5.39714e-18
3.87528e-17
5.01509e-17
-4.5651e-17
-2.56297e-16
8.82374e-23
3.00389e-22
3.71673e-22
4.70971e-22
1.0792e-22
-1.0209e-21
-2.15158e-21
-4.27667e-21
-7.6292e-21
2.0885e-21
6.27404e-20
1.35122e-19
-1.94756e-19
-1.63718e-18
-3.29213e-18
6.75965e-19
1.98007e-17
5.18017e-17
5.40827e-17
6.6137e-17
-2.00368e-23
-9.59282e-23
-1.42091e-22
-9.50899e-23
1.66631e-22
5.11144e-22
6.15752e-22
3.01841e-22
-3.82067e-22
-2.68111e-22
4.81941e-21
2.24293e-20
4.31488e-20
-3.53072e-20
-4.59062e-19
-1.25891e-18
-1.11366e-18
3.75568e-18
1.6799e-17
2.84078e-17
1.09704e-23
2.32463e-23
7.95483e-24
-3.7409e-23
-9.13463e-23
-9.10357e-23
3.52612e-23
1.96924e-22
-2.91042e-22
-2.93381e-21
-8.28604e-21
-1.05362e-20
8.65706e-21
7.49469e-20
1.87173e-19
2.5829e-19
1.03304e-19
-3.92717e-19
-9.07467e-19
-6.26173e-19
)
;
    }
    inletOutletRight
    {
        type            cyclicAMI;
        value           nonuniform List<scalar> 
20
(
4663.72
6288.81
7400.81
8125.08
8636.85
8950.8
9115.92
9204.96
9283.49
9392.25
9532.16
9681.19
9815.09
9904.98
9957.78
10267.6
10650.1
11082.1
11303.2
8744.33
)
;
    }
    inletRight
    {
        type            calculated;
        value           uniform -9100;
    }
    inletWallsRight
    {
        type            calculated;
        value           uniform 0;
    }
    inletFacesRight
    {
        type            calculated;
        value           nonuniform List<scalar> 
800
(
-4.78557e-24
5.18399e-24
1.75366e-23
3.22228e-23
4.78546e-23
6.03188e-23
5.85255e-23
2.87957e-23
-2.2241e-23
-3.69649e-23
1.10715e-22
6.14183e-22
1.72677e-21
3.71536e-21
6.56149e-21
9.04671e-21
7.79934e-21
-7.02506e-22
-1.25566e-20
-1.13932e-20
2.26629e-23
3.27362e-24
-1.8022e-23
-4.68684e-23
-8.97178e-23
-1.51916e-22
-2.50035e-22
-3.8361e-22
-4.7564e-22
-3.95829e-22
-2.2304e-22
-4.61709e-22
-1.52176e-21
-3.40229e-21
-8.38729e-21
-2.14734e-20
-3.0885e-20
3.06742e-20
2.69623e-19
5.40783e-19
-9.07208e-23
2.71155e-23
1.55294e-22
2.81912e-22
4.30018e-22
6.18147e-22
8.61799e-22
1.22145e-21
1.80599e-21
2.65989e-21
3.90881e-21
5.13254e-21
-1.41361e-21
-4.11832e-20
-1.30334e-19
-1.78567e-19
8.02734e-20
9.65134e-19
2.46507e-18
2.97194e-18
3.93122e-22
-1.42087e-23
-4.9364e-22
-1.015e-21
-1.65615e-21
-2.47646e-21
-3.48203e-21
-4.63862e-21
-5.88909e-21
-7.36548e-21
-9.53746e-21
-1.12784e-20
-1.24404e-20
-4.78405e-20
-2.14357e-19
-3.57515e-19
3.78404e-19
2.34975e-18
3.70358e-18
1.94311e-18
-1.70682e-21
1.7547e-22
2.37929e-21
4.6711e-21
7.36812e-21
1.08487e-20
1.51087e-20
2.04026e-20
2.72077e-20
3.57773e-20
4.57524e-20
5.62294e-20
6.03067e-20
3.56121e-20
-8.28563e-20
-3.59461e-19
-5.10492e-19
1.45543e-18
5.09058e-18
-2.7884e-19
7.68183e-21
-7.74348e-22
-1.05249e-20
-2.10108e-20
-3.34254e-20
-4.95318e-20
-6.90482e-20
-9.31681e-20
-1.23448e-19
-1.62168e-19
-2.08793e-19
-2.54917e-19
-2.54754e-19
-1.36713e-19
1.61034e-19
6.86623e-19
1.50343e-18
2.84912e-18
2.5898e-18
-9.50177e-18
-3.59072e-20
5.34367e-21
4.89531e-20
9.83633e-20
1.57513e-19
2.34608e-19
3.2822e-19
4.44853e-19
5.93406e-19
7.88973e-19
1.02286e-18
1.20365e-18
9.96928e-19
-1.36933e-20
-2.07927e-18
-5.31055e-18
-9.68234e-18
-1.47178e-17
-1.69738e-17
-4.35532e-17
1.68179e-19
-2.76918e-20
-2.27545e-19
-4.65294e-19
-7.60117e-19
-1.13734e-18
-1.59286e-18
-2.14688e-18
-2.85482e-18
-3.78931e-18
-4.86079e-18
-5.27629e-18
-2.91608e-18
4.09939e-18
1.61617e-17
3.25382e-17
5.00983e-17
5.59524e-17
1.27675e-17
-1.00199e-16
-1.001e-18
-2.70582e-19
6.80584e-19
1.89993e-18
3.49947e-18
5.56371e-18
8.08063e-18
1.09391e-17
1.40863e-17
1.80868e-17
2.31092e-17
2.14271e-17
1.64215e-18
-4.19266e-17
-1.06534e-16
-1.79846e-16
-2.18474e-16
-1.1285e-16
2.58017e-16
6.45259e-16
5.31649e-18
3.99768e-18
3.98763e-19
-4.92288e-18
-1.25131e-17
-2.28454e-17
-3.57147e-17
-5.06418e-17
-6.9108e-17
-9.49226e-17
-1.1525e-16
-7.88715e-17
8.11748e-17
3.72886e-16
7.19852e-16
9.26616e-16
6.29199e-16
-4.66254e-16
-2.01185e-15
-2.63832e-15
-2.24968e-17
-2.60804e-17
-1.60047e-17
3.44119e-18
3.52239e-17
8.22524e-17
1.42298e-16
2.09367e-16
2.7331e-16
3.48596e-16
4.9621e-16
6.4579e-16
1.25648e-16
-1.77514e-15
-3.92437e-15
-3.65617e-15
-5.11253e-16
3.73082e-15
1.06515e-14
1.73331e-14
8.12643e-17
1.328e-16
1.17071e-16
5.61275e-17
-7.00632e-17
-2.87462e-16
-5.61119e-16
-8.41485e-16
-1.01117e-15
-1.18264e-15
-1.30133e-15
-1.404e-15
-2.49362e-15
-4.04599e-15
1.68944e-15
2.23505e-14
3.61441e-14
-1.11155e-14
-1.2953e-13
-1.66974e-13
-2.69002e-16
-5.91204e-16
-6.17189e-16
-4.5038e-16
4.44423e-17
1.15596e-15
2.53923e-15
3.66389e-15
4.09306e-15
4.32615e-15
4.64349e-15
5.02962e-15
5.30438e-15
5.23491e-15
7.7448e-15
2.2471e-14
1.52012e-14
-1.6725e-13
-5.80095e-13
-8.71251e-13
8.96836e-16
2.58207e-15
2.88628e-15
2.46988e-15
5.25198e-16
-6.03606e-15
-1.23658e-14
-1.59343e-14
-1.6896e-14
-1.75246e-14
-1.7503e-14
-1.83599e-14
-1.99417e-14
-2.20668e-14
-2.48286e-14
-2.69041e-14
-3.00575e-14
-5.45728e-14
4.81511e-14
4.11008e-13
-2.85716e-15
-1.14939e-14
-1.25445e-14
-1.15379e-14
-4.66652e-15
3.72976e-14
6.19207e-14
6.88233e-14
6.81832e-14
7.04094e-14
6.53607e-14
6.81383e-14
7.45491e-14
8.38723e-14
9.7694e-14
1.0712e-13
1.25695e-13
1.5075e-13
1.09368e-13
4.75766e-12
8.05893e-15
5.19572e-14
5.14465e-14
4.8652e-14
3.15619e-14
-2.1384e-13
-2.50415e-13
-2.53447e-13
-2.64046e-13
-2.78673e-13
-2.55193e-13
-2.65105e-13
-2.85927e-13
-3.25977e-13
-3.90563e-13
-4.32221e-13
-5.23167e-13
-5.99602e-13
-8.95183e-13
1.555e-11
-1.73644e-14
-2.29358e-13
-1.9644e-13
-1.83779e-13
-1.72607e-13
8.38462e-13
7.38883e-13
7.4014e-13
8.59559e-13
8.5232e-13
8.97052e-13
9.4007e-13
9.77404e-13
1.11391e-12
1.31082e-12
1.48869e-12
1.76608e-12
2.01528e-12
4.79256e-12
2.61208e-11
1.3465e-14
7.34358e-13
5.30968e-13
4.32816e-13
6.00882e-13
1.54615e-12
1.19767e-12
1.05079e-12
1.0862e-12
1.15056e-12
1.05527e-12
1.06228e-12
1.13922e-12
1.28515e-12
1.54322e-12
1.70857e-12
1.99656e-12
2.15333e-12
3.75944e-12
7.1447e-12
1.01848e-13
2.7682e-12
2.09868e-12
2.04636e-12
1.98678e-12
3.03326e-12
2.84876e-12
2.53341e-12
2.49703e-12
2.57473e-12
2.6461e-12
2.73927e-12
2.79795e-12
2.93011e-12
3.32781e-12
3.44406e-12
3.92726e-12
4.55672e-12
6.20598e-12
1.16885e-11
1.32757e-13
3.52287e-12
3.44758e-12
3.28677e-12
3.18768e-12
3.9076e-12
4.10801e-12
3.95292e-12
3.75545e-12
3.72294e-12
3.76451e-12
3.84924e-12
3.95543e-12
4.12953e-12
4.34111e-12
4.50353e-12
4.81142e-12
5.30823e-12
6.56757e-12
1.13023e-11
4.78557e-24
-5.18399e-24
-1.75366e-23
-3.22228e-23
-4.78546e-23
-6.03188e-23
-5.85255e-23
-2.87957e-23
2.2241e-23
3.69649e-23
-1.10715e-22
-6.14183e-22
-1.72677e-21
-3.71536e-21
-6.56149e-21
-9.04671e-21
-7.79934e-21
7.02506e-22
1.25566e-20
1.13932e-20
-2.26629e-23
-3.27362e-24
1.8022e-23
4.68684e-23
8.97178e-23
1.51916e-22
2.50035e-22
3.8361e-22
4.7564e-22
3.95829e-22
2.2304e-22
4.61709e-22
1.52176e-21
3.40229e-21
8.38729e-21
2.14734e-20
3.0885e-20
-3.06742e-20
-2.69623e-19
-5.40783e-19
9.07208e-23
-2.71155e-23
-1.55294e-22
-2.81912e-22
-4.30018e-22
-6.18147e-22
-8.61799e-22
-1.22145e-21
-1.80599e-21
-2.65989e-21
-3.90881e-21
-5.13254e-21
1.41361e-21
4.11832e-20
1.30334e-19
1.78567e-19
-8.02734e-20
-9.65134e-19
-2.46507e-18
-2.97194e-18
-3.93122e-22
1.42087e-23
4.9364e-22
1.015e-21
1.65615e-21
2.47646e-21
3.48203e-21
4.63862e-21
5.88909e-21
7.36548e-21
9.53746e-21
1.12784e-20
1.24404e-20
4.78405e-20
2.14357e-19
3.57515e-19
-3.78404e-19
-2.34975e-18
-3.70358e-18
-1.94311e-18
1.70682e-21
-1.7547e-22
-2.37929e-21
-4.6711e-21
-7.36812e-21
-1.08487e-20
-1.51087e-20
-2.04026e-20
-2.72077e-20
-3.57773e-20
-4.57524e-20
-5.62294e-20
-6.03067e-20
-3.56121e-20
8.28563e-20
3.59461e-19
5.10492e-19
-1.45543e-18
-5.09058e-18
2.7884e-19
-7.68183e-21
7.74348e-22
1.05249e-20
2.10108e-20
3.34254e-20
4.95318e-20
6.90482e-20
9.31681e-20
1.23448e-19
1.62168e-19
2.08793e-19
2.54917e-19
2.54754e-19
1.36713e-19
-1.61034e-19
-6.86623e-19
-1.50343e-18
-2.84912e-18
-2.5898e-18
9.50177e-18
3.59072e-20
-5.34367e-21
-4.89531e-20
-9.83633e-20
-1.57513e-19
-2.34608e-19
-3.2822e-19
-4.44853e-19
-5.93406e-19
-7.88973e-19
-1.02286e-18
-1.20365e-18
-9.96928e-19
1.36933e-20
2.07927e-18
5.31055e-18
9.68234e-18
1.47178e-17
1.69738e-17
4.35532e-17
-1.68179e-19
2.76918e-20
2.27545e-19
4.65294e-19
7.60117e-19
1.13734e-18
1.59286e-18
2.14688e-18
2.85482e-18
3.78931e-18
4.86079e-18
5.27629e-18
2.91608e-18
-4.09939e-18
-1.61617e-17
-3.25382e-17
-5.00983e-17
-5.59524e-17
-1.27675e-17
1.00199e-16
1.001e-18
2.70582e-19
-6.80584e-19
-1.89993e-18
-3.49947e-18
-5.56371e-18
-8.08063e-18
-1.09391e-17
-1.40863e-17
-1.80868e-17
-2.31092e-17
-2.14271e-17
-1.64215e-18
4.19266e-17
1.06534e-16
1.79846e-16
2.18474e-16
1.1285e-16
-2.58017e-16
-6.45259e-16
-5.31649e-18
-3.99768e-18
-3.98763e-19
4.92288e-18
1.25131e-17
2.28454e-17
3.57147e-17
5.06418e-17
6.9108e-17
9.49226e-17
1.1525e-16
7.88715e-17
-8.11748e-17
-3.72886e-16
-7.19852e-16
-9.26616e-16
-6.29199e-16
4.66254e-16
2.01185e-15
2.63832e-15
2.24968e-17
2.60804e-17
1.60047e-17
-3.44119e-18
-3.52239e-17
-8.22524e-17
-1.42298e-16
-2.09367e-16
-2.7331e-16
-3.48596e-16
-4.9621e-16
-6.4579e-16
-1.25648e-16
1.77514e-15
3.92437e-15
3.65617e-15
5.11253e-16
-3.73082e-15
-1.06515e-14
-1.73331e-14
-8.12643e-17
-1.328e-16
-1.17071e-16
-5.61275e-17
7.00632e-17
2.87462e-16
5.61119e-16
8.41485e-16
1.01117e-15
1.18264e-15
1.30133e-15
1.404e-15
2.49362e-15
4.04599e-15
-1.68944e-15
-2.23505e-14
-3.61441e-14
1.11155e-14
1.2953e-13
1.66974e-13
2.69002e-16
5.91204e-16
6.17189e-16
4.5038e-16
-4.44423e-17
-1.15596e-15
-2.53923e-15
-3.66389e-15
-4.09306e-15
-4.32615e-15
-4.64349e-15
-5.02962e-15
-5.30438e-15
-5.23491e-15
-7.7448e-15
-2.2471e-14
-1.52012e-14
1.6725e-13
5.80095e-13
8.71251e-13
-8.96836e-16
-2.58207e-15
-2.88628e-15
-2.46988e-15
-5.25198e-16
6.03606e-15
1.23658e-14
1.59343e-14
1.6896e-14
1.75246e-14
1.7503e-14
1.83599e-14
1.99417e-14
2.20668e-14
2.48286e-14
2.69041e-14
3.00575e-14
5.45728e-14
-4.81511e-14
-4.11008e-13
2.85716e-15
1.14939e-14
1.25445e-14
1.15379e-14
4.66652e-15
-3.72976e-14
-6.19207e-14
-6.88233e-14
-6.81832e-14
-7.04094e-14
-6.53607e-14
-6.81383e-14
-7.45491e-14
-8.38723e-14
-9.7694e-14
-1.0712e-13
-1.25695e-13
-1.5075e-13
-1.09368e-13
-4.75766e-12
-8.05893e-15
-5.19572e-14
-5.14465e-14
-4.8652e-14
-3.15619e-14
2.1384e-13
2.50415e-13
2.53447e-13
2.64046e-13
2.78673e-13
2.55193e-13
2.65105e-13
2.85927e-13
3.25977e-13
3.90563e-13
4.32221e-13
5.23167e-13
5.99602e-13
8.95183e-13
-1.555e-11
1.73644e-14
2.29358e-13
1.9644e-13
1.83779e-13
1.72607e-13
-8.38462e-13
-7.38883e-13
-7.4014e-13
-8.59559e-13
-8.5232e-13
-8.97052e-13
-9.4007e-13
-9.77404e-13
-1.11391e-12
-1.31082e-12
-1.48869e-12
-1.76608e-12
-2.01528e-12
-4.79256e-12
-2.61208e-11
-1.3465e-14
-7.34358e-13
-5.30968e-13
-4.32816e-13
-6.00882e-13
-1.54615e-12
-1.19767e-12
-1.05079e-12
-1.0862e-12
-1.15056e-12
-1.05527e-12
-1.06228e-12
-1.13922e-12
-1.28515e-12
-1.54322e-12
-1.70857e-12
-1.99656e-12
-2.15333e-12
-3.75944e-12
-7.1447e-12
-1.01848e-13
-2.7682e-12
-2.09868e-12
-2.04636e-12
-1.98678e-12
-3.03326e-12
-2.84876e-12
-2.53341e-12
-2.49703e-12
-2.57473e-12
-2.6461e-12
-2.73927e-12
-2.79795e-12
-2.93011e-12
-3.32781e-12
-3.44406e-12
-3.92726e-12
-4.55672e-12
-6.20598e-12
-1.16885e-11
-1.32757e-13
-3.52287e-12
-3.44758e-12
-3.28677e-12
-3.18768e-12
-3.9076e-12
-4.10801e-12
-3.95292e-12
-3.75545e-12
-3.72294e-12
-3.76451e-12
-3.84924e-12
-3.95543e-12
-4.12953e-12
-4.34111e-12
-4.50353e-12
-4.81142e-12
-5.30823e-12
-6.56757e-12
-1.13023e-11
)
;
    }
}


// ************************************************************************* //
